0.0768501758575 0.0341069698334
0.0683860778809 0.0326600074768
0.0663199424744 0.0315110683441
0.0658259391785 0.030965089798
0.0714180469513 0.0358958244324
0.0663108825684 0.0314259529114
0.0698838233948 0.0328769683838
0.0645921230316 0.0299370288849
0.0677900314331 0.0306260585785
0.0666749477386 0.0316410064697
0.0721158981323 0.0349850654602
0.066291809082 0.0317039489746
0.0638909339905 0.0290629863739
0.0644779205322 0.0296471118927
0.0856409072876 0.0487320423126
0.0656909942627 0.0309629440308
0.0637261867523 0.0287759304047
0.0658571720123 0.0308568477631
0.0721828937531 0.0351450443268
0.0732629299164 0.0355761051178
0.084056854248 0.0363609790802
0.0726552009583 0.0361299514771
0.0687799453735 0.031867980957
0.065288066864 0.0306241512299
0.0773000717163 0.0422329902649
0.0932378768921 0.046621799469
0.103641033173 0.0502018928528
0.098680973053 0.0552270412445
0.0678520202637 0.029932975769
0.0675609111786 0.0325558185577
0.0779500007629 0.040815114975
0.0948448181152 0.0491988658905
0.0878269672394 0.0446150302887
0.0857200622559 0.0453841686249
0.0836298465729 0.0374689102173
0.064756155014 0.0301959514618
0.0686399936676 0.0335531234741
0.0675919055939 0.0315539836884
0.0712089538574 0.0333480834961
0.0669660568237 0.0316672325134
0.0671401023865 0.0309638977051
0.0674381256104 0.0311210155487
0.0715298652649 0.03449010849
0.0692729949951 0.0328319072723
0.0666279792786 0.0315198898315
0.0659930706024 0.0310878753662
0.0718111991882 0.0348479747772
0.0657939910889 0.0304980278015
0.0657248497009 0.0302519798279
0.0664389133453 0.0308239459991
0.072695016861 0.0333380699158
0.0684058666229 0.0329351425171
0.0653221607208 0.0299580097198
0.0676851272583 0.0322639942169
0.0715630054474 0.0338461399078
0.065878868103 0.0312030315399
0.0661249160767 0.0311379432678
0.0667161941528 0.030345916748
0.0704550743103 0.0335240364075
0.0666761398315 0.0314898490906
0.066349029541 0.030974149704
0.0653300285339 0.0298700332642
0.071918964386 0.0341379642487
0.0673830509186 0.0306091308594
0.0673978328705 0.0309159755707
0.0656881332397 0.0307588577271
0.0730559825897 0.0360939502716
0.066554069519 0.0317490100861
0.0656270980835 0.0306220054626
0.0651888847351 0.0303502082825
0.0715870857239 0.0345239639282
0.067437171936 0.0313198566437
0.067241191864 0.0317368507385
0.0665640830994 0.0307891368866
0.0732810497284 0.0353410243988
0.0660610198975 0.0308418273926
0.06623005867 0.0308871269226
0.0662679672241 0.0314290523529
0.0729198455811 0.033910036087
0.0651478767395 0.0302710533142
0.0933749675751 0.0492768287659
0.092236995697 0.0507831573486
0.0990068912506 0.0524260997772
0.0829350948334 0.0394201278687
0.0680329799652 0.0316159725189
0.0694298744202 0.0308291912079
0.0913860797882 0.0489490032196
0.0915949344635 0.0486979484558
0.0922710895538 0.0469360351562
0.0938191413879 0.0498731136322
0.0726749897003 0.0334100723267
0.0672659873962 0.0316460132599
0.0659921169281 0.0310060977936
0.0672590732574 0.0316638946533
0.0723731517792 0.0351440906525
0.069020986557 0.0311970710754
0.0677621364594 0.0328638553619
0.0660040378571 0.0310151576996
0.0709588527679 0.0338618755341
0.0657091140747 0.0305030345917
0.0665378570557 0.0310659408569
0.0674910545349 0.0319230556488
0.0701720714569 0.033215045929
0.0694010257721 0.0346071720123
0.0666100978851 0.0310750007629
0.0664439201355 0.0309879779816
0.0718150138855 0.0340020656586
0.0647618770599 0.0299489498138
0.0662829875946 0.0307989120483
0.0662879943848 0.031543970108
0.0734841823578 0.0365028381348
0.065603017807 0.0308828353882
0.0665831565857 0.0309009552002
0.0663170814514 0.0311942100525
0.0703730583191 0.0333499908447
0.0660660266876 0.0312571525574
0.0656781196594 0.0305099487305
0.0698301792145 0.0349178314209
0.0729541778564 0.0359649658203
0.0665991306305 0.0320308208466
0.066458940506 0.0316638946533
0.066241979599 0.0313279628754
0.070033788681 0.033066034317
0.0655150413513 0.0302441120148
0.0668048858643 0.0312600135803
0.0654988288879 0.0299959182739
0.072429895401 0.033919095993
0.0707008838654 0.0315790176392
0.0734457969666 0.0379359722137
0.0667798519135 0.0318510532379
0.0726659297943 0.0336449146271
0.0663709640503 0.0314290523529
0.0664889812469 0.0314631462097
0.065248966217 0.0302159786224
0.0704929828644 0.0333850383759
0.0863671302795 0.0491709709167
0.0928430557251 0.0500910282135
0.0932528972626 0.0492820739746
0.121646165848 0.0721960067749
0.0665969848633 0.0310180187225
0.0715811252594 0.0315639972687
0.0841670036316 0.0438029766083
0.100157976151 0.0517539978027
0.0950891971588 0.052402973175
0.0953280925751 0.0491218566895
0.0788519382477 0.0409541130066
0.0709400177002 0.0330300331116
0.0657591819763 0.0308089256287
0.0669519901276 0.0318779945374
0.0664739608765 0.0315701961517
0.0709929466248 0.033707857132
0.0804228782654 0.0389969348907
0.0666010379791 0.0297629833221
0.06525182724 0.0298960208893
0.0710098743439 0.0339848995209
0.0653419494629 0.0305409431458
0.0648980140686 0.0295429229736
0.0652270317078 0.0300679206848
0.0705599784851 0.0335690975189
0.0662100315094 0.0309121608734
0.0664699077606 0.0310628414154
0.0669410228729 0.0314779281616
0.071809053421 0.0340831279755
0.0659708976746 0.0307130813599
0.0647389888763 0.0298848152161
0.0660741329193 0.0311968326569
0.0708069801331 0.0337319374084
0.0673069953918 0.0321760177612
0.0656890869141 0.030378818512
0.065749168396 0.0304119586945
0.0708391666412 0.0330789089203
0.0655879974365 0.0305609703064
0.0658528804779 0.0310480594635
0.0668740272522 0.0312988758087
0.0711379051208 0.0341339111328
0.0661370754242 0.030858039856
0.065505027771 0.030168056488
0.0669679641724 0.0316219329834
0.0714449882507 0.033812046051
0.0649969577789 0.0302348136902
0.0659871101379 0.0311899185181
0.0650370121002 0.0300040245056
0.0709710121155 0.0339269638062
0.0653719902039 0.0305969715118
0.0658700466156 0.0310349464417
0.0653669834137 0.0299348831177
0.0710270404816 0.0339970588684
0.066997051239 0.0323009490967
0.0665760040283 0.0316808223724
0.0670030117035 0.0319740772247
0.0849938392639 0.0475051403046
0.0917210578918 0.0489859580994
0.0913379192352 0.0500800609589
0.0921900272369 0.0485849380493
0.0742621421814 0.0343379974365
0.0684180259705 0.0330100059509
0.0821039676666 0.0464999675751
0.0906319618225 0.0465488433838
0.0998101234436 0.0556788444519
0.090255022049 0.0457918643951
