2.05818414688 2.03291797638
1.59451889992 1.57380604744
2.09049582481 2.06989407539
1.96657109261 1.94606280327
1.90311408043 1.88262295723
2.39859294891 2.36948108673
2.3178999424 2.29710507393
2.36584091187 2.34348797798
2.07830286026 2.05774307251
1.95227885246 1.93098497391
1.87211298943 1.85164690018
1.6122648716 1.59038496017
2.56995487213 2.54937696457
1.7921769619 1.77048897743
1.35973596573 1.33933115005
1.91806507111 1.8948662281
1.98665714264 1.96649193764
2.04275298119 2.02069783211
1.93032813072 1.90945887566
1.69633293152 1.67589712143
2.8334710598 2.81174898148
1.76422810555 1.7418820858
1.92306900024 1.89815402031
2.44951200485 2.42728686333
1.73396706581 1.71365499496
2.3418970108 2.32148194313
1.53053212166 1.51004886627
1.9833958149 1.95514011383
2.17116713524 2.15065193176
1.74083209038 1.71866202354
2.11477899551 2.09366703033
2.28730010986 2.2667350769
2.10489797592 2.08441019058
2.16315603256 2.14152407646
2.2642018795 2.2436580658
1.92674303055 1.90465497971
2.17191100121 2.15130019188
1.8648481369 1.84432291985
1.70321297646 1.68265390396
2.23630094528 2.21480512619
1.81311702728 1.79270505905
2.44301104546 2.42117500305
1.80570316315 1.78518795967
1.93149399757 1.91072893143
3.00999498367 2.98434591293
2.15580916405 2.13385605812
2.2098338604 2.18722295761
1.5985519886 1.57677006721
1.8452091217 1.82455897331
1.55039596558 1.52970814705
1.86458396912 1.84429192543
2.23412299156 2.21268796921
1.34175205231 1.32132983208
1.80988693237 1.7885260582
1.78292298317 1.76209497452
2.03651094437 2.01608085632
2.04626202583 2.02581095695
1.60182285309 1.57567691803
1.82811188698 1.80757212639
2.07354688644 2.05227804184
1.46105790138 1.44040894508
1.35767102242 1.33725905418
2.27382707596 2.25345993042
1.72032594681 1.69947195053
1.9426510334 1.92239499092
2.46681284904 2.43934607506
1.39592695236 1.37538099289
1.84790110588 1.82761096954
2.37855815887 2.3578710556
1.75379300117 1.73270893097
1.98107385635 1.95551300049
1.90818691254 1.8860309124
2.18130707741 2.16068291664
1.78377199173 1.76339197159
1.73519992828 1.71478009224
2.17364501953 2.15272307396
1.91489696503 1.89449715614
1.85719895363 1.83598899841
2.08587288857 2.06263899803
1.67931103706 1.65876984596
2.09524106979 2.07513904572
2.50742316246 2.48631000519
2.0502910614 2.02984881401
1.48398709297 1.4626750946
1.8508579731 1.83021402359
2.2442150116 2.22372603416
1.85805106163 1.83769607544
2.30594182014 2.28470206261
1.7548160553 1.73433804512
1.60256004333 1.5813639164
1.86620211601 1.84569692612
2.18874001503 2.16685414314
2.12597703934 2.10572314262
2.15006685257 2.12465500832
1.72665715218 1.7060739994
1.57852697372 1.55728006363
2.07767701149 2.0569961071
2.34354186058 2.32302498817
2.01010298729 1.9854080677
1.53787684441 1.51675987244
2.10257792473 2.08217692375
1.94268798828 1.91953706741
1.57079315186 1.55010795593
1.9374358654 1.91314411163
2.00890302658 1.98858594894
1.90753817558 1.88627386093
1.75108289719 1.72688508034
1.63878798485 1.61744499207
2.57915210724 2.55854582787
2.23359680176 2.21285700798
2.80715107918 2.78650212288
2.11701202393 2.09595108032
2.31665682793 2.29637289047
1.99852800369 1.97675180435
1.70660114288 1.68579602242
2.39851117134 2.37300992012
1.68126416206 1.66065502167
1.97523188591 1.9540541172
1.70224189758 1.68181920052
1.93524098396 1.91401410103
2.47880196571 2.45400595665
1.74527406693 1.72472500801
2.00048804283 1.97987008095
1.95765519142 1.93674397469
1.99501109123 1.97459793091
2.00603199005 1.98422288895
1.72137379646 1.70088100433
1.8754389286 1.85504698753
2.00485014915 1.98397898674
2.23482394218 2.21388816833
1.75058817863 1.72303390503
1.8794028759 1.85814499855
2.0366859436 2.01626014709
1.94512200356 1.92399001122
1.72961878777 1.70931601524
2.62704205513 2.60609102249
1.46152806282 1.44101595879
1.72155404091 1.70029997826
2.39860701561 2.3730969429
2.04645395279 2.02601099014
2.29598784447 2.27129197121
1.91743302345 1.8964779377
1.69877195358 1.67726016045
1.96530008316 1.94400501251
1.60391712189 1.58329296112
1.78724503517 1.76688313484
1.63037705421 1.61003398895
1.67224979401 1.65130805969
2.3701608181 2.34984993935
1.8514020443 1.83006691933
2.20022201538 2.17967987061
1.61028409004 1.5898399353
1.68656802177 1.66623520851
2.05233883858 2.02714395523
1.92434096336 1.90393710136
1.61098217964 1.589605093
2.39591908455 2.3708357811
1.53905487061 1.5187830925
1.94927191734 1.92740511894
1.48632001877 1.46543598175
1.77710580826 1.75671195984
1.84420204163 1.82068896294
1.92470693588 1.90405416489
1.61513876915 1.59454894066
1.79850912094 1.77777194977
1.75105285645 1.7300760746
1.59492707253 1.57451295853
1.97373700142 1.94714808464
1.59886479378 1.57837605476
1.41375899315 1.39344596863
2.30225920677 2.27975797653
2.06689095497 2.04488492012
2.24417591095 2.22390794754
1.89323711395 1.8719189167
2.15191292763 2.13125801086
1.94436907768 1.92077708244
1.88444399834 1.86332201958
2.03708219528 2.01529884338
1.57375216484 1.5532078743
1.66017389297 1.63896512985
2.09094810486 2.06603503227
1.80720496178 1.78675794601
1.90261602402 1.88226795197
1.58138394356 1.5561170578
2.17691302299 2.1542429924
1.93032813072 1.90897703171
1.90418314934 1.88362789154
2.39217495918 2.37159490585
1.7614979744 1.74111890793
1.77510094643 1.75387406349
2.17196917534 2.15159606934
1.91401791573 1.89265608788
1.77345490456 1.75292491913
2.0199649334 1.99966406822
1.83817887306 1.8180270195
1.68408608437 1.66287517548
1.89970517159 1.87934279442
1.78930306435 1.76800990105
2.01619100571 1.99577212334
1.87457799911 1.85414195061
