2 0 2 0 0
2 1 2 0 0
2 2 1 0 0
2 3 2 0 0
2 4 2 0 0
2 5 2 0 0
2 6 1 0 0
2 7 1 0 0
2 8 1 0 0
2 9 2 0 0
2 10 2 0 0
2 11 1 0 0
2 12 1 0 0
2 13 1 0 0
2 14 1 0 0
2 15 1 0 0
2 16 1 0 0
2 17 2 0 0
2 18 1 0 0
2 19 2 0 0
2 20 2 0 0
2 21 1 0 0
2 22 1 0 0
2 23 1 0 0
2 24 1 0 0
2 25 1 0 0
2 26 2 0 0
2 27 1 0 0
2 28 1 0 0
2 29 1 0 0
2 30 2 0 0
2 31 1 0 0
2 32 2 0 0
2 33 2 0 0
2 34 2 0 0
2 35 1 0 0
2 36 1 0 0
2 37 1 0 0
2 38 1 0 0
2 39 2 0 0
2 40 2 0 0
2 41 1 0 0
2 42 2 0 0
2 43 1 0 0
2 44 2 0 0
2 45 2 0 0
2 46 2 0 0
2 47 2 0 0
2 48 2 0 0
2 49 2 0 0
2 50 1 0 0
2 51 1 0 0
2 52 1 0 0
2 53 2 0 0
2 54 2 0 0
2 55 1 0 0
2 56 1 0 0
2 57 1 0 0
2 58 2 0 0
2 59 2 0 0
2 60 2 0 0
2 61 1 0 0
2 62 2 0 0
2 63 2 0 0
2 64 1 0 0
2 65 2 0 0
2 66 2 0 0
2 67 1 0 0
2 68 2 0 0
2 69 2 0 0
2 70 2 0 0
2 71 2 0 0
2 72 2 0 0
2 73 2 0 0
2 74 1 0 0
2 75 1 0 0
2 76 1 0 0
2 77 2 0 0
2 78 1 0 0
2 79 2 0 0
2 80 2 0 0
2 81 2 0 0
2 82 1 0 0
2 83 2 0 0
2 84 2 0 0
2 85 1 0 0
2 86 2 0 0
2 87 2 0 0
2 88 2 0 0
2 89 1 0 0
2 90 2 0 0
2 91 2 0 0
2 92 1 0 0
2 93 1 0 0
2 94 2 0 0
2 95 2 0 0
2 96 1 0 0
2 97 1 0 0
2 98 1 0 0
2 99 1 0 0
2 100 1 0 0
2 101 2 0 0
2 102 2 0 0
2 103 2 0 0
2 104 2 0 0
2 105 2 0 0
2 106 2 0 0
2 107 1 0 0
2 108 2 0 0
2 109 2 0 0
2 110 2 0 0
2 111 2 0 0
2 112 1 0 0
2 113 1 0 0
2 114 2 0 0
2 115 2 0 0
2 116 2 0 0
2 117 1 0 0
2 118 1 0 0
2 119 1 0 0
2 120 2 0 0
2 121 1 0 0
2 122 2 0 0
2 123 1 0 0
2 124 1 0 0
2 125 2 0 0
2 126 2 0 0
2 127 1 0 0
2 128 1 0 0
2 129 1 0 0
2 130 2 0 0
2 131 1 0 0
2 132 2 0 0
2 133 2 0 0
2 134 2 0 0
2 135 1 0 0
2 136 2 0 0
2 137 1 0 0
2 138 2 0 0
2 139 2 0 0
2 140 1 0 0
2 141 1 0 0
2 142 2 0 0
2 143 1 0 0
2 144 1 0 0
2 145 2 0 0
2 146 1 0 0
2 147 2 0 0
2 148 1 0 0
2 149 2 0 0
2 150 2 0 0
2 151 1 0 0
2 152 1 0 0
2 153 1 0 0
2 154 2 0 0
2 155 1 0 0
2 156 1 0 0
2 157 1 0 0
2 158 2 0 0
2 159 2 0 0
2 160 1 0 0
2 161 2 0 0
2 162 1 0 0
2 163 1 0 0
2 164 1 0 0
2 165 2 0 0
2 166 1 0 0
2 167 1 0 0
2 168 1 0 0
2 169 2 0 0
2 170 2 0 0
2 171 2 0 0
2 172 2 0 0
2 173 1 0 0
2 174 2 0 0
2 175 2 0 0
2 176 2 0 0
2 177 0 1 0
2 178 0 1 0
2 179 1 0 0
2 180 1 0 0
2 181 1 0 0
2 182 1 0 0
2 183 1 0 0
2 184 1 0 0
2 185 1 0 0
2 186 1 0 0
2 187 1 0 0
2 188 1 0 0
2 189 1 0 0
2 190 2 0 0
2 191 2 0 0
2 192 2 0 0
2 193 2 0 0
2 194 1 0 0
2 195 2 0 0
2 196 2 0 0
2 197 1 0 0
2 198 1 0 0
2 199 2 0 0
2 200 2 0 0
2 201 2 0 0
2 202 2 0 0
2 203 2 0 0
2 204 2 0 0
2 205 2 0 0
2 206 2 0 0
2 207 1 0 0
2 208 1 0 0
2 209 2 0 0
2 210 1 0 0
1 211 1 0 0
1 212 1 0 0
1 213 1 0 0
1 214 1 0 0
1 215 1 0 0
1 216 1 0 0
1 217 1 0 0
1 218 1 0 0
1 219 1 0 0
1 220 1 0 0
1 221 1 0 0
1 222 1 0 0
1 223 1 0 0
1 224 1 0 0
1 225 1 0 0
1 226 1 0 0
1 227 1 0 0
1 228 1 0 0
1 229 0 1 0
1 230 0 1 0
1 231 0 1 0
1 232 1 0 0
1 233 1 0 0
1 234 1 1 0
1 235 1 0 0
1 236 1 0 0
1 237 1 0 0
1 238 1 0 0
1 239 1 0 0
1 240 1 0 0
1 241 1 0 0
1 242 1 0 0
1 243 1 0 0
1 244 0 1 0
2 245 1 0 0
2 246 2 0 0
2 247 2 0 0
2 248 2 0 0
2 249 1 0 0
2 250 1 0 0
2 251 1 0 0
2 252 1 0 0
2 253 1 0 0
2 254 1 0 0
2 255 1 0 0
2 256 2 0 0
2 257 2 0 0
2 258 1 0 0
2 259 1 0 0
2 260 2 0 0
2 261 2 0 0
2 262 2 0 0
2 263 2 0 0
2 264 2 0 0
2 265 1 0 0
2 266 1 0 0
2 267 1 0 0
2 268 2 0 0
2 269 1 0 0
2 270 2 0 0
2 271 2 0 0
2 272 2 0 0
2 273 2 0 0
2 274 2 0 0
2 275 1 0 0
2 276 2 0 0
2 277 1 0 0
2 278 2 0 0
2 279 1 0 0
2 280 1 0 0
2 281 1 0 0
2 282 1 0 0
2 283 2 0 0
2 284 2 0 0
2 285 2 0 0
2 286 2 0 0
2 287 1 0 0
2 288 2 0 0
2 289 1 0 0
2 290 1 0 0
2 291 1 0 0
2 292 1 0 0
2 293 1 0 0
2 294 2 0 0
2 295 2 0 0
2 296 2 0 0
2 297 1 0 0
2 298 1 0 0
2 299 2 0 0
2 300 1 0 0
2 301 2 0 0
2 302 2 0 0
2 303 2 0 0
2 304 1 0 0
2 305 2 0 0
2 306 1 0 0
2 307 1 0 0
2 308 2 0 0
2 309 2 0 0
2 310 2 0 0
2 311 1 0 0
2 312 1 0 0
2 313 2 0 0
2 314 1 0 0
2 315 1 0 0
2 316 2 0 0
2 317 1 0 0
2 318 2 0 0
2 319 2 0 0
2 320 2 0 0
2 321 1 0 0
2 322 2 0 0
2 323 2 0 0
2 324 1 0 0
2 325 1 0 0
2 326 1 0 0
2 327 2 0 0
2 328 2 0 0
2 329 1 0 0
2 330 1 0 0
2 331 1 0 0
2 332 2 0 0
2 333 2 0 0
2 334 2 0 0
2 335 1 0 0
2 336 2 0 0
2 337 1 0 0
2 338 2 0 0
2 339 2 0 0
2 340 1 0 0
2 341 1 0 0
2 342 2 0 0
2 343 2 0 0
2 344 1 0 0
2 345 2 0 0
2 346 1 0 0
2 347 2 0 0
2 348 2 0 0
2 349 1 0 0
2 350 2 0 0
2 351 1 0 0
2 352 1 0 0
2 353 1 0 0
2 354 2 0 0
2 355 2 0 0
2 356 1 0 0
2 357 1 0 0
2 358 1 0 0
2 359 2 0 0
2 360 2 0 0
2 361 2 0 0
2 362 1 0 0
2 363 1 0 0
2 364 1 0 0
2 365 1 0 0
2 366 1 0 0
2 367 1 0 0
2 368 2 0 0
2 369 2 0 0
2 370 1 0 0
2 371 1 0 0
2 372 1 0 0
2 373 1 0 0
2 374 1 0 0
2 375 2 0 0
2 376 2 0 0
2 377 2 0 0
2 378 1 0 0
2 379 2 0 0
2 380 1 0 0
2 381 2 0 0
2 382 2 0 0
2 383 2 0 0
2 384 1 0 0
2 385 1 0 0
2 386 2 0 0
2 387 2 0 0
2 388 1 0 0
2 389 2 0 0
2 390 1 0 0
2 391 1 0 0
2 392 1 0 0
2 393 1 0 0
2 394 1 0 0
2 395 1 0 0
2 396 2 0 0
2 397 1 0 0
2 398 1 0 0
2 399 1 0 0
2 400 1 0 0
2 401 1 0 0
2 402 1 0 0
2 403 1 0 0
2 404 2 0 0
2 405 2 0 0
2 406 2 0 0
2 407 2 0 0
2 408 1 0 0
2 409 1 0 0
2 410 1 0 0
2 411 1 0 0
2 412 2 0 0
2 413 1 0 0
2 414 2 0 0
2 415 1 0 0
2 416 1 0 0
2 417 2 0 0
2 418 1 0 0
2 419 1 0 0
2 420 1 0 0
2 421 2 0 0
2 422 1 0 0
2 423 2 0 0
2 424 1 0 0
2 425 1 0 0
2 426 2 0 0
2 427 1 0 0
2 428 1 0 0
2 429 2 0 0
2 430 2 0 0
2 431 1 0 0
2 432 2 0 0
2 433 2 0 0
2 434 1 0 0
2 435 1 0 0
2 436 1 0 0
2 437 1 0 0
2 438 1 0 0
2 439 1 0 0
2 440 1 0 0
2 441 1 0 0
2 442 1 0 0
2 443 1 0 0
2 444 2 0 0
2 445 2 0 0
2 446 2 0 0
2 447 1 0 0
2 448 2 0 0
2 449 1 0 0
2 450 1 0 0
2 451 1 0 0
2 452 1 0 0
2 453 1 0 0
2 454 1 0 0
2 455 1 0 0
2 456 1 0 0
2 457 1 0 0
2 458 2 0 0
2 459 1 0 0
2 460 1 0 0
2 461 1 0 0
2 462 1 0 0
2 463 1 0 0
2 464 1 0 0
2 465 1 0 0
2 466 1 0 0
2 467 2 0 0
2 468 1 0 0
2 469 1 0 0
2 470 1 0 0
2 471 1 0 0
2 472 1 0 0
2 473 1 0 0
2 474 1 0 0
2 475 1 0 0
2 476 1 0 0
2 477 1 0 0
2 478 1 0 0
2 479 1 0 0
2 480 1 0 0
2 481 1 0 0
2 482 1 0 0
2 483 1 0 0
2 484 1 0 0
2 485 1 0 0
2 486 1 0 0
1 487 0 1 0
1 488 0 1 0
1 489 0 1 0
1 490 0 1 0
1 491 0 1 0
1 492 0 1 0
1 493 1 1 0
1 494 0 1 0
1 495 0 1 0
1 496 0 1 0
1 497 0 1 0
1 498 1 0 0
1 499 0 1 0
1 500 1 1 0
1 501 0 1 0
1 502 0 1 0
1 503 0 1 0
1 504 0 1 0
1 505 1 0 1
1 506 1 0 0
1 507 1 0 0
1 508 1 1 0
1 509 1 1 0
1 510 0 1 0
1 511 0 1 0
2 519 1 0 0
2 520 1 0 0
2 521 1 0 0
2 522 1 0 0
2 523 1 0 0
2 524 1 0 0
2 525 1 0 0
2 526 2 0 0
2 527 1 0 0
2 528 1 0 0
2 529 1 0 0
2 530 1 0 0
2 531 1 0 0
2 532 1 0 0
2 533 1 0 0
2 534 1 0 0
2 535 1 0 0
2 536 1 0 0
2 537 1 0 0
2 538 1 0 0
2 539 1 0 0
2 540 1 0 0
2 541 2 0 0
2 542 1 0 0
2 543 1 0 0
2 544 1 0 0
2 545 1 0 0
2 546 1 0 0
2 547 1 0 0
2 548 1 0 0
2 549 1 0 0
2 550 2 0 0
2 551 2 0 0
2 552 1 0 0
2 553 1 0 0
2 554 1 0 0
2 555 2 0 0
2 556 1 0 0
2 557 2 0 0
2 558 1 0 0
2 559 1 0 0
2 560 1 0 0
2 561 1 0 0
2 562 1 0 0
2 563 1 0 0
2 564 1 0 0
2 565 1 0 0
2 566 1 0 0
2 567 1 0 0
2 568 2 0 0
2 569 1 0 0
2 570 1 0 0
2 571 1 0 0
2 572 2 0 0
2 573 1 0 0
2 574 1 0 0
2 575 1 0 0
2 576 2 0 0
2 577 2 0 0
2 578 1 0 0
2 579 1 0 0
2 580 2 0 0
2 581 2 0 0
2 582 2 0 0
2 583 1 0 0
2 584 1 0 0
2 585 2 0 0
2 586 2 0 0
2 587 1 0 0
2 588 1 0 0
2 589 1 0 0
2 590 1 0 0
2 591 2 0 0
2 592 2 0 0
2 593 1 0 0
2 594 1 0 0
2 595 1 0 0
2 596 1 0 0
2 597 1 0 0
2 598 2 0 0
2 599 2 0 0
2 600 2 0 0
2 601 1 0 0
2 602 2 0 0
2 603 1 0 0
2 604 1 0 0
2 605 2 0 0
2 606 2 0 0
2 607 1 0 0
2 608 1 0 0
2 609 1 0 0
2 610 2 0 0
2 611 1 0 0
2 612 2 0 0
2 613 2 0 0
2 614 1 0 0
2 615 1 0 0
2 616 2 0 0
2 617 2 0 0
2 618 1 0 0
2 619 1 0 0
2 620 1 0 0
2 621 1 0 0
2 622 1 0 0
2 623 2 0 0
2 624 1 0 0
2 625 1 0 0
2 626 0 1 0
2 627 2 0 0
2 628 2 0 0
2 629 1 0 0
2 630 1 0 0
2 631 2 0 0
2 632 1 0 0
2 633 1 0 0
2 634 1 0 0
2 635 2 0 0
2 636 1 0 0
2 637 1 0 0
2 638 1 0 0
2 639 2 0 0
2 640 1 0 0
2 641 2 0 0
2 642 2 0 0
2 643 2 0 0
2 644 1 0 0
2 645 0 1 0
2 646 2 0 0
2 647 1 0 0
2 648 2 0 0
2 649 1 0 0
2 650 1 0 0
2 651 2 0 0
2 652 2 0 0
2 653 2 0 0
2 654 2 0 0
2 655 2 0 0
2 656 2 0 0
2 657 1 0 0
2 658 1 0 0
2 659 0 1 0
2 660 2 0 0
2 661 1 0 0
2 662 1 0 0
2 663 1 0 0
2 664 0 1 0
2 665 1 0 0
2 666 0 1 0
2 667 2 0 0
2 668 2 0 0
2 669 1 0 0
2 670 1 0 0
2 671 2 0 0
2 672 1 0 0
2 673 2 0 0
2 674 2 0 0
2 675 1 0 0
2 676 1 0 0
2 677 1 0 0
2 678 1 0 0
2 679 2 0 0
2 680 2 0 0
2 681 2 0 0
2 682 2 0 0
2 683 2 0 0
2 684 2 0 0
2 685 1 0 0
2 686 2 0 0
2 687 2 0 0
2 688 1 0 0
2 689 2 0 0
2 690 2 0 0
2 691 2 0 0
2 692 2 0 0
2 693 1 0 0
2 694 2 0 0
2 695 2 0 0
2 696 1 0 0
2 697 2 0 0
2 698 1 0 0
2 699 2 0 0
2 700 2 0 0
2 701 2 0 0
2 702 1 0 0
2 703 2 0 0
2 704 1 0 0
2 705 1 0 0
2 706 1 0 0
2 707 2 0 0
2 708 2 0 0
2 709 2 0 0
2 710 1 0 0
2 711 1 0 0
2 712 1 0 0
2 713 2 0 0
2 714 1 0 0
2 715 1 0 0
2 716 1 0 0
2 717 2 0 0
2 718 2 0 0
2 719 1 0 0
2 720 1 0 0
2 721 1 0 0
2 722 1 0 0
2 723 2 0 0
2 724 1 0 0
2 725 2 0 0
2 726 2 0 0
2 727 2 0 0
2 728 2 0 0
2 729 1 0 0
2 730 2 0 0
2 731 2 0 0
2 732 1 0 0
2 733 1 0 0
2 734 1 0 0
2 735 1 0 0
2 736 2 0 0
2 737 2 0 0
2 738 2 0 0
2 739 2 0 0
2 740 2 0 0
2 741 2 0 0
2 742 1 0 0
2 743 1 0 0
2 744 2 0 0
2 745 1 0 0
2 746 2 0 0
2 747 2 0 0
2 748 2 0 0
2 749 2 0 0
2 750 2 0 0
2 751 2 0 0
2 752 2 0 0
2 753 2 0 0
2 754 2 0 0
2 755 2 0 0
2 756 2 0 0
2 757 2 0 0
2 758 1 0 0
2 759 1 0 0
2 760 1 0 0
2 761 1 0 0
2 762 2 0 0
2 763 2 0 0
2 764 1 0 0
2 765 2 0 0
2 766 2 0 0
2 767 1 0 0
2 768 1 0 0
2 769 1 0 0
2 770 2 0 0
2 771 1 0 0
2 772 2 0 0
2 773 1 0 0
2 774 1 0 0
2 775 2 0 0
2 776 1 0 0
2 777 1 0 0
2 778 2 0 0
2 779 1 0 0
2 780 2 0 0
2 781 1 0 0
2 782 1 0 0
2 783 1 0 0
2 784 1 0 0
2 785 1 0 0
2 786 1 0 0
2 787 1 0 0
2 788 1 0 0
2 789 1 0 0
2 790 1 0 0
2 791 1 0 0
2 792 1 0 0
2 793 1 0 0
2 794 1 0 0
2 795 1 0 0
2 796 1 0 0
2 797 1 0 0
2 798 1 0 0
2 799 1 0 0
2 800 1 0 0
2 801 2 0 0
2 802 2 0 0
2 803 1 0 0
2 804 1 0 0
2 805 1 0 0
2 806 1 0 0
2 807 1 0 0
2 808 2 0 0
2 809 1 0 0
2 810 1 0 0
2 811 1 0 0
2 812 2 0 0
2 813 1 0 0
2 814 1 0 0
2 815 1 0 0
2 816 2 0 0
2 817 1 0 0
2 818 2 0 0
2 819 2 0 0
2 820 2 0 0
2 821 2 0 0
2 822 1 0 0
2 823 1 0 0
2 824 1 0 0
2 825 2 0 0
2 826 2 0 0
2 827 1 0 0
2 828 1 0 0
2 829 1 0 0
2 830 1 0 0
2 831 1 0 0
2 832 1 0 0
2 833 2 0 0
2 834 1 0 0
2 835 1 0 0
2 836 1 0 0
2 837 1 0 0
2 838 1 0 0
2 839 1 0 0
2 840 1 0 0
2 841 1 0 0
2 842 1 0 0
2 843 1 0 0
2 844 1 0 0
2 845 1 0 0
2 846 1 0 0
2 847 1 0 0
2 848 1 0 0
2 849 2 0 0
2 850 2 0 0
2 851 2 0 0
2 852 2 0 0
2 853 1 0 0
1 854 1 0 0
1 855 1 0 0
1 856 1 0 0
1 857 1 0 0
1 858 1 0 0
2 859 1 0 0
2 860 1 0 0
2 861 1 0 0
2 862 1 0 0
2 863 2 0 0
2 864 2 0 0
2 865 2 0 0
2 866 1 0 0
2 867 2 0 0
2 868 1 0 0
2 869 2 0 0
2 870 1 0 0
2 871 1 0 0
2 872 2 0 0
2 873 1 0 0
2 874 1 0 0
2 875 1 0 0
2 876 2 0 0
2 877 2 0 0
2 878 2 0 0
2 879 2 0 0
2 880 2 0 0
2 881 1 0 0
2 882 1 0 0
2 883 2 0 0
2 884 2 0 0
2 885 2 0 0
2 886 2 0 0
2 887 2 0 0
2 888 2 0 0
2 889 2 0 0
2 890 2 0 0
2 891 2 0 0
2 892 1 0 0
2 893 2 0 0
2 894 2 0 0
2 895 2 0 0
2 896 2 0 0
2 897 2 0 0
2 898 1 0 0
2 899 1 0 0
2 900 1 0 0
2 901 1 0 0
2 902 1 0 0
2 903 2 0 0
2 904 2 0 0
2 905 2 0 0
2 906 1 0 0
2 907 2 0 0
2 908 1 0 0
2 909 1 0 0
2 910 2 1 0
2 911 2 0 0
2 912 2 0 0
2 913 1 0 0
2 914 2 0 0
2 915 2 0 0
2 916 2 0 0
2 917 1 0 0
2 918 2 0 0
2 919 2 0 0
2 920 2 0 0
2 921 2 0 0
2 922 2 0 0
2 923 1 0 0
2 924 2 0 0
2 925 2 0 0
2 926 1 0 0
2 927 1 0 0
1 928 1 0 0
1 929 1 0 0
1 930 1 0 0
1 931 1 0 0
2 932 1 0 0
2 933 1 0 0
2 934 0 1 0
2 935 1 0 0
2 936 1 0 0
2 937 1 0 0
2 938 1 0 0
2 939 1 0 0
2 940 1 0 0
2 941 2 0 0
2 942 2 1 0
2 943 2 0 0
2 944 2 0 0
2 945 2 0 0
2 946 1 0 0
2 947 2 0 0
2 948 1 0 0
2 949 1 0 0
2 950 1 0 0
2 951 1 0 0
2 952 1 0 0
2 953 1 0 0
2 954 1 0 0
2 955 1 0 0
2 956 1 0 0
2 957 1 0 0
2 958 1 0 0
2 959 1 0 0
2 960 2 0 0
2 961 2 0 0
2 962 1 0 0
2 963 1 0 0
2 964 2 0 0
2 965 1 0 0
2 966 2 0 0
2 967 1 0 0
2 968 1 0 0
2 969 2 0 0
2 970 1 0 0
2 971 2 0 0
2 972 2 0 0
2 973 1 0 0
2 974 1 0 0
2 975 1 0 0
2 976 1 0 0
2 977 1 0 0
2 978 1 0 0
2 979 2 0 0
2 980 2 0 0
2 981 1 0 0
2 982 2 0 0
2 983 1 0 0
2 984 2 0 0
2 985 2 0 0
2 986 2 0 0
2 987 1 0 0
2 988 1 0 0
2 989 1 0 0
2 990 2 0 0
2 991 1 0 0
2 992 2 0 0
2 993 2 0 0
2 994 1 0 0
2 995 1 0 0
2 996 1 0 0
2 997 1 0 0
2 998 2 0 0
2 999 1 0 0
2 1000 1 0 0
2 1001 0 1 0
2 1002 1 0 0
2 1003 2 0 0
2 1004 1 0 0
2 1005 1 0 0
2 1006 1 0 0
2 1007 1 0 0
2 1008 2 0 0
2 1009 1 0 0
2 1010 2 0 0
2 1011 2 0 0
2 1012 2 0 0
2 1013 1 0 0
2 1014 2 0 0
2 1015 2 0 0
2 1016 2 0 0
2 1017 1 0 0
2 1018 1 0 0
2 1019 1 0 0
2 1020 2 0 0
2 1021 2 0 0
2 1022 2 0 0
2 1023 1 0 0
2 1024 2 0 0
2 1025 2 0 0
2 1026 1 0 0
2 1027 2 0 0
2 1028 2 0 0
2 1029 2 0 0
2 1030 2 0 0
2 1031 2 0 0
2 1032 2 0 0
2 1033 2 0 0
2 1034 1 0 0
2 1035 2 0 0
2 1036 1 0 0
2 1037 2 0 0
2 1038 2 0 0
2 1039 1 0 0
2 1040 2 0 0
2 1041 2 0 0
2 1042 1 0 0
2 1043 2 0 0
2 1044 1 0 0
2 1045 2 0 0
2 1046 2 0 0
2 1047 2 0 0
