1.0 0.000993048659384
1.0 0.00198609731877
1.0 0.00248262164846
1.0 0.00347567030785
1.0 0.00446871896723
1.0 0.00546176762661
1.0 0.00595829195631
1.0 0.006454816286
1.0 0.00695134061569
1.0 0.00794438927507
1.0 0.00893743793446
1.0 0.00943396226415
1.0 0.00993048659384
1.0 0.0104270109235
1.0 0.0109235352532
1.0 0.0114200595829
1.0 0.0119165839126
1.0 0.012909632572
1.0 0.0134061569017
1.0 0.0143992055611
1.0 0.0153922542205
1.0 0.0158887785501
1.0 0.0163853028798
1.0 0.0168818272095
1.0 0.0173783515392
1.0 0.0178748758689
1.0 0.0188679245283
1.0 0.019364448858
1.0 0.0198609731877
1.0 0.0203574975174
1.0 0.0213505461768
1.0 0.0218470705065
1.0 0.0228401191658
1.0 0.0238331678252
1.0 0.0248262164846
1.0 0.0253227408143
1.0 0.025819265144
1.0 0.0263157894737
1.0 0.0268123138034
1.0 0.0278053624628
1.0 0.0287984111221
1.0 0.0292949354518
1.0 0.0302879841112
1.0 0.0307845084409
1.0 0.0317775571003
1.0 0.0327706057597
1.0 0.0337636544191
1.0 0.0347567030785
1.0 0.0357497517378
1.0 0.0367428003972
1.0 0.0372393247269
1.0 0.0377358490566
1.0 0.0382323733863
1.0 0.0392254220457
1.0 0.0402184707051
1.0 0.0407149950348
1.0 0.0412115193644
1.0 0.0417080436941
1.0 0.0427010923535
1.0 0.0436941410129
1.0 0.0446871896723
1.0 0.045183714002
1.0 0.0461767626614
1.0 0.0471698113208
1.0 0.0476663356504
1.0 0.0486593843098
1.0 0.0496524329692
1.0 0.0501489572989
1.0 0.0511420059583
1.0 0.0521350546177
1.0 0.0531281032771
1.0 0.0541211519364
1.0 0.0551142005958
1.0 0.0561072492552
1.0 0.0566037735849
1.0 0.0571002979146
1.0 0.0575968222443
1.0 0.0585898709037
1.0 0.0590863952334
1.0 0.0600794438928
1.0 0.0610724925521
1.0 0.0620655412115
1.0 0.0625620655412
1.0 0.0635551142006
1.0 0.06454816286
1.0 0.0650446871897
1.0 0.0660377358491
1.0 0.0670307845084
1.0 0.0680238331678
1.0 0.0685203574975
1.0 0.0695134061569
1.0 0.0705064548163
1.0 0.071002979146
1.0 0.0714995034757
1.0 0.0724925521351
1.0 0.0734856007944
1.0 0.0739821251241
1.0 0.0744786494538
1.0 0.0749751737835
1.0 0.0754716981132
1.0 0.0759682224429
1.0 0.0769612711023
1.0 0.0779543197617
1.0 0.0789473684211
1.0 0.0799404170804
1.0 0.0809334657398
1.0 0.0819265143992
1.0 0.0824230387289
1.0 0.0834160873883
1.0 0.0844091360477
1.0 0.0854021847071
1.0 0.0863952333664
1.0 0.0868917576961
1.0 0.0873882820258
1.0 0.0883813306852
1.0 0.0893743793446
1.0 0.090367428004
1.0 0.0908639523337
1.0 0.0913604766634
1.0 0.091857000993
1.0 0.0928500496524
1.0 0.0933465739821
1.0 0.0943396226415
1.0 0.0948361469712
1.0 0.0953326713009
1.0 0.0963257199603
1.0 0.0973187686197
1.0 0.0978152929494
1.0 0.098311817279
1.0 0.0988083416087
1.0 0.0998013902681
1.0 0.100297914598
1.0 0.101290963257
1.0 0.102284011917
1.0 0.103277060576
1.0 0.103773584906
1.0 0.104766633565
1.0 0.105263157895
1.0 0.106256206554
1.0 0.107249255214
1.0 0.107745779543
1.0 0.108242303873
1.0 0.109235352532
1.0 0.109731876862
1.0 0.110228401192
1.0 0.111221449851
1.0 0.111717974181
1.0 0.11271102284
1.0 0.11320754717
1.0 0.114200595829
1.0 0.115193644489
1.0 0.115690168818
1.0 0.116186693148
1.0 0.116683217478
1.0 0.117676266137
1.0 0.118172790467
1.0 0.118669314796
1.0 0.119165839126
1.0 0.120158887786
1.0 0.121151936445
1.0 0.121648460775
1.0 0.122641509434
1.0 0.123138033764
1.0 0.123634558093
1.0 0.124131082423
1.0 0.125124131082
1.0 0.125620655412
1.0 0.126117179742
1.0 0.126613704071
1.0 0.127606752731
1.0 0.12859980139
1.0 0.12959285005
1.0 0.130585898709
1.0 0.131082423039
1.0 0.132075471698
1.0 0.133068520357
1.0 0.134061569017
0.9963099631 0.134061569017
0.992647058824 0.134061569017
0.992673992674 0.134558093347
0.992700729927 0.135054617676
0.992727272727 0.135551142006
0.992753623188 0.136047666336
0.992779783394 0.136544190665
0.992805755396 0.137040714995
0.992831541219 0.137537239325
0.992857142857 0.138033763654
0.992882562278 0.138530287984
0.992907801418 0.139026812314
0.992932862191 0.139523336643
0.99298245614 0.140516385303
0.993031358885 0.141509433962
0.993079584775 0.142502482622
0.993127147766 0.143495531281
0.993150684932 0.143992055611
0.993197278912 0.14498510427
0.993243243243 0.145978152929
0.993265993266 0.146474677259
0.993288590604 0.146971201589
0.993333333333 0.147964250248
0.993377483444 0.148957298908
0.993421052632 0.149950347567
0.993464052288 0.150943396226
0.993506493506 0.151936444886
0.993548387097 0.152929493545
0.99358974359 0.153922542205
0.993630573248 0.154915590864
0.993650793651 0.155412115194
0.993670886076 0.155908639523
0.993710691824 0.156901688183
0.993730407524 0.157398212512
0.99375 0.157894736842
0.993769470405 0.158391261172
0.993788819876 0.158887785501
0.993808049536 0.159384309831
0.993827160494 0.159880834161
0.993846153846 0.160377358491
0.993865030675 0.16087388282
0.993883792049 0.16137040715
0.993902439024 0.16186693148
0.993920972644 0.162363455809
0.993939393939 0.162859980139
0.993957703927 0.163356504469
0.993975903614 0.163853028798
0.993993993994 0.164349553128
0.994011976048 0.164846077458
0.994029850746 0.165342601787
0.994047619048 0.165839126117
0.994065281899 0.166335650447
0.991124260355 0.166335650447
0.988200589971 0.166335650447
0.985294117647 0.166335650447
0.985337243402 0.166832174777
0.985380116959 0.167328699106
0.982558139535 0.167825223436
0.982608695652 0.168321747766
0.982658959538 0.168818272095
0.982708933718 0.169314796425
0.98275862069 0.169811320755
0.982808022923 0.170307845084
0.982857142857 0.170804369414
0.982905982906 0.171300893744
0.982954545455 0.171797418073
0.983002832861 0.172293942403
0.980225988701 0.172293942403
0.980281690141 0.172790466733
0.980392156863 0.173783515392
0.980501392758 0.174776564052
0.980609418283 0.175769612711
0.980662983425 0.176266137041
0.980716253444 0.17676266137
0.980769230769 0.1772591857
0.980821917808 0.17775571003
0.98087431694 0.178252234359
0.980926430518 0.178748758689
0.98097826087 0.179245283019
0.981081081081 0.180238331678
0.981182795699 0.181231380338
0.981233243968 0.181727904667
0.98128342246 0.182224428997
0.981382978723 0.183217477656
0.981481481481 0.184210526316
0.981578947368 0.185203574975
0.98167539267 0.186196623635
0.981770833333 0.187189672294
0.981818181818 0.187686196624
0.981865284974 0.188182720953
0.981912144703 0.188679245283
0.982005141388 0.189672293942
0.982051282051 0.190168818272
0.982142857143 0.191161866931
0.982233502538 0.192154915591
0.982323232323 0.19314796425
0.982412060302 0.19414101291
0.9825 0.195134061569
0.982543640898 0.195630585899
0.982630272953 0.196623634558
0.982673267327 0.197120158888
0.98275862069 0.198113207547
0.982800982801 0.198609731877
0.982843137255 0.199106256207
0.982885085575 0.199602780536
0.982926829268 0.200099304866
0.983009708738 0.201092353525
0.98309178744 0.202085402185
0.983173076923 0.203078450844
0.983253588517 0.204071499503
0.983293556086 0.204568023833
0.983372921615 0.205561072493
0.983412322275 0.206057596822
0.983451536643 0.206554121152
0.983490566038 0.207050645482
0.983529411765 0.207547169811
0.983568075117 0.208043694141
0.983644859813 0.2090367428
0.983720930233 0.21002979146
0.983796296296 0.211022840119
0.983833718245 0.211519364449
0.983870967742 0.212015888779
0.983944954128 0.213008937438
0.983981693364 0.213505461768
0.984054669704 0.214498510427
0.984126984127 0.215491559086
0.984198645598 0.216484607746
0.984234234234 0.216981132075
0.984304932735 0.217974180735
0.984340044743 0.218470705065
0.984375 0.218967229394
0.984444444444 0.219960278054
0.984513274336 0.220953326713
0.984581497797 0.221946375372
0.984615384615 0.222442899702
0.984649122807 0.222939424032
0.984716157205 0.223932472691
0.984749455338 0.224428997021
0.984782608696 0.224925521351
0.984848484848 0.22591857001
0.984881209503 0.22641509434
0.984946236559 0.227408142999
0.985010706638 0.228401191658
0.985074626866 0.229394240318
0.985106382979 0.229890764647
0.985169491525 0.230883813307
0.985232067511 0.231876861966
0.985263157895 0.232373386296
0.985294117647 0.232869910626
0.985324947589 0.233366434955
0.985386221294 0.234359483615
0.985446985447 0.235352532274
0.985477178423 0.235849056604
0.985507246377 0.236345580933
0.985537190083 0.236842105263
0.985596707819 0.237835153923
0.985655737705 0.238828202582
0.985714285714 0.239821251241
0.985743380855 0.240317775571
0.985801217039 0.24131082423
0.985829959514 0.24180734856
0.985887096774 0.242800397219
0.9859437751 0.243793445879
0.985971943888 0.244289970209
0.986 0.244786494538
0.986055776892 0.245779543198
0.986111111111 0.246772591857
0.986138613861 0.247269116187
0.986193293886 0.248262164846
0.986220472441 0.248758689176
0.986274509804 0.249751737835
0.986328125 0.250744786495
0.986354775828 0.251241310824
0.98640776699 0.252234359484
0.986434108527 0.252730883813
0.986460348162 0.253227408143
0.986486486486 0.253723932473
0.986538461538 0.254716981132
0.986590038314 0.255710029791
0.986615678776 0.256206554121
0.986641221374 0.256703078451
0.986666666667 0.257199602781
0.986717267552 0.25819265144
0.986767485822 0.259185700099
0.9868173258 0.260178748759
0.986842105263 0.260675273088
0.986866791745 0.261171797418
0.986891385768 0.261668321748
0.98691588785 0.262164846077
0.986940298507 0.262661370407
0.98696461825 0.263157894737
0.987012987013 0.264150943396
0.987060998152 0.265143992056
0.987084870849 0.265640516385
0.987108655617 0.266137040715
0.987132352941 0.266633565045
0.987155963303 0.267130089374
0.987179487179 0.267626613704
0.987226277372 0.268619662363
0.987272727273 0.269612711023
0.98731884058 0.270605759682
0.987341772152 0.271102284012
0.987387387387 0.272095332671
0.987410071942 0.272591857001
0.987455197133 0.27358490566
0.9875 0.27457795432
0.987544483986 0.275571002979
0.98756660746 0.276067527309
0.987588652482 0.276564051639
0.987632508834 0.277557100298
0.987676056338 0.278550148957
0.98769771529 0.279046673287
0.987740805604 0.280039721946
0.987762237762 0.280536246276
0.987783595113 0.281032770606
0.987804878049 0.281529294935
0.987826086957 0.282025819265
0.987847222222 0.282522343595
0.987868284229 0.283018867925
0.987910189983 0.284011916584
0.987931034483 0.284508440914
0.987951807229 0.285004965243
0.987972508591 0.285501489573
0.987993138937 0.285998013903
0.98801369863 0.286494538232
0.988034188034 0.286991062562
0.988054607509 0.287487586892
0.988095238095 0.288480635551
0.98813559322 0.289473684211
0.988175675676 0.29046673287
0.988215488215 0.291459781529
0.988235294118 0.291956305859
0.988255033557 0.292452830189
0.988274706868 0.292949354518
0.988294314381 0.293445878848
0.988333333333 0.294438927507
0.988352745424 0.294935451837
0.988391376451 0.295928500497
0.988410596026 0.296425024826
0.988429752066 0.296921549156
0.988467874794 0.297914597815
0.988486842105 0.298411122145
0.988505747126 0.298907646475
0.988524590164 0.299404170804
0.988562091503 0.300397219464
0.988580750408 0.300893743793
0.988617886179 0.301886792453
0.988636363636 0.302383316783
0.988654781199 0.302879841112
0.988691437803 0.303872889772
0.988709677419 0.304369414101
0.988727858293 0.304865938431
0.988764044944 0.30585898709
0.9888 0.30685203575
0.988817891374 0.307348560079
0.988853503185 0.308341608739
0.988888888889 0.309334657398
0.988906497623 0.309831181728
0.988924050633 0.310327706058
0.988941548183 0.310824230387
0.988958990536 0.311320754717
0.988976377953 0.311817279047
0.988993710692 0.312313803376
0.989010989011 0.312810327706
0.989028213166 0.313306852036
0.989045383412 0.313803376365
0.9890625 0.314299900695
0.989096573209 0.315292949355
0.989130434783 0.316285998014
0.989164086687 0.317279046673
0.989180834621 0.317775571003
0.989214175655 0.318768619662
0.989230769231 0.319265143992
0.989247311828 0.319761668322
0.989263803681 0.320258192651
0.989280245023 0.320754716981
0.989296636086 0.321251241311
0.989312977099 0.321747765641
0.989329268293 0.32224428997
0.989345509893 0.3227408143
0.989361702128 0.32323733863
0.989393939394 0.324230387289
0.989409984871 0.324726911619
0.989425981873 0.325223435948
0.989441930618 0.325719960278
0.989457831325 0.326216484608
0.989473684211 0.326713008937
0.989489489489 0.327209533267
0.989505247376 0.327706057597
0.989520958084 0.328202581927
0.989552238806 0.329195630586
0.98956780924 0.329692154916
0.989583333333 0.330188679245
0.989598811293 0.330685203575
0.989614243323 0.331181727905
0.98962962963 0.331678252234
0.989644970414 0.332174776564
0.989660265879 0.332671300894
0.989675516224 0.333167825223
0.989690721649 0.333664349553
0.989705882353 0.334160873883
0.989720998532 0.334657398213
0.989736070381 0.335153922542
0.989751098097 0.335650446872
0.989766081871 0.336146971202
0.989781021898 0.336643495531
0.989795918367 0.337140019861
0.98981077147 0.337636544191
0.989825581395 0.33813306852
0.989840348331 0.33862959285
0.988405797101 0.33862959285
0.986975397974 0.33862959285
0.985549132948 0.33862959285
0.984126984127 0.33862959285
0.982708933718 0.33862959285
0.981294964029 0.33862959285
0.979913916786 0.33912611718
0.978510028653 0.33912611718
0.977110157368 0.33912611718
0.975714285714 0.33912611718
0.974322396576 0.33912611718
0.974358974359 0.339622641509
0.972972972973 0.339622641509
0.971631205674 0.340119165839
0.970254957507 0.340119165839
0.968882602546 0.340119165839
0.967514124294 0.340119165839
0.966149506347 0.340119165839
0.966197183099 0.340615690169
0.966244725738 0.341112214499
0.966292134831 0.341608738828
0.964985994398 0.342105263158
0.963687150838 0.342601787488
0.962343096234 0.342601787488
0.961002785515 0.342601787488
0.961057023644 0.343098311817
0.961111111111 0.343594836147
0.961165048544 0.344091360477
0.961218836565 0.344587884806
0.961272475795 0.345084409136
0.961325966851 0.345580933466
0.961379310345 0.346077457795
0.961485557084 0.347070506455
0.961538461538 0.347567030785
0.96159122085 0.348063555114
0.961643835616 0.348560079444
0.96169630643 0.349056603774
0.96174863388 0.349553128103
0.961800818554 0.350049652433
0.961852861035 0.350546176763
0.961904761905 0.351042701092
0.961956521739 0.351539225422
0.962008141113 0.352035749752
0.962059620596 0.352532274081
0.962110960758 0.353028798411
0.962162162162 0.353525322741
0.962213225371 0.354021847071
0.962314939435 0.35501489573
0.962365591398 0.35551142006
0.962416107383 0.356007944389
0.962466487936 0.356504468719
0.962516733601 0.357000993049
0.96256684492 0.357497517378
0.96261682243 0.357994041708
0.962666666667 0.358490566038
0.962716378162 0.358987090367
0.962815405046 0.359980139027
0.962913907285 0.360973187686
0.962962962963 0.361469712016
0.963011889036 0.361966236346
0.963060686016 0.362462760675
0.963157894737 0.363455809335
0.96320630749 0.363952333664
0.963302752294 0.364945382324
0.96335078534 0.365441906653
0.96339869281 0.365938430983
0.963446475196 0.366434955313
0.963494132986 0.366931479643
0.963541666667 0.367428003972
0.963589076723 0.367924528302
0.963636363636 0.368421052632
0.963683527886 0.368917576961
0.963730569948 0.369414101291
0.963777490298 0.369910625621
0.963870967742 0.37090367428
0.963917525773 0.37140019861
0.963963963964 0.371896722939
0.964010282776 0.372393247269
0.964102564103 0.373386295929
0.964148527529 0.373882820258
0.964194373402 0.374379344588
0.964240102171 0.374875868918
0.964331210191 0.375868917577
0.964421855146 0.376861966236
0.964467005076 0.377358490566
0.964512040558 0.377855014896
0.964601769912 0.378848063555
0.964691046658 0.379841112214
0.964779874214 0.380834160874
0.964824120603 0.381330685204
0.96486825596 0.381827209533
0.964956195244 0.382820258193
0.965043695381 0.383813306852
0.965087281796 0.384309831182
0.965130759651 0.384806355511
0.965174129353 0.385302879841
0.965217391304 0.385799404171
0.965303593556 0.38679245283
0.965389369592 0.38778550149
0.965432098765 0.388282025819
0.965474722565 0.388778550149
0.965517241379 0.389275074479
0.965559655597 0.389771598808
0.965601965602 0.390268123138
0.96568627451 0.391261171797
0.965770171149 0.392254220457
0.965853658537 0.393247269116
0.965895249695 0.393743793446
0.965978128797 0.394736842105
0.966019417476 0.395233366435
0.966060606061 0.395729890765
0.966142684401 0.396722939424
0.966224366707 0.397715988083
0.966265060241 0.398212512413
0.966305655836 0.398709036743
0.966346153846 0.399205561072
0.966426858513 0.400198609732
0.966467065868 0.400695134062
0.966547192354 0.401688182721
0.96662693683 0.40268123138
0.966666666667 0.40317775571
0.966706302021 0.40367428004
0.966785290629 0.404667328699
0.966863905325 0.405660377358
0.966903073286 0.406156901688
0.96694214876 0.406653426018
0.966981132075 0.407149950348
0.967020023557 0.407646474677
0.967058823529 0.408142999007
0.967136150235 0.409136047666
0.967174677608 0.409632571996
0.967213114754 0.410129096326
0.966081871345 0.410129096326
0.966161026838 0.411122144985
0.966239813737 0.412115193644
0.966279069767 0.412611717974
0.966318234611 0.413108242304
0.966396292005 0.414101290963
0.966435185185 0.414597815293
0.966473988439 0.415094339623
0.966512702079 0.415590863952
0.966589861751 0.416583912612
0.9666283084 0.417080436941
0.966666666667 0.417576961271
0.966704936854 0.418073485601
0.966781214204 0.41906653426
0.966819221968 0.41956305859
0.966894977169 0.420556107249
0.966970387244 0.421549155909
0.967045454545 0.422542204568
0.967082860386 0.423038728898
0.965986394558 0.423038728898
0.966063348416 0.424031777557
0.966101694915 0.424528301887
0.966178128523 0.425521350546
0.966216216216 0.426017874876
0.966254218223 0.426514399206
0.96632996633 0.427507447865
0.96640537514 0.428500496524
0.966480446927 0.429493545184
0.966555183946 0.430486593843
0.966629588432 0.431479642502
0.966703662597 0.432472691162
0.966740576497 0.432969215492
0.966777408638 0.433465739821
0.965707964602 0.433465739821
0.965783664459 0.434458788481
0.965821389195 0.43495531281
0.965859030837 0.43545183714
0.965896589659 0.43594836147
0.964835164835 0.43594836147
0.964873765093 0.436444885799
0.963815789474 0.436444885799
0.963894967177 0.437437934459
0.963973799127 0.438430983118
0.96401308615 0.438927507448
0.964052287582 0.439424031778
0.964130434783 0.440417080437
0.964169381107 0.440913604767
0.964247020585 0.441906653426
0.964324324324 0.442899702085
0.964362850972 0.443396226415
0.964401294498 0.443892750745
0.964439655172 0.444389275074
0.964477933262 0.444885799404
0.96455424275 0.445878848064
0.96463022508 0.446871896723
0.964705882353 0.447864945382
0.964781216649 0.448857994042
0.964856230032 0.449851042701
0.964930924548 0.45084409136
0.964968152866 0.45134061569
0.965042372881 0.45233366435
0.96511627907 0.453326713009
0.9651531151 0.453823237339
0.965226554268 0.454816285998
0.965299684543 0.455809334657
0.96537250787 0.456802383317
0.965445026178 0.457795431976
0.965481171548 0.458291956306
0.965553235908 0.459285004965
0.965625 0.460278053625
0.965660770031 0.460774577954
0.965732087227 0.461767626614
0.965767634855 0.462264150943
0.965838509317 0.463257199603
0.965909090909 0.464250248262
0.965979381443 0.465243296922
0.966014418126 0.465739821251
0.966084275437 0.466732869911
0.966119096509 0.46722939424
0.966153846154 0.46772591857
0.96618852459 0.4682224429
0.966257668712 0.469215491559
0.966326530612 0.470208540218
0.966395112016 0.471201588878
0.966429298067 0.471698113208
0.966463414634 0.472194637537
0.966497461929 0.472691161867
0.966565349544 0.473684210526
0.966599190283 0.474180734856
0.966632962588 0.474677259186
0.966666666667 0.475173783515
0.966733870968 0.476166832175
0.966800804829 0.477159880834
0.966834170854 0.477656405164
0.96686746988 0.478152929494
0.966900702106 0.478649453823
0.966933867735 0.479145978153
0.967 0.480139026812
0.967032967033 0.480635551142
0.967098703888 0.481628599801
0.967164179104 0.482621648461
0.96722939424 0.48361469712
0.967294350842 0.48460774578
0.967326732673 0.485104270109
0.967391304348 0.486097318769
0.967455621302 0.487090367428
0.967487684729 0.487586891758
0.967519685039 0.488083416087
0.967551622419 0.488579940417
0.967583497053 0.489076464747
0.967647058824 0.490069513406
0.96771037182 0.491062562066
0.9677734375 0.492055610725
0.96783625731 0.493048659384
0.967898832685 0.494041708044
0.967961165049 0.495034756703
0.967992240543 0.495531281033
0.968023255814 0.496027805362
0.968085106383 0.497020854022
0.968115942029 0.497517378352
0.968177434908 0.498510427011
0.968238691049 0.49950347567
0.968299711816 0.50049652433
0.968360498562 0.501489572989
0.968421052632 0.502482621648
0.968481375358 0.503475670308
0.968541468065 0.504468718967
0.968601332065 0.505461767627
0.968660968661 0.506454816286
0.968720379147 0.507447864945
0.968779564806 0.508440913605
0.968838526912 0.509433962264
0.968867924528 0.509930486594
0.96889726673 0.510427010924
0.968926553672 0.510923535253
0.968955785513 0.511420059583
0.969014084507 0.512413108242
0.969072164948 0.513406156902
0.969101123596 0.513902681231
0.969158878505 0.514895729891
0.96921641791 0.51588877855
0.969245107176 0.51638530288
0.969273743017 0.51688182721
0.969302325581 0.517378351539
0.969359331476 0.518371400199
0.969387755102 0.518867924528
0.969444444444 0.519860973188
0.969472710453 0.520357497517
0.969500924214 0.520854021847
0.969557195572 0.521847070506
0.969585253456 0.522343594836
0.969613259669 0.522840119166
0.969669117647 0.523833167825
0.969696969697 0.524329692155
0.969752520623 0.525322740814
0.96978021978 0.525819265144
0.969807868253 0.526315789474
0.969835466179 0.526812313803
0.969863013699 0.527308838133
0.969890510949 0.527805362463
0.969917958067 0.528301886792
0.969945355191 0.528798411122
0.969972702457 0.529294935452
0.97 0.529791459782
0.970027247956 0.530287984111
0.970054446461 0.530784508441
0.970081595648 0.531281032771
0.970108695652 0.5317775571
0.970135746606 0.53227408143
0.970162748644 0.53277060576
0.970189701897 0.533267130089
0.970216606498 0.533763654419
0.970243462579 0.534260178749
0.97027027027 0.534756703078
0.970297029703 0.535253227408
0.970350404313 0.536246276068
0.970403587444 0.537239324727
0.970430107527 0.537735849057
0.970456580125 0.538232373386
0.970483005367 0.538728897716
0.970509383378 0.539225422046
0.970535714286 0.539721946375
0.970588235294 0.540714995035
0.970614425646 0.541211519364
0.970640569395 0.541708043694
0.970666666667 0.542204568024
0.970718722272 0.543197616683
0.970744680851 0.543694141013
0.970770593446 0.544190665343
0.970796460177 0.544687189672
0.970848056537 0.545680238332
0.970873786408 0.546176762661
0.970925110132 0.547169811321
0.970976253298 0.54816285998
0.971027216857 0.54915590864
0.971078001753 0.550148957299
0.971103327496 0.550645481629
0.971128608924 0.551142005958
0.971153846154 0.551638530288
0.971204188482 0.552631578947
0.971254355401 0.553624627607
0.971279373368 0.554121151936
0.971304347826 0.554617676266
0.971329278888 0.555114200596
0.971354166667 0.555610724926
0.971379011275 0.556107249255
0.971403812825 0.556603773585
0.971453287197 0.557596822244
0.971477960242 0.558093346574
0.971502590674 0.558589870904
0.971527178602 0.559086395233
0.971551724138 0.559582919563
0.97157622739 0.560079443893
0.971600688468 0.560575968222
0.971625107481 0.561072492552
0.971649484536 0.561569016882
0.971673819742 0.562065541212
0.971698113208 0.562562065541
0.971722365039 0.563058589871
0.971746575342 0.563555114201
0.971770744226 0.56405163853
0.971794871795 0.56454816286
0.971818958155 0.56504468719
0.971867007673 0.566037735849
0.971914893617 0.567030784508
0.971962616822 0.568023833168
0.972010178117 0.569016881827
0.972033898305 0.569513406157
0.972057578323 0.570009930487
0.972081218274 0.570506454816
0.972104818259 0.571002979146
0.972128378378 0.571499503476
0.972151898734 0.571996027805
0.972175379427 0.572492552135
0.972198820556 0.572989076465
0.972222222222 0.573485600794
0.972245584525 0.573982125124
0.972292191436 0.574975173784
0.972338642079 0.575968222443
0.972384937238 0.576961271102
0.972408026756 0.577457795432
0.97245409015 0.578450844091
0.97247706422 0.578947368421
0.972522897585 0.57994041708
0.972545757072 0.58043694141
0.972568578554 0.58093346574
0.972614107884 0.581926514399
0.97263681592 0.582423038729
0.97265948633 0.582919563059
0.972682119205 0.583416087388
0.972727272727 0.584409136048
0.972772277228 0.585402184707
0.972817133443 0.586395233366
0.972861842105 0.587388282026
0.972906403941 0.588381330685
0.972928630025 0.588877855015
0.972950819672 0.589374379345
0.972995090016 0.590367428004
0.973039215686 0.591360476663
0.97308319739 0.592353525323
0.973127035831 0.593346573982
0.973170731707 0.594339622642
0.973214285714 0.595332671301
0.973257698541 0.59632571996
0.973300970874 0.59731876862
0.973344103393 0.598311817279
0.973365617433 0.598808341609
0.973408541499 0.599801390268
0.973451327434 0.600794438928
0.973493975904 0.601787487587
0.97353648757 0.602780536246
0.97357886309 0.603773584906
0.9736 0.604270109235
0.973621103118 0.604766633565
0.973642172524 0.605263157895
0.9736632083 0.605759682224
0.973684210526 0.606256206554
0.97372611465 0.607249255214
0.973767885533 0.608242303873
0.97380952381 0.609235352532
0.973830293418 0.609731876862
0.973871733967 0.610724925521
0.973892405063 0.611221449851
0.973913043478 0.611717974181
0.973186119874 0.61271102284
0.973228346457 0.6137040715
0.973270440252 0.614697120159
0.973291437549 0.615193644489
0.973333333333 0.616186693148
0.973375097886 0.617179741807
0.973416731822 0.618172790467
0.9734375 0.618669314796
0.973478939158 0.619662363456
0.973520249221 0.620655412115
0.973561430793 0.621648460775
0.973602484472 0.622641509434
0.973643410853 0.623634558093
0.973663826491 0.624131082423
0.973704563032 0.625124131082
0.973745173745 0.626117179742
0.973765432099 0.626613704071
0.973785659214 0.627110228401
0.973805855162 0.627606752731
0.973826020015 0.628103277061
0.973846153846 0.62859980139
0.973866256726 0.62909632572
0.973886328725 0.62959285005
0.973906369916 0.630089374379
0.973159509202 0.630089374379
0.973180076628 0.630585898709
0.973200612557 0.631082423039
0.973221117062 0.631578947368
0.973241590214 0.632075471698
0.973262032086 0.632571996028
0.973282442748 0.633068520357
0.973323170732 0.634061569017
0.972623574144 0.635054617676
0.972665148064 0.636047666336
0.972706595906 0.637040714995
0.972747918244 0.638033763654
0.972768532526 0.638530287984
0.972809667674 0.639523336643
0.972830188679 0.640019860973
0.972850678733 0.640516385303
0.972871137905 0.641012909633
0.972891566265 0.641509433962
0.972911963883 0.642005958292
0.972932330827 0.642502482622
0.972952667168 0.642999006951
0.972972972973 0.643495531281
0.972993248312 0.643992055611
0.973013493253 0.64448857994
0.973033707865 0.64498510427
0.973053892216 0.6454816286
0.973094170404 0.646474677259
0.973134328358 0.647467725919
0.973154362416 0.647964250248
0.973174366617 0.648460774578
0.973214285714 0.649453823237
0.973234200743 0.649950347567
0.973273942094 0.650943396226
0.973293768546 0.651439920556
0.973313565604 0.651936444886
0.973353071799 0.652929493545
0.973372781065 0.653426017875
0.97341211226 0.654419066534
0.973451327434 0.655412115194
0.973470891673 0.655908639523
0.973490427099 0.656405163853
0.973509933775 0.656901688183
0.973529411765 0.657398212512
0.973548861132 0.657894736842
0.973568281938 0.658391261172
0.973607038123 0.659384309831
0.97364568082 0.660377358491
0.973664959766 0.66087388282
0.973703433163 0.66186693148
0.973722627737 0.662363455809
0.973760932945 0.663356504469
0.973799126638 0.664349553128
0.973837209302 0.665342601787
0.97385620915 0.665839126117
0.973875181422 0.666335650447
0.973894126178 0.666832174777
0.973931933382 0.667825223436
0.973950795948 0.668321747766
0.973988439306 0.669314796425
0.974025974026 0.670307845084
0.974044700793 0.670804369414
0.974063400576 0.671300893744
0.974082073434 0.671797418073
0.974100719424 0.672293942403
0.974137931034 0.673286991063
0.97415649677 0.673783515392
0.974175035868 0.674280039722
0.973476702509 0.674280039722
0.973495702006 0.674776564052
0.973533619456 0.675769612711
0.973552537527 0.676266137041
0.973571428571 0.67676266137
0.973590292648 0.6772591857
0.973609129815 0.67775571003
0.973646723647 0.678748758689
0.973665480427 0.679245283019
0.973702914001 0.680238331678
0.973740241306 0.681231380338
0.973777462792 0.682224428997
0.973796033994 0.682720953327
0.973833097595 0.683714001986
0.973870056497 0.684707050645
0.973906911142 0.685700099305
0.973925299507 0.686196623635
0.973943661972 0.686693147964
0.973961998593 0.687189672294
0.973998594519 0.688182720953
0.974035087719 0.689175769613
0.974071478626 0.690168818272
0.974089635854 0.690665342602
0.974125874126 0.691658391261
0.974162011173 0.692651439921
0.97418004187 0.69314796425
0.974216027875 0.69414101291
0.974251913709 0.695134061569
0.974287699792 0.696127110228
0.974323386537 0.697120158888
0.974358974359 0.698113207547
0.974394463668 0.699106256207
0.974429854872 0.700099304866
0.974447513812 0.700595829196
0.974482758621 0.701588877855
0.97450034459 0.702085402185
0.974535443909 0.703078450844
0.974570446735 0.704071499503
0.974587912088 0.704568023833
0.974622770919 0.705561072493
0.974657534247 0.706554121152
0.974674880219 0.707050645482
0.974709501025 0.708043694141
0.974726775956 0.708540218471
0.974761255116 0.70953326713
0.974795640327 0.710526315789
0.974829931973 0.711519364449
