frameno;no_of_circles;bounding_box_position;color
0;2;"[[[566, 285], [595, 316]], [[809, 303], [835, 327]]]";0
10;2;"[[[565, 286], [598, 316]], [[809, 299], [837, 327]]]";0
20;2;"[[[580, 289], [611, 315]], [[819, 295], [848, 326]]]";0
30;2;"[[[580, 271], [608, 299]], [[823, 284], [848, 311]]]";0
40;2;"[[[585, 255], [622, 281]], [[828, 268], [860, 292]]]";0
50;2;"[[[571, 249], [603, 278]], [[814, 262], [846, 289]]]";0
60;2;"[[[577, 235], [607, 264]], [[819, 248], [848, 273]]]";0
70;2;"[[[566, 225], [601, 254]], [[812, 240], [843, 265]]]";0
80;2;"[[[545, 223], [574, 257]], [[791, 240], [820, 270]]]";0
90;2;"[[[518, 220], [552, 254]], [[769, 242], [797, 269]]]";0
100;2;"[[[513, 217], [545, 249]], [[762, 236], [789, 262]]]";0
110;2;"[[[515, 224], [546, 253]], [[761, 242], [791, 272]]]";0
120;2;"[[[509, 227], [537, 254]], [[757, 248], [786, 275]]]";0
130;2;"[[[501, 219], [531, 251]], [[748, 238], [780, 269]]]";0
140;2;"[[[518, 236], [547, 262]], [[764, 254], [794, 282]]]";0
150;2;"[[[523, 226], [555, 256]], [[772, 243], [797, 269]]]";0
160;2;"[[[512, 222], [546, 254]], [[760, 234], [790, 262]]]";0
170;2;"[[[503, 216], [534, 246]], [[753, 233], [780, 259]]]";0
180;2;"[[[501, 224], [530, 257]], [[746, 242], [777, 270]]]";0
190;2;"[[[497, 228], [530, 261]], [[746, 246], [773, 276]]]";0
200;2;"[[[512, 241], [543, 273]], [[757, 259], [792, 289]]]";0
210;2;"[[[508, 232], [538, 264]], [[755, 247], [781, 277]]]";0
220;2;"[[[502, 248], [533, 280]], [[747, 259], [780, 288]]]";0
230;2;"[[[506, 236], [539, 270]], [[755, 252], [785, 281]]]";0
240;2;"[[[518, 237], [546, 272]], [[768, 257], [797, 282]]]";0
250;2;"[[[531, 227], [559, 265]], [[777, 247], [808, 274]]]";0
260;2;"[[[527, 235], [556, 263]], [[775, 247], [802, 274]]]";0
270;2;"[[[496, 227], [530, 259]], [[744, 240], [773, 269]]]";0
280;2;"[[[484, 223], [510, 252]], [[732, 237], [758, 266]]]";0
290;2;"[[[478, 218], [507, 253]], [[729, 237], [757, 266]]]";0
300;2;"[[[455, 174], [481, 204]], [[707, 190], [731, 220]]]";0
310;2;"[[[465, 125], [497, 157]], [[717, 142], [748, 172]]]";0
320;2;"[[[473, 95], [501, 123]], [[728, 110], [755, 139]]]";0
330;2;"[[[484, 113], [513, 145]], [[738, 131], [768, 155]]]";0
340;2;"[[[503, 175], [533, 208]], [[753, 195], [782, 227]]]";0
350;2;"[[[511, 257], [537, 283]], [[760, 278], [786, 305]]]";1
360;2;"[[[502, 289], [529, 320]], [[747, 310], [781, 339]]]";1
370;2;"[[[501, 300], [529, 329]], [[745, 320], [779, 350]]]";1
380;2;"[[[494, 301], [518, 332]], [[740, 319], [766, 346]]]";1
390;2;"[[[412, 259], [443, 285]], [[666, 280], [699, 306]]]";1
400;2;"[[[326, 262], [355, 290]], [[591, 278], [623, 307]]]";1
410;2;"[[[239, 266], [266, 298]], [[515, 278], [543, 314]]]";1
420;2;"[[[339, 230], [366, 259]], [[602, 246], [637, 276]]]";1
430;2;"[[[388, 269], [418, 299]], [[649, 288], [682, 319]]]";1
440;2;"[[[355, 270], [378, 297]], [[624, 295], [650, 326]]]";1
450;2;"[[[318, 252], [345, 280]], [[593, 271], [627, 303]]]";1
460;2;"[[[293, 228], [325, 258]], [[573, 240], [607, 272]]]";1
470;2;"[[[265, 194], [293, 226]], [[558, 225], [594, 258]]]";1
480;2;"[[[257, 170], [286, 202]], [[555, 197], [585, 230]]]";1
490;2;"[[[293, 272], [323, 302]], [[587, 283], [617, 313]]]";1
500;2;"[[[301, 166], [327, 199]], [[601, 189], [631, 222]]]";1
510;2;"[[[210, 96], [240, 129]], [[527, 126], [561, 161]]]";1
520;2;"[[[431, 209], [458, 237]], [[720, 217], [752, 249]]]";1
530;2;"[[[672, 175], [701, 205]], [[954, 187], [988, 221]]]";1
540;2;"[[[853, 177], [879, 207]], [[1133, 182], [1167, 216]]]";1
550;2;"[[[998, 210], [1023, 244]], [[1286, 208], [1310, 238]]]";1
560;1;"[[[1138, 172], [1166, 204]]]";1
570;1;"[[[1146, 222], [1175, 253]]]";1
580;0;"[]";1
590;0;"[]";1
600;1;"[[[1257, 273], [1286, 302]]]";1
610;1;"[[[1017, 239], [1042, 272]]]";1
620;1;"[[[1093, 191], [1130, 228]]]";1
630;2;"[[[478, 191], [515, 224]], [[817, 217], [850, 257]]]";1
640;2;"[[[90, 215], [129, 253]], [[486, 240], [526, 281]]]";1
650;2;"[[[53, 133], [97, 171]], [[466, 153], [508, 196]]]";1
660;1;"[[[452, 268], [492, 310]]]";1
670;1;"[[[534, 489], [570, 526]]]";1
680;1;"[[[613, 579], [655, 621]]]";1
690;1;"[[[598, 682], [640, 715]]]";1
700;1;"[[[617, 634], [656, 676]]]";1
710;1;"[[[630, 345], [682, 394]]]";1
720;1;"[[[601, 189], [649, 241]]]";1
730;1;"[[[504, 133], [556, 180]]]";1
740;1;"[[[653, 142], [706, 190]]]";1
750;1;"[[[777, 240], [831, 288]]]";1
760;1;"[[[873, 265], [920, 311]]]";1
770;1;"[[[997, 288], [1046, 334]]]";1
780;1;"[[[919, 316], [973, 366]]]";1
790;1;"[[[612, 298], [664, 350]]]";1
800;1;"[[[480, 241], [534, 299]]]";1
810;1;"[[[319, 244], [375, 309]]]";1
820;0;"[]";1
830;0;"[]";1
840;0;"[]";1
850;0;"[]";1
860;0;"[]";1
870;0;"[]";1
880;0;"[]";1
890;0;"[]";1
900;0;"[]";1
910;1;"[[[30, 8], [228, 125]]]";1
920;0;"[]";1
930;0;"[]";1
940;0;"[]";1
950;0;"[]";1
960;0;"[]";1
970;0;"[]";1
980;0;"[]";1
990;0;"[]";1
1000;0;"[]";1
1010;0;"[]";1
1020;0;"[]";1
1030;0;"[]";1
1040;0;"[]";1
1050;0;"[]";1
1060;0;"[]";1
1070;0;"[]";1
1080;0;"[]";1
1090;1;"[[[148, 343], [178, 378]]]";0
1100;2;"[[[158, 332], [189, 370]], [[417, 362], [442, 393]]]";0
1110;2;"[[[425, 329], [450, 362]], [[655, 352], [677, 382]]]";0
1120;2;"[[[566, 317], [589, 346]], [[786, 336], [809, 360]]]";0
1130;2;"[[[567, 341], [595, 364]], [[787, 360], [811, 383]]]";0
1140;2;"[[[572, 356], [600, 383]], [[793, 369], [817, 398]]]";0
1150;2;"[[[573, 343], [600, 374]], [[795, 361], [817, 387]]]";0
1160;2;"[[[564, 346], [595, 373]], [[785, 366], [808, 391]]]";0
1170;2;"[[[573, 354], [598, 381]], [[792, 368], [817, 398]]]";0
1180;2;"[[[576, 358], [605, 387]], [[798, 377], [828, 400]]]";0
1190;2;"[[[561, 381], [586, 408]], [[779, 397], [804, 427]]]";0
1200;2;"[[[568, 413], [593, 444]], [[785, 431], [810, 456]]]";0
1210;2;"[[[582, 464], [605, 494]], [[802, 483], [825, 509]]]";0
1220;2;"[[[589, 500], [611, 528]], [[808, 517], [833, 546]]]";0
1230;2;"[[[586, 566], [612, 595]], [[805, 587], [829, 615]]]";0
1240;2;"[[[588, 603], [616, 630]], [[806, 619], [830, 643]]]";0
1250;0;"[]";0
1260;0;"[]";0
1270;0;"[]";0
1280;2;"[[[543, 580], [569, 614]], [[764, 606], [790, 633]]]";0
1290;2;"[[[542, 451], [567, 480]], [[766, 469], [792, 495]]]";0
1300;2;"[[[12, 38], [12, 38]], [[738, 343], [761, 363]]]";0
1310;2;"[[[510, 138], [540, 163]], [[739, 158], [762, 181]]]";0
1320;2;"[[[511, 138], [535, 157]], [[740, 154], [769, 176]]]";0
1330;2;"[[[510, 116], [539, 140]], [[741, 136], [766, 156]]]";0
1340;2;"[[[503, 75], [533, 98]], [[736, 92], [763, 113]]]";0
1350;2;"[[[529, 135], [558, 159]], [[760, 153], [785, 176]]]";0
1360;2;"[[[556, 292], [587, 316]], [[782, 315], [805, 339]]]";0
1370;2;"[[[585, 305], [614, 326]], [[807, 325], [832, 346]]]";0
1380;2;"[[[683, 328], [715, 354]], [[903, 346], [927, 370]]]";0
1390;2;"[[[804, 358], [829, 381]], [[1018, 372], [1039, 394]]]";0
1400;2;"[[[950, 369], [975, 392]], [[1165, 379], [1190, 400]]]";0
1410;2;"[[[1062, 401], [1090, 425]], [[1278, 406], [1303, 432]]]";0
1420;1;"[[[1153, 398], [1182, 421]]]";0
1430;1;"[[[1197, 394], [1225, 416]]]";0
1440;1;"[[[1135, 386], [1167, 414]]]";0
1450;2;"[[[953, 391], [986, 413]], [[1164, 404], [1189, 425]]]";0
1460;2;"[[[837, 362], [864, 390]], [[1046, 381], [1076, 404]]]";0
1470;2;"[[[741, 353], [774, 382]], [[958, 372], [984, 395]]]";0
1480;2;"[[[641, 351], [671, 379]], [[860, 373], [884, 402]]]";0
1490;2;"[[[544, 347], [574, 376]], [[767, 371], [793, 397]]]";0
1500;2;"[[[427, 355], [460, 383]], [[659, 381], [690, 406]]]";0
1510;2;"[[[261, 320], [293, 347]], [[507, 346], [534, 372]]]";0
1520;2;"[[[152, 323], [185, 351]], [[412, 354], [443, 384]]]";0
1530;2;"[[[89, 340], [126, 374]], [[353, 368], [386, 396]]]";0
1540;2;"[[[116, 333], [146, 364]], [[380, 369], [411, 396]]]";0
1550;2;"[[[191, 336], [218, 369]], [[442, 366], [471, 395]]]";0
1560;2;"[[[259, 343], [290, 371]], [[502, 370], [533, 397]]]";0
1570;2;"[[[351, 355], [382, 384]], [[589, 379], [614, 406]]]";0
1580;2;"[[[469, 355], [499, 384]], [[697, 374], [723, 398]]]";0
1590;2;"[[[567, 348], [594, 376]], [[788, 367], [817, 391]]]";0
1600;2;"[[[580, 355], [608, 381]], [[804, 374], [831, 397]]]";0
1610;2;"[[[570, 362], [602, 390]], [[794, 378], [822, 404]]]";0
1620;2;"[[[564, 354], [590, 383]], [[785, 373], [808, 402]]]";0
1630;2;"[[[546, 359], [576, 387]], [[769, 382], [797, 403]]]";0
1640;2;"[[[548, 363], [579, 385]], [[768, 380], [793, 407]]]";0
1650;2;"[[[552, 364], [585, 392]], [[778, 383], [805, 409]]]";0
1660;2;"[[[568, 376], [601, 403]], [[789, 396], [818, 424]]]";0
1670;2;"[[[572, 369], [599, 397]], [[791, 387], [821, 414]]]";0
1680;2;"[[[568, 368], [598, 395]], [[789, 387], [819, 408]]]";0
1690;2;"[[[571, 365], [604, 392]], [[796, 383], [820, 408]]]";0
1700;2;"[[[572, 365], [604, 393]], [[793, 383], [819, 413]]]";0
1710;2;"[[[573, 360], [604, 391]], [[796, 380], [822, 404]]]";0
1720;2;"[[[570, 364], [597, 400]], [[791, 387], [817, 416]]]";0
1730;2;"[[[560, 364], [593, 394]], [[785, 383], [814, 412]]]";0
1740;2;"[[[573, 357], [603, 389]], [[795, 380], [819, 404]]]";0
1750;2;"[[[571, 352], [597, 381]], [[790, 372], [819, 399]]]";0
1760;2;"[[[565, 349], [595, 375]], [[786, 372], [815, 394]]]";0
1770;2;"[[[575, 354], [604, 381]], [[799, 374], [824, 399]]]";0
1780;2;"[[[578, 359], [611, 386]], [[802, 375], [833, 404]]]";0
1790;2;"[[[591, 362], [621, 394]], [[810, 384], [835, 407]]]";0
1800;2;"[[[590, 359], [617, 387]], [[811, 382], [836, 410]]]";0
1810;2;"[[[574, 358], [601, 390]], [[795, 383], [823, 410]]]";0
1820;2;"[[[578, 359], [605, 388]], [[799, 380], [827, 408]]]";0
1830;2;"[[[572, 349], [600, 379]], [[790, 370], [815, 394]]]";0
1840;2;"[[[578, 335], [606, 365]], [[800, 355], [823, 385]]]";0
1850;2;"[[[580, 330], [605, 362]], [[800, 351], [830, 378]]]";0
1860;2;"[[[587, 329], [618, 356]], [[811, 348], [835, 375]]]";0
1870;2;"[[[585, 329], [614, 361]], [[807, 350], [829, 377]]]";0
1880;2;"[[[582, 330], [612, 360]], [[801, 351], [829, 378]]]";0
1890;2;"[[[576, 329], [608, 358]], [[797, 348], [830, 374]]]";0
1900;2;"[[[581, 313], [614, 343]], [[806, 335], [831, 360]]]";0
1910;2;"[[[580, 312], [612, 342]], [[805, 333], [832, 359]]]";0
1920;2;"[[[591, 413], [621, 438]], [[814, 430], [837, 456]]]";0
1930;2;"[[[589, 479], [621, 511]], [[810, 501], [838, 524]]]";0
1940;2;"[[[579, 561], [612, 589]], [[799, 581], [832, 604]]]";0
1950;0;"[]";0
1960;0;"[]";0
1970;0;"[]";0
1980;0;"[]";0
1990;0;"[]";0
2000;2;"[[[560, 634], [586, 663]], [[780, 649], [808, 679]]]";0
2010;2;"[[[566, 550], [590, 579]], [[788, 568], [812, 595]]]";0
2020;2;"[[[556, 417], [584, 452]], [[779, 435], [805, 461]]]";0
2030;2;"[[[539, 290], [569, 321]], [[764, 304], [791, 334]]]";0
2040;2;"[[[521, 147], [549, 177]], [[750, 167], [777, 195]]]";0
2050;2;"[[[520, 111], [552, 142]], [[754, 130], [780, 159]]]";0
2060;2;"[[[531, 137], [564, 166]], [[763, 155], [792, 188]]]";0
2070;2;"[[[545, 211], [575, 237]], [[768, 229], [800, 258]]]";0
2080;2;"[[[538, 359], [564, 388]], [[762, 378], [789, 408]]]";0
2090;2;"[[[540, 422], [568, 451]], [[765, 444], [792, 472]]]";0
2100;2;"[[[548, 413], [579, 445]], [[769, 436], [800, 465]]]";0
2110;1;"[[[777, 420], [804, 441]]]";0
2120;0;"[]";0
2130;2;"[[[564, 396], [596, 427]], [[785, 420], [809, 450]]]";0
2140;2;"[[[558, 408], [586, 440]], [[778, 434], [804, 462]]]";0
2150;2;"[[[556, 431], [587, 460]], [[781, 458], [803, 486]]]";0
2160;2;"[[[549, 485], [581, 516]], [[770, 508], [799, 537]]]";0
2170;2;"[[[543, 508], [577, 541]], [[768, 531], [798, 561]]]";0
2180;2;"[[[550, 489], [584, 530]], [[772, 513], [795, 544]]]";0
2190;2;"[[[550, 380], [577, 411]], [[769, 403], [796, 434]]]";0
2200;2;"[[[547, 335], [582, 372]], [[771, 359], [798, 387]]]";0
2210;2;"[[[549, 333], [575, 364]], [[774, 358], [795, 381]]]";0
2220;2;"[[[558, 317], [591, 349]], [[781, 338], [806, 369]]]";0
2230;2;"[[[560, 318], [591, 349]], [[785, 342], [808, 373]]]";0
2240;2;"[[[554, 307], [590, 339]], [[780, 325], [808, 357]]]";0
2250;2;"[[[544, 300], [583, 330]], [[772, 320], [805, 351]]]";0
2260;2;"[[[535, 299], [569, 331]], [[762, 322], [787, 348]]]";0
2270;2;"[[[508, 275], [539, 312]], [[733, 301], [759, 329]]]";0
2280;2;"[[[501, 267], [535, 303]], [[728, 297], [761, 325]]]";0
2290;2;"[[[508, 268], [539, 300]], [[736, 290], [763, 319]]]";0
2300;2;"[[[556, 292], [585, 319]], [[782, 313], [807, 340]]]";0
2310;2;"[[[550, 310], [579, 339]], [[775, 327], [802, 356]]]";0
2320;2;"[[[564, 302], [593, 332]], [[790, 317], [817, 347]]]";0
2330;2;"[[[544, 265], [571, 297]], [[768, 285], [794, 314]]]";0
2340;2;"[[[557, 265], [584, 295]], [[780, 282], [806, 311]]]";0
2350;2;"[[[559, 255], [589, 286]], [[783, 275], [814, 305]]]";0
2360;2;"[[[576, 269], [607, 304]], [[799, 288], [826, 323]]]";0
2370;2;"[[[585, 272], [616, 302]], [[806, 292], [836, 323]]]";0
2380;2;"[[[607, 270], [637, 308]], [[825, 297], [860, 326]]]";0
2390;2;"[[[601, 243], [633, 278]], [[828, 268], [851, 298]]]";0
2400;2;"[[[582, 246], [612, 274]], [[804, 268], [839, 299]]]";0
2410;2;"[[[550, 238], [577, 269]], [[774, 261], [806, 289]]]";0
2420;2;"[[[526, 208], [553, 242]], [[752, 231], [783, 258]]]";0
2430;2;"[[[534, 223], [568, 255]], [[765, 243], [796, 269]]]";0
2440;2;"[[[515, 215], [546, 240]], [[745, 235], [773, 264]]]";0
2450;1;"[[[744, 277], [771, 299]]]";1
2460;2;"[[[517, 247], [551, 278]], [[747, 271], [780, 302]]]";1
2470;2;"[[[529, 249], [556, 278]], [[755, 275], [782, 302]]]";1
2480;2;"[[[520, 248], [553, 279]], [[754, 268], [780, 300]]]";1
2490;2;"[[[498, 240], [534, 268]], [[731, 259], [758, 289]]]";1
2500;2;"[[[502, 237], [531, 269]], [[733, 256], [762, 286]]]";1
2510;2;"[[[543, 252], [576, 284]], [[773, 273], [801, 300]]]";1
2520;2;"[[[538, 242], [571, 269]], [[769, 260], [800, 287]]]";1
2530;2;"[[[462, 294], [492, 324]], [[696, 313], [727, 343]]]";1
2540;1;"[[[692, 314], [722, 344]]]";1
2550;0;"[]";1
2560;0;"[]";1
2570;1;"[[[429, 268], [470, 297]]]";1
2580;2;"[[[460, 271], [489, 305]], [[697, 293], [730, 328]]]";1
2590;2;"[[[496, 246], [529, 280]], [[730, 265], [760, 298]]]";1
2600;2;"[[[519, 244], [552, 274]], [[756, 262], [783, 296]]]";1
2610;2;"[[[431, 246], [466, 279]], [[674, 268], [714, 306]]]";1
2620;2;"[[[530, 300], [566, 334]], [[773, 317], [799, 349]]]";1
2630;2;"[[[545, 231], [573, 261]], [[784, 248], [814, 276]]]";1
2640;2;"[[[440, 213], [477, 246]], [[693, 232], [719, 264]]]";1
2650;2;"[[[437, 295], [476, 324]], [[695, 316], [720, 350]]]";1
2660;2;"[[[520, 229], [555, 263]], [[769, 251], [804, 285]]]";1
2670;2;"[[[432, 205], [466, 239]], [[695, 235], [727, 270]]]";1
2680;2;"[[[377, 269], [412, 306]], [[651, 300], [681, 332]]]";1
2690;2;"[[[425, 202], [463, 235]], [[699, 230], [729, 262]]]";1
2700;2;"[[[377, 207], [409, 245]], [[658, 239], [684, 276]]]";1
2710;2;"[[[380, 243], [415, 280]], [[662, 266], [694, 301]]]";1
2720;2;"[[[446, 197], [483, 232]], [[727, 218], [762, 258]]]";1
2730;2;"[[[386, 146], [420, 187]], [[669, 179], [704, 215]]]";1
2740;2;"[[[353, 247], [387, 282]], [[644, 276], [676, 314]]]";1
2750;2;"[[[435, 201], [478, 240]], [[726, 223], [758, 261]]]";1
2760;2;"[[[357, 239], [390, 273]], [[658, 270], [688, 305]]]";1
2770;2;"[[[346, 253], [384, 287]], [[650, 275], [689, 312]]]";1
2780;2;"[[[378, 225], [413, 260]], [[684, 248], [721, 282]]]";1
2790;2;"[[[305, 196], [340, 229]], [[620, 215], [664, 252]]]";1
2800;2;"[[[333, 250], [372, 288]], [[650, 279], [690, 315]]]";1
2810;2;"[[[339, 173], [381, 211]], [[667, 199], [707, 238]]]";1
2820;2;"[[[280, 97], [317, 140]], [[617, 131], [662, 176]]]";1
2830;2;"[[[238, 177], [280, 220]], [[584, 215], [629, 256]]]";1
2840;2;"[[[352, 183], [389, 221]], [[684, 212], [725, 248]]]";1
2850;2;"[[[255, 132], [297, 174]], [[611, 169], [651, 207]]]";1
2860;2;"[[[236, 201], [282, 242]], [[604, 237], [639, 278]]]";1
2870;2;"[[[257, 149], [306, 189]], [[629, 181], [675, 230]]]";1
2880;1;"[[[578, 162], [623, 203]]]";1
2890;1;"[[[601, 163], [645, 204]]]";1
2900;1;"[[[589, 172], [646, 218]]]";1
2910;1;"[[[510, 94], [554, 134]]]";1
2920;1;"[[[590, 175], [629, 217]]]";1
2930;1;"[[[586, 183], [639, 231]]]";1
2940;1;"[[[514, 125], [572, 176]]]";1
2950;1;"[[[558, 179], [606, 224]]]";1
2960;1;"[[[586, 164], [634, 215]]]";1
2970;1;"[[[507, 176], [554, 226]]]";1
2980;1;"[[[494, 75], [551, 132]]]";1
2990;1;"[[[492, 138], [534, 192]]]";1
3000;1;"[[[399, 130], [452, 186]]]";1
3010;1;"[[[466, 58], [522, 117]]]";1
3020;1;"[[[411, 97], [467, 160]]]";1
3030;1;"[[[307, 67], [377, 135]]]";1
3040;1;"[[[361, 72], [427, 135]]]";1
3050;1;"[[[311, 125], [378, 192]]]";1
3060;1;"[[[326, 170], [399, 237]]]";1
3070;1;"[[[360, 287], [428, 351]]]";1
3080;1;"[[[369, 428], [437, 497]]]";1
3090;1;"[[[296, 352], [366, 421]]]";1
3100;0;"[]";1
3110;0;"[]";1
3120;0;"[]";1
3130;0;"[]";1
3140;0;"[]";1
3150;0;"[]";1
3160;0;"[]";1
3170;0;"[]";1
3180;0;"[]";1
3190;0;"[]";1
3200;0;"[]";1
3210;0;"[]";1
3220;0;"[]";1
3230;0;"[]";1
3240;0;"[]";1
3250;0;"[]";1
3260;0;"[]";1
3270;0;"[]";1
3280;0;"[]";1
3290;0;"[]";1
3300;0;"[]";1
3310;2;"[[[148, 302], [179, 335]], [[410, 332], [439, 360]]]";0
3320;2;"[[[468, 283], [496, 314]], [[694, 306], [722, 336]]]";0
3330;2;"[[[603, 233], [635, 263]], [[825, 247], [853, 274]]]";0
3340;2;"[[[585, 232], [614, 258]], [[811, 248], [837, 274]]]";0
3350;2;"[[[584, 242], [613, 267]], [[805, 254], [833, 288]]]";0
3360;2;"[[[561, 232], [589, 265]], [[783, 250], [808, 274]]]";0
3370;2;"[[[581, 246], [612, 279]], [[806, 261], [831, 288]]]";0
3380;2;"[[[577, 244], [611, 276]], [[796, 258], [823, 284]]]";0
3390;2;"[[[520, 236], [550, 268]], [[747, 250], [775, 282]]]";0
3400;2;"[[[490, 220], [530, 252]], [[724, 245], [753, 273]]]";0
3410;2;"[[[479, 210], [516, 244]], [[711, 236], [740, 265]]]";0
3420;2;"[[[504, 213], [534, 245]], [[734, 238], [758, 264]]]";0
3430;2;"[[[512, 220], [545, 249]], [[736, 242], [770, 273]]]";0
3440;2;"[[[548, 193], [579, 227]], [[770, 222], [801, 252]]]";0
3450;2;"[[[523, 214], [563, 251]], [[755, 243], [782, 275]]]";0
3460;2;"[[[504, 231], [533, 264]], [[730, 255], [756, 285]]]";0
3470;2;"[[[504, 210], [538, 242]], [[731, 232], [764, 263]]]";0
3480;2;"[[[509, 199], [541, 234]], [[738, 225], [764, 255]]]";0
3490;2;"[[[525, 178], [555, 210]], [[751, 204], [783, 236]]]";0
3500;2;"[[[491, 191], [516, 219]], [[716, 209], [744, 243]]]";0
3510;2;"[[[473, 169], [509, 197]], [[702, 187], [734, 220]]]";0
3520;2;"[[[468, 149], [502, 181]], [[701, 172], [735, 209]]]";0
3530;2;"[[[464, 142], [502, 173]], [[699, 166], [733, 207]]]";0
3540;2;"[[[466, 141], [503, 176]], [[702, 164], [728, 201]]]";0
3550;2;"[[[473, 144], [500, 178]], [[696, 174], [733, 212]]]";0
3560;2;"[[[461, 140], [494, 175]], [[693, 167], [720, 199]]]";0
3570;2;"[[[470, 140], [495, 174]], [[694, 163], [731, 200]]]";0
3580;2;"[[[457, 133], [493, 170]], [[689, 159], [720, 197]]]";0
3590;2;"[[[446, 184], [472, 217]], [[677, 213], [704, 248]]]";1
3600;2;"[[[471, 201], [498, 226]], [[699, 224], [731, 256]]]";1
3610;2;"[[[500, 201], [532, 230]], [[723, 225], [757, 259]]]";1
3620;2;"[[[498, 189], [529, 219]], [[719, 211], [757, 250]]]";1
3630;2;"[[[457, 194], [493, 229]], [[694, 220], [725, 253]]]";1
3640;2;"[[[470, 166], [504, 199]], [[701, 189], [736, 225]]]";1
3650;2;"[[[456, 200], [487, 232]], [[690, 219], [722, 250]]]";1
3660;2;"[[[363, 177], [401, 211]], [[609, 202], [640, 234]]]";1
3670;2;"[[[548, 228], [573, 259]], [[773, 247], [809, 277]]]";1
3680;2;"[[[551, 183], [586, 211]], [[788, 200], [817, 234]]]";1
3690;2;"[[[462, 172], [503, 204]], [[709, 196], [745, 228]]]";1
3700;2;"[[[514, 226], [546, 259]], [[755, 244], [789, 278]]]";1
3710;2;"[[[542, 159], [574, 193]], [[783, 180], [816, 218]]]";1
3720;2;"[[[471, 125], [507, 163]], [[725, 150], [765, 186]]]";1
3730;2;"[[[491, 234], [523, 263]], [[743, 256], [771, 294]]]";1
3740;2;"[[[532, 152], [567, 191]], [[786, 182], [822, 217]]]";1
3750;2;"[[[465, 119], [503, 161]], [[732, 155], [765, 190]]]";1
3760;1;"[[[782, 297], [817, 332]]]";1
3770;2;"[[[513, 265], [548, 300]], [[781, 297], [813, 331]]]";1
3780;2;"[[[414, 164], [460, 202]], [[700, 198], [735, 236]]]";1
3790;2;"[[[631, 133], [675, 175]], [[905, 163], [944, 204]]]";1
3800;2;"[[[879, 190], [914, 220]], [[1142, 205], [1178, 243]]]";1
3810;1;"[[[1043, 199], [1074, 232]]]";1
3820;1;"[[[1214, 232], [1246, 272]]]";1
3830;0;"[]";1
3840;0;"[]";1
3850;2;"[[[932, 282], [968, 313]], [[1215, 291], [1256, 328]]]";1
3860;2;"[[[752, 248], [784, 280]], [[1046, 272], [1074, 306]]]";1
3870;2;"[[[439, 195], [477, 233]], [[749, 227], [794, 269]]]";1
3880;2;"[[[348, 200], [391, 236]], [[677, 228], [712, 267]]]";1
3890;2;"[[[417, 181], [451, 216]], [[741, 214], [778, 255]]]";1
3900;2;"[[[360, 129], [406, 165]], [[701, 155], [744, 198]]]";1
3910;2;"[[[431, 130], [477, 170]], [[767, 152], [811, 192]]]";1
3920;2;"[[[463, 132], [507, 172]], [[805, 160], [846, 201]]]";1
3930;2;"[[[352, 88], [397, 127]], [[706, 113], [748, 156]]]";1
3940;2;"[[[427, 116], [473, 151]], [[786, 132], [828, 168]]]";1
3950;2;"[[[438, 129], [480, 173]], [[792, 156], [841, 200]]]";1
3960;2;"[[[346, 111], [394, 153]], [[724, 132], [770, 177]]]";1
3970;2;"[[[403, 93], [457, 137]], [[780, 105], [832, 150]]]";1
3980;1;"[[[744, 155], [798, 205]]]";1
3990;1;"[[[728, 136], [786, 181]]]";1
4000;1;"[[[775, 28], [835, 80]]]";1
4010;1;"[[[685, 127], [734, 176]]]";1
4020;1;"[[[690, 158], [747, 203]]]";1
4030;1;"[[[700, 70], [755, 115]]]";1
4040;1;"[[[558, 80], [617, 139]]]";1
4050;1;"[[[519, 66], [582, 123]]]";1
4060;1;"[[[585, 37], [645, 90]]]";1
4070;1;"[[[508, 3], [576, 56]]]";1
4080;1;"[[[537, 37], [595, 97]]]";1
4090;1;"[[[577, 302], [635, 366]]]";1
4100;1;"[[[494, 288], [562, 347]]]";1
4110;1;"[[[544, 264], [613, 336]]]";1
4120;1;"[[[513, 296], [586, 362]]]";1
4130;1;"[[[536, 281], [606, 344]]]";1
4140;1;"[[[604, 114], [681, 187]]]";1
4150;1;"[[[499, 129], [577, 205]]]";1
4160;0;"[]";1
4170;0;"[]";1
4180;0;"[]";1
4190;0;"[]";1
4200;0;"[]";1
4210;0;"[]";1
4220;0;"[]";1
4230;0;"[]";1
4240;0;"[]";1
4250;0;"[]";1
4260;0;"[]";1
4270;0;"[]";1
4280;0;"[]";1
4290;0;"[]";1
4300;0;"[]";1
4310;0;"[]";1
4320;0;"[]";1
4330;0;"[]";1
4340;0;"[]";1
4350;0;"[]";1
4360;0;"[]";1
4370;1;"[[[205, 273], [242, 311]]]";0
4380;2;"[[[200, 266], [233, 302]], [[414, 286], [444, 320]]]";0
4390;2;"[[[378, 264], [409, 303]], [[576, 283], [605, 313]]]";0
4400;2;"[[[508, 271], [542, 309]], [[695, 285], [728, 314]]]";0
4410;2;"[[[565, 281], [592, 312]], [[748, 295], [780, 325]]]";0
4420;2;"[[[547, 273], [582, 304]], [[736, 288], [765, 318]]]";0
4430;0;"[]";0
4440;0;"[]";0
4450;2;"[[[941, 317], [972, 348]], [[1121, 327], [1150, 351]]]";0
4460;0;"[]";0
4470;0;"[]";0
4480;0;"[]";0
4490;0;"[]";0
4500;0;"[]";0
4510;0;"[]";0
4520;0;"[]";0
4530;0;"[]";0
4540;0;"[]";0
4550;0;"[]";0
4560;2;"[[[744, 295], [778, 327]], [[930, 314], [960, 342]]]";0
4570;2;"[[[604, 297], [636, 328]], [[789, 320], [816, 346]]]";0
4580;2;"[[[415, 297], [454, 332]], [[612, 321], [641, 347]]]";0
4590;2;"[[[222, 288], [255, 323]], [[432, 314], [476, 348]]]";0
4600;2;"[[[87, 283], [122, 319]], [[316, 305], [351, 342]]]";0
4610;2;"[[[23, 286], [61, 325]], [[262, 315], [301, 349]]]";0
4620;2;"[[[103, 281], [138, 321]], [[327, 306], [365, 339]]]";0
4630;2;"[[[276, 298], [301, 330]], [[480, 316], [515, 350]]]";0
4640;2;"[[[444, 323], [476, 353]], [[635, 340], [664, 371]]]";0
4650;2;"[[[536, 337], [564, 363]], [[722, 351], [749, 382]]]";0
4660;2;"[[[589, 339], [624, 372]], [[773, 356], [801, 390]]]";0
4670;0;"[]";0
4680;0;"[]";0
4690;0;"[]";0
4700;0;"[]";0
4710;0;"[]";0
4720;0;"[]";0
4730;0;"[]";0
4740;0;"[]";0
4750;0;"[]";0
4760;0;"[]";0
4770;0;"[]";0
4780;0;"[]";0
4790;2;"[[[525, 372], [558, 403]], [[717, 383], [749, 410]]]";0
4800;2;"[[[503, 267], [537, 304]], [[695, 282], [730, 318]]]";0
4810;2;"[[[503, 179], [537, 222]], [[695, 202], [730, 230]]]";0
4820;2;"[[[484, 159], [513, 193]], [[678, 175], [703, 208]]]";0
4830;2;"[[[487, 149], [519, 182]], [[681, 170], [712, 200]]]";0
4840;2;"[[[492, 203], [530, 240]], [[686, 229], [712, 261]]]";0
4850;2;"[[[479, 244], [509, 280]], [[673, 271], [701, 301]]]";0
4860;2;"[[[467, 286], [493, 319]], [[652, 307], [684, 337]]]";0
4870;2;"[[[456, 341], [481, 371]], [[643, 354], [672, 382]]]";0
4880;2;"[[[452, 323], [488, 349]], [[651, 336], [679, 368]]]";0
4890;0;"[]";0
4900;0;"[]";0
4910;0;"[]";0
4920;0;"[]";0
4930;0;"[]";0
4940;0;"[]";0
4950;2;"[[[390, 265], [423, 297]], [[587, 281], [616, 313]]]";0
4960;2;"[[[394, 267], [425, 300]], [[589, 278], [621, 314]]]";0
4970;2;"[[[396, 252], [423, 285]], [[591, 266], [619, 298]]]";0
4980;0;"[]";0
4990;0;"[]";0
5000;0;"[]";0
5010;0;"[]";0
5020;0;"[]";0
5030;0;"[]";0
5040;0;"[]";0
5050;0;"[]";0
5060;0;"[]";0
5070;2;"[[[421, 248], [454, 280]], [[617, 261], [650, 291]]]";0
5080;2;"[[[437, 231], [474, 259]], [[632, 242], [660, 275]]]";0
5090;2;"[[[441, 222], [472, 255]], [[632, 232], [660, 267]]]";0
5100;2;"[[[441, 211], [473, 239]], [[635, 227], [666, 260]]]";0
5110;2;"[[[403, 218], [434, 249]], [[603, 237], [635, 264]]]";0
5120;2;"[[[420, 198], [454, 233]], [[613, 214], [646, 246]]]";0
5130;0;"[]";0
5140;0;"[]";0
5150;2;"[[[731, 183], [768, 217]], [[918, 196], [947, 227]]]";0
5160;2;"[[[818, 187], [848, 217]], [[997, 193], [1028, 226]]]";0
5170;0;"[]";0
5180;0;"[]";0
5190;0;"[]";0
5200;0;"[]";0
5210;2;"[[[689, 235], [722, 267]], [[874, 248], [903, 275]]]";0
5220;2;"[[[437, 200], [476, 232]], [[632, 217], [665, 245]]]";0
5230;2;"[[[152, 171], [193, 206]], [[369, 186], [414, 224]]]";0
5240;1;"[[[175, 194], [219, 231]]]";0
5250;0;"[]";0
5260;0;"[]";0
5270;2;"[[[404, 180], [436, 211]], [[601, 196], [633, 227]]]";0
5280;0;"[]";0
5290;0;"[]";0
5300;2;"[[[465, 209], [498, 236]], [[662, 225], [686, 252]]]";0
5310;0;"[]";0
5320;2;"[[[455, 198], [487, 230]], [[652, 218], [681, 245]]]";0
5330;2;"[[[451, 188], [478, 220]], [[646, 207], [676, 243]]]";0
5340;2;"[[[441, 185], [477, 218]], [[640, 203], [671, 235]]]";0
5350;0;"[]";0
5360;0;"[]";0
5370;0;"[]";0
5380;0;"[]";0
5390;0;"[]";0
5400;0;"[]";0
5410;2;"[[[410, 166], [443, 198]], [[608, 187], [639, 217]]]";0
5420;2;"[[[395, 170], [428, 207]], [[595, 188], [628, 224]]]";0
5430;2;"[[[386, 168], [421, 205]], [[590, 195], [619, 227]]]";0
5440;0;"[]";0
5450;2;"[[[389, 206], [421, 239]], [[586, 228], [625, 267]]]";1
5460;2;"[[[378, 216], [417, 249]], [[581, 236], [615, 269]]]";1
5470;2;"[[[351, 216], [391, 251]], [[552, 239], [587, 271]]]";1
5480;2;"[[[328, 209], [361, 240]], [[535, 229], [561, 263]]]";1
5490;2;"[[[296, 219], [328, 250]], [[504, 232], [533, 273]]]";1
5500;2;"[[[310, 229], [343, 260]], [[513, 240], [550, 281]]]";1
5510;2;"[[[324, 234], [358, 267]], [[531, 241], [566, 282]]]";1
5520;2;"[[[282, 213], [312, 248]], [[489, 218], [524, 259]]]";1
5530;2;"[[[296, 229], [329, 264]], [[504, 241], [540, 276]]]";1
5540;2;"[[[232, 169], [266, 202]], [[447, 182], [485, 223]]]";1
5550;2;"[[[234, 144], [279, 184]], [[457, 164], [492, 203]]]";1
5560;2;"[[[264, 267], [303, 301]], [[481, 281], [520, 320]]]";1
5570;2;"[[[285, 255], [325, 297]], [[503, 283], [540, 315]]]";1
5580;2;"[[[295, 238], [337, 275]], [[520, 258], [552, 294]]]";1
5590;2;"[[[320, 297], [360, 328]], [[534, 307], [571, 343]]]";1
5600;2;"[[[350, 244], [381, 286]], [[567, 267], [607, 305]]]";1
5610;2;"[[[199, 191], [243, 225]], [[441, 203], [481, 239]]]";1
5620;2;"[[[249, 300], [282, 331]], [[475, 307], [515, 342]]]";1
5630;2;"[[[303, 239], [335, 271]], [[531, 253], [569, 296]]]";1
5640;2;"[[[352, 236], [387, 278]], [[577, 257], [612, 295]]]";1
5650;2;"[[[577, 323], [613, 353]], [[788, 322], [824, 368]]]";1
5660;2;"[[[714, 279], [747, 310]], [[924, 281], [962, 325]]]";1
5670;2;"[[[784, 249], [823, 280]], [[999, 244], [1028, 279]]]";1
5680;2;"[[[893, 299], [928, 330]], [[1107, 296], [1144, 333]]]";1
5690;2;"[[[895, 260], [934, 293]], [[1114, 263], [1149, 300]]]";1
5700;2;"[[[580, 242], [612, 278]], [[802, 261], [841, 296]]]";1
5710;2;"[[[355, 254], [402, 295]], [[605, 265], [648, 307]]]";1
5720;2;"[[[43, 250], [92, 287]], [[332, 278], [382, 321]]]";1
5730;1;"[[[259, 235], [305, 276]]]";1
5740;1;"[[[299, 229], [353, 279]]]";1
5750;1;"[[[286, 255], [337, 299]]]";1
5760;1;"[[[233, 253], [275, 300]]]";1
5770;1;"[[[285, 241], [338, 292]]]";1
5780;1;"[[[281, 223], [331, 276]]]";1
5790;1;"[[[231, 197], [278, 242]]]";1
5800;1;"[[[310, 138], [359, 192]]]";1
5810;1;"[[[378, 138], [431, 192]]]";1
5820;1;"[[[467, 188], [522, 229]]]";1
5830;1;"[[[451, 130], [508, 185]]]";1
5840;1;"[[[421, 234], [472, 280]]]";1
5850;1;"[[[416, 201], [469, 255]]]";1
5860;1;"[[[460, 171], [509, 223]]]";1
5870;0;"[]";1
5880;1;"[[[334, 160], [382, 214]]]";1
5890;0;"[]";1
5900;1;"[[[264, 101], [321, 159]]]";1
