frameno;no_of_circles;bounding_box_position;color
0;2;"[[[371, 265], [403, 288]], [[632, 283], [665, 306]]]";0
1;2;"[[[372, 267], [402, 291]], [[630, 287], [660, 309]]]";0
2;2;"[[[373, 268], [402, 292]], [[631, 286], [661, 311]]]";0
3;2;"[[[375, 268], [404, 292]], [[633, 288], [658, 311]]]";0
4;2;"[[[372, 270], [400, 294]], [[630, 286], [659, 310]]]";0
5;2;"[[[372, 269], [400, 291]], [[631, 286], [661, 309]]]";0
6;2;"[[[371, 270], [401, 294]], [[631, 288], [659, 311]]]";0
7;2;"[[[371, 273], [402, 296]], [[629, 286], [655, 311]]]";0
8;2;"[[[371, 272], [402, 300]], [[631, 290], [657, 312]]]";0
9;2;"[[[371, 271], [396, 296]], [[631, 288], [661, 313]]]";0
10;2;"[[[371, 268], [400, 294]], [[629, 289], [660, 315]]]";0
11;2;"[[[370, 269], [399, 297]], [[628, 287], [656, 313]]]";0
12;2;"[[[368, 271], [399, 297]], [[627, 289], [657, 312]]]";0
13;2;"[[[366, 273], [397, 297]], [[628, 290], [654, 315]]]";0
14;2;"[[[366, 268], [393, 297]], [[626, 289], [654, 311]]]";0
15;2;"[[[365, 270], [396, 294]], [[626, 289], [655, 313]]]";0
16;2;"[[[365, 268], [391, 294]], [[625, 287], [650, 311]]]";0
17;2;"[[[363, 268], [395, 293]], [[625, 284], [652, 310]]]";0
18;2;"[[[366, 264], [398, 291]], [[626, 283], [652, 310]]]";0
19;2;"[[[366, 267], [396, 291]], [[627, 285], [654, 309]]]";0
20;2;"[[[366, 267], [395, 291]], [[626, 286], [653, 309]]]";0
21;2;"[[[367, 268], [401, 292]], [[627, 288], [654, 308]]]";0
22;2;"[[[368, 268], [397, 290]], [[626, 286], [655, 311]]]";0
23;2;"[[[365, 265], [398, 291]], [[629, 287], [656, 310]]]";0
24;2;"[[[368, 265], [399, 292]], [[627, 288], [657, 312]]]";0
25;2;"[[[368, 269], [396, 294]], [[626, 288], [658, 314]]]";0
26;2;"[[[368, 269], [400, 296]], [[628, 287], [656, 311]]]";0
27;2;"[[[370, 269], [401, 295]], [[630, 288], [656, 314]]]";0
28;2;"[[[369, 269], [398, 292]], [[628, 290], [657, 312]]]";0
29;2;"[[[366, 269], [398, 293]], [[629, 289], [654, 310]]]";0
30;2;"[[[366, 270], [395, 297]], [[626, 289], [653, 311]]]";0
31;2;"[[[366, 272], [397, 294]], [[626, 289], [652, 314]]]";0
32;2;"[[[366, 268], [397, 295]], [[623, 288], [656, 315]]]";0
33;2;"[[[365, 273], [399, 300]], [[625, 289], [658, 316]]]";0
34;2;"[[[366, 270], [398, 302]], [[626, 291], [655, 317]]]";0
35;2;"[[[367, 271], [396, 300]], [[625, 290], [655, 322]]]";0
36;2;"[[[365, 275], [392, 302]], [[624, 293], [657, 321]]]";0
37;2;"[[[363, 277], [391, 302]], [[624, 295], [651, 321]]]";0
38;2;"[[[366, 279], [392, 303]], [[628, 299], [650, 321]]]";0
39;2;"[[[366, 278], [395, 304]], [[626, 298], [656, 320]]]";0
40;2;"[[[365, 275], [397, 301]], [[626, 296], [652, 320]]]";0
41;2;"[[[364, 277], [395, 302]], [[622, 298], [653, 322]]]";0
42;2;"[[[361, 275], [391, 302]], [[623, 297], [651, 320]]]";0
43;2;"[[[359, 276], [388, 302]], [[619, 297], [649, 320]]]";0
44;2;"[[[359, 273], [388, 300]], [[620, 292], [648, 321]]]";0
45;2;"[[[357, 271], [386, 298]], [[619, 289], [646, 318]]]";0
46;2;"[[[359, 271], [385, 296]], [[617, 287], [647, 314]]]";0
47;2;"[[[356, 269], [383, 294]], [[618, 290], [644, 315]]]";0
48;2;"[[[354, 269], [382, 295]], [[617, 287], [644, 313]]]";0
49;2;"[[[352, 271], [383, 296]], [[615, 290], [640, 312]]]";0
50;2;"[[[352, 267], [381, 296]], [[615, 288], [641, 312]]]";0
51;2;"[[[352, 271], [377, 294]], [[612, 290], [640, 313]]]";0
52;2;"[[[354, 269], [380, 294]], [[612, 288], [640, 311]]]";0
53;2;"[[[351, 267], [380, 292]], [[613, 285], [644, 310]]]";0
54;2;"[[[351, 267], [381, 293]], [[612, 287], [639, 313]]]";0
55;2;"[[[351, 267], [378, 293]], [[611, 287], [640, 310]]]";0
56;2;"[[[349, 268], [382, 294]], [[611, 286], [645, 310]]]";0
57;2;"[[[350, 269], [380, 294]], [[614, 289], [639, 311]]]";0
58;2;"[[[351, 269], [381, 293]], [[614, 287], [639, 311]]]";0
59;2;"[[[352, 269], [382, 295]], [[615, 287], [641, 312]]]";0
60;2;"[[[351, 269], [387, 297]], [[615, 289], [647, 311]]]";0
61;2;"[[[351, 269], [381, 295]], [[614, 291], [642, 313]]]";0
62;2;"[[[352, 271], [381, 296]], [[613, 291], [641, 314]]]";0
63;2;"[[[356, 272], [384, 293]], [[616, 290], [645, 314]]]";0
64;2;"[[[356, 272], [385, 294]], [[619, 288], [646, 313]]]";0
65;2;"[[[359, 271], [385, 295]], [[621, 287], [645, 312]]]";0
66;2;"[[[359, 271], [388, 298]], [[620, 286], [646, 314]]]";0
67;2;"[[[358, 270], [384, 294]], [[619, 289], [645, 313]]]";0
68;2;"[[[357, 273], [384, 298]], [[620, 290], [645, 313]]]";0
69;2;"[[[361, 272], [389, 296]], [[620, 287], [646, 313]]]";0
70;2;"[[[359, 272], [386, 298]], [[623, 290], [647, 313]]]";0
71;2;"[[[360, 274], [387, 297]], [[622, 289], [648, 311]]]";0
72;2;"[[[360, 273], [388, 296]], [[621, 291], [649, 311]]]";0
73;2;"[[[360, 271], [390, 294]], [[623, 288], [650, 314]]]";0
74;2;"[[[364, 272], [389, 297]], [[623, 289], [651, 313]]]";0
75;2;"[[[365, 272], [390, 298]], [[624, 289], [650, 313]]]";0
76;2;"[[[367, 272], [397, 296]], [[628, 290], [653, 314]]]";0
77;2;"[[[368, 269], [397, 296]], [[629, 288], [652, 312]]]";0
78;2;"[[[370, 274], [396, 297]], [[631, 288], [656, 314]]]";0
79;2;"[[[371, 273], [399, 299]], [[630, 292], [658, 315]]]";0
80;2;"[[[370, 277], [400, 302]], [[632, 293], [660, 317]]]";0
81;2;"[[[374, 278], [401, 302]], [[633, 291], [660, 318]]]";0
82;2;"[[[375, 274], [402, 303]], [[635, 291], [661, 318]]]";0
83;2;"[[[378, 277], [404, 304]], [[638, 294], [664, 320]]]";0
84;2;"[[[381, 281], [406, 306]], [[637, 298], [663, 324]]]";0
85;2;"[[[378, 283], [405, 309]], [[636, 301], [663, 326]]]";0
86;2;"[[[374, 288], [402, 315]], [[635, 307], [664, 331]]]";0
87;2;"[[[370, 288], [397, 315]], [[630, 306], [658, 331]]]";0
88;2;"[[[372, 288], [396, 313]], [[630, 303], [658, 330]]]";0
89;2;"[[[372, 287], [401, 312]], [[632, 302], [657, 328]]]";0
90;2;"[[[373, 288], [398, 312]], [[634, 306], [658, 329]]]";0
91;2;"[[[376, 292], [401, 316]], [[635, 305], [659, 332]]]";0
92;2;"[[[378, 294], [401, 317]], [[637, 312], [659, 335]]]";0
93;2;"[[[382, 292], [406, 316]], [[639, 311], [664, 333]]]";0
94;2;"[[[383, 291], [409, 314]], [[641, 311], [666, 331]]]";0
95;2;"[[[386, 290], [411, 316]], [[644, 308], [670, 329]]]";0
96;2;"[[[388, 289], [417, 311]], [[647, 305], [672, 331]]]";0
97;2;"[[[393, 290], [418, 316]], [[650, 308], [673, 330]]]";0
98;2;"[[[391, 295], [421, 319]], [[650, 309], [674, 332]]]";0
99;2;"[[[393, 297], [415, 320]], [[651, 311], [675, 332]]]";0
100;2;"[[[394, 299], [417, 321]], [[651, 313], [674, 337]]]";0
101;2;"[[[395, 300], [419, 322]], [[652, 312], [675, 336]]]";0
102;2;"[[[394, 297], [421, 325]], [[652, 315], [676, 340]]]";0
103;2;"[[[396, 301], [419, 326]], [[654, 315], [679, 340]]]";0
104;2;"[[[395, 301], [419, 323]], [[652, 313], [676, 341]]]";0
105;2;"[[[394, 301], [418, 325]], [[651, 317], [675, 340]]]";0
106;2;"[[[396, 297], [420, 323]], [[651, 315], [677, 342]]]";0
107;2;"[[[396, 297], [422, 324]], [[651, 314], [676, 338]]]";0
108;2;"[[[393, 299], [422, 321]], [[652, 316], [673, 338]]]";0
109;2;"[[[392, 298], [418, 326]], [[650, 312], [672, 339]]]";0
110;2;"[[[389, 297], [416, 321]], [[648, 311], [675, 338]]]";0
111;2;"[[[390, 298], [416, 323]], [[648, 312], [672, 337]]]";0
112;2;"[[[391, 300], [420, 322]], [[648, 315], [676, 337]]]";0
113;2;"[[[391, 296], [417, 319]], [[651, 313], [675, 337]]]";0
114;2;"[[[389, 291], [415, 317]], [[649, 310], [673, 333]]]";0
115;2;"[[[388, 288], [412, 315]], [[645, 307], [670, 330]]]";0
116;2;"[[[386, 288], [413, 314]], [[644, 304], [672, 332]]]";0
117;2;"[[[384, 284], [414, 313]], [[644, 303], [669, 327]]]";0
118;2;"[[[386, 283], [412, 310]], [[644, 302], [671, 326]]]";0
119;2;"[[[386, 282], [411, 308]], [[641, 299], [670, 323]]]";0
120;2;"[[[384, 281], [413, 308]], [[644, 297], [669, 320]]]";0
121;2;"[[[387, 281], [411, 303]], [[644, 295], [673, 318]]]";0
122;2;"[[[387, 274], [416, 299]], [[645, 290], [672, 313]]]";0
123;2;"[[[387, 268], [417, 290]], [[645, 282], [670, 310]]]";0
124;2;"[[[389, 257], [417, 282]], [[643, 273], [674, 300]]]";0
125;2;"[[[385, 255], [413, 278]], [[644, 271], [675, 295]]]";0
126;2;"[[[388, 252], [413, 278]], [[646, 270], [672, 293]]]";0
127;2;"[[[388, 253], [413, 275]], [[648, 266], [672, 293]]]";0
128;2;"[[[388, 251], [415, 278]], [[646, 267], [672, 293]]]";0
129;2;"[[[391, 250], [416, 277]], [[649, 267], [674, 292]]]";0
130;2;"[[[392, 251], [418, 275]], [[652, 267], [675, 290]]]";0
131;2;"[[[393, 248], [420, 276]], [[651, 263], [679, 288]]]";0
132;2;"[[[393, 247], [420, 273]], [[652, 263], [680, 288]]]";0
133;2;"[[[390, 246], [417, 269]], [[651, 261], [675, 285]]]";0
134;2;"[[[395, 234], [421, 258]], [[654, 250], [681, 275]]]";0
135;2;"[[[393, 230], [418, 254]], [[655, 242], [680, 269]]]";0
136;2;"[[[393, 225], [421, 252]], [[655, 240], [680, 264]]]";0
137;2;"[[[395, 223], [420, 249]], [[654, 236], [676, 259]]]";0
138;2;"[[[394, 218], [418, 242]], [[652, 235], [681, 259]]]";0
139;2;"[[[393, 216], [417, 239]], [[650, 229], [679, 256]]]";0
140;2;"[[[391, 213], [417, 240]], [[652, 225], [678, 253]]]";0
141;2;"[[[391, 211], [418, 239]], [[653, 226], [678, 249]]]";0
142;2;"[[[393, 210], [420, 235]], [[654, 225], [681, 248]]]";0
143;2;"[[[394, 207], [422, 229]], [[653, 220], [676, 247]]]";0
144;2;"[[[393, 205], [421, 230]], [[653, 220], [677, 242]]]";0
145;2;"[[[395, 205], [421, 229]], [[653, 218], [682, 243]]]";0
146;2;"[[[393, 203], [419, 226]], [[654, 211], [678, 241]]]";0
147;2;"[[[397, 197], [421, 224]], [[657, 211], [683, 239]]]";0
148;2;"[[[394, 195], [422, 220]], [[652, 209], [682, 234]]]";0
149;2;"[[[394, 193], [427, 220]], [[653, 207], [683, 232]]]";0
150;2;"[[[396, 190], [424, 213]], [[656, 203], [681, 230]]]";0
151;2;"[[[401, 185], [430, 212]], [[660, 197], [683, 223]]]";0
152;2;"[[[403, 182], [431, 206]], [[665, 195], [692, 219]]]";0
153;2;"[[[409, 175], [434, 200]], [[669, 188], [691, 213]]]";0
154;2;"[[[411, 169], [437, 197]], [[669, 186], [698, 211]]]";0
155;2;"[[[410, 169], [436, 193]], [[666, 179], [697, 205]]]";0
156;2;"[[[406, 166], [439, 189]], [[666, 177], [695, 202]]]";0
157;2;"[[[408, 163], [437, 188]], [[667, 174], [694, 198]]]";0
158;2;"[[[407, 158], [437, 182]], [[667, 173], [693, 196]]]";0
159;2;"[[[407, 154], [433, 179]], [[668, 171], [693, 193]]]";0
160;2;"[[[408, 153], [432, 175]], [[667, 167], [695, 192]]]";0
161;2;"[[[406, 147], [435, 175]], [[666, 161], [692, 189]]]";0
162;2;"[[[406, 145], [434, 171]], [[668, 158], [693, 187]]]";0
163;2;"[[[403, 138], [431, 172]], [[664, 155], [692, 183]]]";0
164;2;"[[[403, 139], [426, 165]], [[665, 153], [691, 180]]]";0
165;2;"[[[401, 138], [427, 160]], [[661, 153], [690, 176]]]";0
166;2;"[[[400, 134], [424, 159]], [[662, 149], [689, 172]]]";0
167;2;"[[[399, 130], [423, 156]], [[660, 143], [685, 171]]]";0
168;2;"[[[394, 127], [421, 149]], [[660, 141], [686, 164]]]";0
169;2;"[[[395, 119], [421, 143]], [[658, 134], [686, 158]]]";0
170;2;"[[[397, 119], [426, 141]], [[656, 127], [684, 154]]]";0
171;2;"[[[396, 116], [425, 138]], [[659, 128], [684, 154]]]";0
172;2;"[[[395, 113], [420, 138]], [[658, 124], [681, 150]]]";0
173;2;"[[[393, 109], [420, 136]], [[657, 125], [687, 149]]]";0
174;2;"[[[393, 109], [424, 134]], [[658, 119], [681, 147]]]";0
175;2;"[[[394, 104], [419, 128]], [[658, 120], [681, 145]]]";0
176;2;"[[[392, 101], [417, 125]], [[656, 115], [680, 138]]]";0
177;2;"[[[390, 98], [419, 123]], [[654, 113], [681, 137]]]";0
178;2;"[[[388, 94], [419, 120]], [[654, 109], [683, 136]]]";0
179;2;"[[[387, 90], [413, 118]], [[654, 105], [681, 135]]]";0
180;2;"[[[387, 88], [415, 117]], [[652, 102], [677, 126]]]";0
181;2;"[[[388, 82], [412, 108]], [[653, 102], [679, 125]]]";0
182;2;"[[[386, 80], [417, 104]], [[652, 95], [680, 122]]]";0
183;2;"[[[388, 74], [419, 100]], [[652, 88], [682, 114]]]";0
184;2;"[[[386, 70], [415, 95]], [[653, 82], [678, 110]]]";0
185;2;"[[[385, 64], [416, 91]], [[651, 80], [677, 104]]]";0
186;2;"[[[386, 60], [411, 85]], [[652, 75], [678, 100]]]";0
187;2;"[[[386, 57], [413, 80]], [[650, 69], [680, 96]]]";0
188;2;"[[[385, 50], [412, 77]], [[652, 62], [678, 89]]]";0
189;2;"[[[386, 44], [409, 71]], [[652, 57], [680, 88]]]";0
190;2;"[[[385, 41], [414, 65]], [[652, 53], [681, 80]]]";0
191;2;"[[[386, 36], [415, 62]], [[653, 52], [683, 79]]]";0
192;2;"[[[386, 34], [416, 58]], [[655, 48], [683, 75]]]";0
193;2;"[[[389, 32], [417, 54]], [[658, 48], [682, 74]]]";0
194;2;"[[[390, 28], [419, 51]], [[659, 44], [685, 67]]]";0
195;2;"[[[393, 26], [418, 51]], [[660, 41], [686, 65]]]";0
196;2;"[[[395, 23], [419, 47]], [[663, 40], [687, 64]]]";0
197;2;"[[[396, 20], [423, 45]], [[663, 38], [690, 63]]]";0
198;2;"[[[396, 22], [424, 47]], [[666, 35], [688, 62]]]";0
199;2;"[[[400, 19], [425, 43]], [[666, 36], [694, 58]]]";0
200;2;"[[[401, 18], [426, 43]], [[667, 34], [693, 57]]]";0
201;2;"[[[398, 17], [425, 41]], [[668, 31], [695, 55]]]";0
202;2;"[[[400, 10], [428, 37]], [[670, 28], [695, 54]]]";0
203;2;"[[[401, 11], [431, 37]], [[671, 26], [695, 52]]]";0
204;2;"[[[405, 7], [431, 32]], [[671, 21], [698, 49]]]";0
205;2;"[[[405, 7], [432, 33]], [[673, 23], [702, 45]]]";0
206;2;"[[[404, 3], [429, 27]], [[673, 18], [702, 42]]]";0
207;2;"[[[404, 3], [434, 26]], [[671, 16], [699, 40]]]";0
208;2;"[[[403, 1], [431, 24]], [[668, 12], [698, 40]]]";0
209;2;"[[[400, 1], [429, 22]], [[668, 13], [695, 36]]]";0
210;2;"[[[397, 1], [425, 17]], [[667, 10], [692, 35]]]";0
211;1;"[[[665, 9], [692, 35]]]";0
212;1;"[[[666, 7], [689, 32]]]";0
213;1;"[[[665, 6], [694, 32]]]";0
214;1;"[[[664, 5], [692, 32]]]";0
215;1;"[[[665, 6], [692, 31]]]";0
216;1;"[[[662, 3], [691, 30]]]";0
217;1;"[[[665, 3], [692, 32]]]";0
218;1;"[[[664, 2], [692, 30]]]";0
219;1;"[[[667, 2], [693, 28]]]";0
220;1;"[[[667, 1], [695, 28]]]";0
221;1;"[[[667, 3], [692, 27]]]";0
222;1;"[[[668, 2], [696, 26]]]";0
223;1;"[[[668, 2], [695, 25]]]";0
224;1;"[[[669, 1], [697, 24]]]";0
225;1;"[[[667, 2], [695, 23]]]";0
226;1;"[[[666, 0], [696, 23]]]";0
227;1;"[[[667, 0], [695, 21]]]";0
228;1;"[[[666, 1], [697, 20]]]";0
229;1;"[[[663, 0], [699, 21]]]";0
230;1;"[[[667, 0], [697, 22]]]";0
231;1;"[[[669, 0], [701, 21]]]";0
232;1;"[[[669, 0], [699, 21]]]";0
233;1;"[[[671, 1], [696, 21]]]";0
234;1;"[[[671, 0], [699, 21]]]";0
235;1;"[[[671, 1], [698, 21]]]";0
236;1;"[[[672, 1], [699, 25]]]";0
237;1;"[[[672, 1], [700, 23]]]";0
238;1;"[[[671, 0], [703, 25]]]";0
239;1;"[[[672, 1], [701, 26]]]";0
240;1;"[[[673, 2], [699, 25]]]";0
241;1;"[[[675, 1], [700, 26]]]";0
242;1;"[[[673, 3], [703, 29]]]";0
243;1;"[[[672, 6], [699, 29]]]";0
244;1;"[[[402, 0], [432, 20]]]";0
245;2;"[[[407, 0], [431, 23]], [[676, 10], [699, 34]]]";0
246;2;"[[[408, 0], [435, 25]], [[672, 11], [699, 37]]]";0
247;2;"[[[407, 1], [439, 26]], [[673, 11], [701, 39]]]";0
248;2;"[[[405, 2], [436, 28]], [[674, 10], [701, 42]]]";0
249;2;"[[[406, 3], [433, 30]], [[675, 13], [700, 41]]]";0
250;2;"[[[409, 3], [434, 30]], [[676, 17], [704, 40]]]";0
251;2;"[[[407, 6], [433, 29]], [[675, 14], [700, 42]]]";0
252;2;"[[[405, 5], [434, 30]], [[676, 15], [701, 39]]]";0
253;2;"[[[405, 4], [434, 28]], [[676, 17], [700, 41]]]";0
254;2;"[[[404, 4], [432, 29]], [[673, 15], [700, 43]]]";0
255;2;"[[[404, 4], [432, 29]], [[672, 14], [701, 40]]]";0
256;2;"[[[404, 3], [431, 28]], [[673, 15], [700, 42]]]";0
257;2;"[[[406, 3], [434, 28]], [[672, 13], [700, 41]]]";0
258;2;"[[[404, 3], [431, 25]], [[674, 13], [699, 40]]]";0
259;2;"[[[403, 4], [431, 27]], [[673, 13], [696, 40]]]";0
260;2;"[[[402, 3], [431, 30]], [[672, 13], [699, 43]]]";0
261;2;"[[[405, 5], [432, 31]], [[672, 16], [700, 43]]]";0
262;2;"[[[405, 7], [434, 35]], [[672, 17], [699, 47]]]";0
263;2;"[[[406, 9], [432, 36]], [[673, 25], [699, 51]]]";0
264;2;"[[[408, 11], [438, 39]], [[674, 27], [699, 50]]]";0
265;2;"[[[410, 14], [437, 41]], [[674, 28], [700, 56]]]";0
266;2;"[[[410, 19], [439, 45]], [[675, 32], [699, 60]]]";0
267;2;"[[[411, 26], [435, 54]], [[676, 36], [701, 63]]]";0
268;2;"[[[413, 30], [436, 57]], [[677, 43], [705, 70]]]";0
269;2;"[[[414, 36], [441, 65]], [[678, 51], [705, 78]]]";0
270;2;"[[[413, 47], [442, 74]], [[677, 58], [703, 84]]]";0
271;2;"[[[414, 57], [443, 82]], [[678, 64], [702, 91]]]";0
272;2;"[[[412, 63], [441, 90]], [[677, 75], [702, 102]]]";0
273;2;"[[[413, 71], [438, 95]], [[674, 79], [701, 107]]]";0
274;2;"[[[412, 79], [435, 103]], [[673, 87], [697, 115]]]";0
275;2;"[[[410, 84], [437, 110]], [[674, 97], [700, 124]]]";0
276;2;"[[[412, 93], [438, 117]], [[676, 105], [697, 129]]]";0
277;2;"[[[414, 97], [437, 126]], [[675, 107], [700, 135]]]";0
278;2;"[[[410, 103], [439, 131]], [[671, 113], [700, 139]]]";0
279;2;"[[[411, 106], [440, 133]], [[671, 116], [697, 145]]]";0
280;2;"[[[410, 113], [437, 139]], [[673, 122], [698, 148]]]";0
281;2;"[[[411, 119], [436, 144]], [[673, 126], [696, 156]]]";0
282;2;"[[[412, 121], [435, 148]], [[672, 135], [700, 162]]]";0
283;2;"[[[412, 130], [437, 157]], [[674, 140], [699, 166]]]";0
284;2;"[[[414, 136], [441, 164]], [[672, 147], [699, 172]]]";0
285;2;"[[[415, 139], [441, 168]], [[673, 153], [700, 184]]]";0
286;2;"[[[413, 144], [440, 174]], [[674, 155], [701, 183]]]";0
287;2;"[[[414, 148], [442, 174]], [[673, 158], [700, 187]]]";0
288;2;"[[[416, 151], [442, 180]], [[674, 163], [701, 193]]]";0
289;2;"[[[416, 156], [443, 185]], [[674, 166], [700, 197]]]";0
290;2;"[[[417, 162], [444, 190]], [[676, 173], [701, 201]]]";0
291;2;"[[[420, 164], [445, 194]], [[675, 179], [703, 206]]]";0
292;2;"[[[417, 173], [444, 201]], [[676, 182], [702, 210]]]";0
293;2;"[[[419, 178], [444, 206]], [[677, 186], [704, 215]]]";0
294;2;"[[[420, 182], [446, 210]], [[677, 192], [703, 221]]]";0
295;2;"[[[419, 189], [444, 214]], [[679, 199], [702, 226]]]";0
296;2;"[[[417, 195], [442, 219]], [[677, 205], [699, 231]]]";0
297;2;"[[[416, 199], [440, 227]], [[673, 210], [698, 237]]]";0
298;2;"[[[415, 204], [438, 231]], [[673, 214], [696, 244]]]";0
299;2;"[[[416, 206], [440, 233]], [[674, 218], [700, 243]]]";0
300;2;"[[[416, 210], [444, 241]], [[673, 222], [697, 251]]]";0
301;2;"[[[417, 216], [447, 245]], [[673, 226], [697, 254]]]";0
302;2;"[[[414, 221], [442, 248]], [[672, 232], [699, 259]]]";0
303;2;"[[[412, 224], [438, 252]], [[670, 238], [693, 262]]]";0
304;2;"[[[412, 225], [437, 256]], [[672, 239], [698, 269]]]";0
305;2;"[[[412, 227], [440, 258]], [[668, 240], [697, 271]]]";0
306;2;"[[[411, 232], [439, 261]], [[669, 240], [694, 271]]]";0
307;2;"[[[414, 234], [436, 261]], [[671, 243], [696, 272]]]";0
308;2;"[[[412, 235], [441, 263]], [[670, 249], [696, 274]]]";0
309;2;"[[[414, 236], [440, 266]], [[670, 250], [698, 280]]]";0
310;2;"[[[412, 240], [436, 267]], [[669, 253], [698, 280]]]";0
311;2;"[[[411, 241], [436, 268]], [[667, 257], [694, 281]]]";0
312;2;"[[[410, 240], [434, 268]], [[668, 256], [692, 282]]]";0
313;2;"[[[411, 245], [438, 276]], [[668, 262], [697, 287]]]";0
314;2;"[[[409, 250], [435, 279]], [[669, 267], [693, 291]]]";0
315;2;"[[[410, 254], [435, 279]], [[665, 268], [693, 296]]]";0
316;2;"[[[411, 256], [432, 287]], [[667, 270], [691, 302]]]";0
317;2;"[[[410, 259], [437, 289]], [[666, 276], [694, 305]]]";0
318;2;"[[[411, 263], [437, 290]], [[668, 279], [691, 306]]]";0
319;2;"[[[408, 265], [433, 294]], [[667, 278], [690, 308]]]";0
320;2;"[[[408, 271], [430, 300]], [[664, 285], [687, 314]]]";0
321;2;"[[[408, 276], [431, 304]], [[663, 290], [688, 315]]]";0
322;2;"[[[409, 280], [431, 307]], [[664, 296], [690, 323]]]";0
323;2;"[[[407, 283], [435, 315]], [[664, 300], [688, 326]]]";0
324;2;"[[[410, 287], [432, 316]], [[663, 298], [690, 329]]]";0
325;2;"[[[409, 289], [435, 320]], [[667, 304], [690, 333]]]";0
326;2;"[[[413, 294], [433, 324]], [[669, 309], [695, 333]]]";0
327;2;"[[[413, 296], [438, 327]], [[670, 314], [693, 338]]]";0
328;2;"[[[410, 298], [439, 333]], [[666, 313], [697, 344]]]";0
329;2;"[[[413, 305], [440, 338]], [[668, 318], [695, 349]]]";0
330;2;"[[[418, 313], [446, 346]], [[672, 329], [700, 358]]]";0
331;2;"[[[426, 325], [450, 356]], [[680, 338], [705, 369]]]";0
332;2;"[[[430, 332], [456, 363]], [[684, 346], [707, 373]]]";0
333;2;"[[[432, 343], [458, 372]], [[686, 358], [708, 384]]]";0
334;2;"[[[431, 349], [455, 381]], [[687, 364], [713, 390]]]";0
335;2;"[[[433, 354], [461, 386]], [[687, 371], [712, 398]]]";0
336;2;"[[[436, 361], [461, 388]], [[689, 374], [712, 399]]]";0
337;2;"[[[438, 364], [461, 393]], [[687, 378], [717, 403]]]";0
338;2;"[[[439, 363], [462, 396]], [[690, 381], [720, 407]]]";0
339;2;"[[[440, 368], [462, 397]], [[692, 381], [713, 408]]]";0
340;2;"[[[442, 371], [466, 401]], [[691, 384], [718, 415]]]";0
341;2;"[[[441, 374], [467, 402]], [[691, 389], [719, 415]]]";0
342;2;"[[[441, 375], [465, 405]], [[691, 389], [719, 420]]]";0
343;2;"[[[439, 380], [467, 409]], [[694, 395], [718, 422]]]";0
344;2;"[[[442, 384], [467, 411]], [[695, 400], [717, 424]]]";0
345;2;"[[[443, 389], [471, 414]], [[695, 403], [718, 429]]]";0
346;2;"[[[442, 395], [468, 420]], [[695, 409], [719, 433]]]";0
347;2;"[[[443, 397], [467, 427]], [[695, 409], [723, 437]]]";0
348;2;"[[[444, 401], [472, 433]], [[695, 416], [723, 440]]]";0
349;2;"[[[449, 404], [470, 428]], [[700, 416], [723, 444]]]";0
350;2;"[[[447, 406], [474, 434]], [[701, 421], [724, 449]]]";0
351;2;"[[[448, 409], [475, 439]], [[700, 422], [731, 450]]]";0
352;2;"[[[449, 414], [472, 444]], [[698, 429], [726, 456]]]";0
353;2;"[[[447, 420], [470, 448]], [[699, 434], [722, 461]]]";0
354;2;"[[[446, 423], [475, 454]], [[696, 438], [723, 467]]]";0
355;2;"[[[449, 427], [472, 454]], [[700, 441], [725, 470]]]";0
356;2;"[[[449, 429], [477, 460]], [[700, 444], [723, 469]]]";0
357;2;"[[[451, 432], [474, 459]], [[701, 444], [729, 470]]]";0
358;2;"[[[450, 434], [476, 463]], [[702, 449], [726, 473]]]";0
359;2;"[[[452, 437], [473, 463]], [[703, 452], [735, 479]]]";0
360;2;"[[[450, 443], [471, 467]], [[700, 457], [724, 484]]]";0
361;2;"[[[448, 444], [470, 473]], [[700, 460], [724, 486]]]";0
362;2;"[[[448, 451], [471, 483]], [[698, 462], [725, 494]]]";0
363;2;"[[[447, 453], [472, 483]], [[697, 469], [721, 495]]]";0
364;2;"[[[447, 455], [467, 484]], [[698, 467], [724, 498]]]";0
365;2;"[[[445, 457], [471, 485]], [[695, 468], [718, 496]]]";0
366;2;"[[[444, 454], [468, 486]], [[694, 472], [717, 498]]]";0
367;2;"[[[442, 458], [470, 488]], [[693, 472], [723, 500]]]";0
368;2;"[[[444, 459], [470, 493]], [[695, 476], [721, 504]]]";0
369;2;"[[[444, 461], [469, 492]], [[692, 476], [721, 507]]]";0
370;2;"[[[444, 466], [467, 496]], [[695, 484], [719, 509]]]";0
371;2;"[[[444, 472], [470, 498]], [[696, 488], [719, 516]]]";0
372;2;"[[[443, 476], [468, 503]], [[696, 491], [723, 517]]]";0
373;2;"[[[446, 483], [472, 513]], [[696, 496], [725, 524]]]";0
374;2;"[[[445, 491], [471, 520]], [[697, 504], [722, 532]]]";0
375;2;"[[[445, 497], [469, 523]], [[694, 511], [725, 539]]]";0
376;2;"[[[441, 503], [469, 532]], [[697, 520], [720, 544]]]";0
377;2;"[[[441, 510], [466, 537]], [[695, 521], [722, 549]]]";0
378;2;"[[[443, 513], [470, 543]], [[697, 529], [719, 557]]]";0
379;2;"[[[445, 517], [470, 549]], [[696, 530], [722, 563]]]";0
380;2;"[[[449, 522], [471, 556]], [[697, 535], [720, 566]]]";0
381;2;"[[[449, 526], [473, 556]], [[698, 539], [721, 568]]]";0
382;2;"[[[450, 531], [474, 562]], [[699, 548], [721, 573]]]";0
383;2;"[[[448, 534], [470, 564]], [[696, 546], [720, 575]]]";0
384;2;"[[[445, 535], [466, 565]], [[697, 552], [720, 579]]]";0
385;2;"[[[445, 536], [469, 570]], [[694, 547], [719, 579]]]";0
386;2;"[[[446, 543], [469, 574]], [[697, 558], [725, 582]]]";0
387;2;"[[[443, 543], [469, 577]], [[695, 560], [721, 584]]]";0
388;2;"[[[442, 547], [473, 579]], [[695, 563], [719, 588]]]";0
389;2;"[[[442, 552], [465, 580]], [[693, 567], [718, 593]]]";0
390;2;"[[[445, 557], [467, 585]], [[695, 568], [717, 595]]]";0
391;2;"[[[445, 557], [472, 586]], [[694, 571], [722, 598]]]";0
392;2;"[[[445, 562], [471, 589]], [[697, 573], [723, 601]]]";0
393;2;"[[[447, 566], [469, 592]], [[695, 575], [723, 603]]]";0
394;2;"[[[449, 567], [473, 596]], [[697, 578], [728, 606]]]";0
395;2;"[[[449, 568], [471, 598]], [[696, 580], [726, 610]]]";0
396;2;"[[[449, 569], [474, 602]], [[697, 587], [725, 612]]]";0
397;2;"[[[448, 573], [477, 605]], [[698, 588], [729, 617]]]";0
398;2;"[[[450, 578], [475, 606]], [[701, 591], [724, 619]]]";0
399;2;"[[[452, 583], [477, 611]], [[702, 596], [725, 622]]]";0
400;2;"[[[449, 589], [477, 618]], [[699, 598], [726, 628]]]";0
401;2;"[[[451, 591], [474, 619]], [[700, 602], [725, 631]]]";0
402;2;"[[[450, 595], [478, 625]], [[700, 607], [724, 640]]]";0
403;2;"[[[451, 605], [477, 634]], [[701, 616], [725, 644]]]";0
404;2;"[[[451, 609], [475, 636]], [[699, 617], [722, 647]]]";0
405;2;"[[[451, 613], [474, 643]], [[699, 623], [723, 652]]]";0
406;2;"[[[448, 614], [471, 642]], [[699, 628], [724, 656]]]";0
407;2;"[[[446, 618], [473, 653]], [[698, 634], [723, 661]]]";0
408;2;"[[[448, 624], [472, 651]], [[697, 633], [727, 663]]]";0
409;2;"[[[447, 624], [473, 654]], [[698, 638], [722, 664]]]";0
410;2;"[[[450, 629], [473, 658]], [[697, 639], [727, 670]]]";0
411;2;"[[[449, 632], [473, 662]], [[700, 645], [723, 671]]]";0
412;2;"[[[451, 634], [474, 666]], [[700, 649], [727, 675]]]";0
413;2;"[[[451, 641], [477, 666]], [[700, 653], [726, 680]]]";0
414;2;"[[[452, 644], [476, 670]], [[703, 655], [728, 681]]]";0
415;2;"[[[450, 645], [477, 675]], [[702, 655], [725, 685]]]";0
416;2;"[[[452, 648], [476, 677]], [[701, 658], [730, 688]]]";0
417;2;"[[[451, 653], [476, 681]], [[702, 662], [727, 690]]]";0
418;2;"[[[453, 655], [474, 683]], [[702, 665], [724, 695]]]";0
419;2;"[[[452, 657], [480, 685]], [[699, 670], [724, 698]]]";0
420;2;"[[[450, 661], [474, 690]], [[702, 672], [727, 699]]]";0
421;2;"[[[448, 664], [474, 694]], [[699, 677], [724, 706]]]";0
422;2;"[[[453, 668], [476, 699]], [[700, 676], [728, 706]]]";0
423;2;"[[[450, 667], [476, 699]], [[703, 679], [730, 712]]]";0
424;2;"[[[453, 673], [474, 705]], [[702, 686], [728, 712]]]";0
425;2;"[[[451, 678], [473, 707]], [[700, 691], [724, 715]]]";0
426;2;"[[[448, 681], [470, 708]], [[702, 692], [724, 721]]]";0
427;2;"[[[445, 682], [471, 713]], [[699, 699], [723, 724]]]";0
428;2;"[[[446, 689], [471, 713]], [[697, 699], [722, 726]]]";0
429;2;"[[[447, 688], [473, 721]], [[701, 701], [724, 730]]]";0
430;2;"[[[450, 692], [473, 728]], [[702, 709], [726, 735]]]";0
431;2;"[[[452, 704], [475, 730]], [[703, 714], [728, 741]]]";0
432;2;"[[[449, 708], [477, 738]], [[701, 724], [724, 747]]]";0
433;2;"[[[450, 717], [472, 748]], [[704, 729], [725, 757]]]";0
434;2;"[[[447, 722], [475, 753]], [[703, 734], [725, 763]]]";0
435;2;"[[[450, 729], [476, 759]], [[701, 745], [725, 771]]]";0
436;2;"[[[451, 737], [473, 768]], [[700, 747], [724, 778]]]";0
437;2;"[[[449, 745], [470, 773]], [[698, 756], [722, 783]]]";0
438;2;"[[[448, 747], [470, 777]], [[699, 759], [723, 787]]]";0
439;2;"[[[447, 747], [469, 780]], [[697, 757], [722, 791]]]";0
440;2;"[[[449, 748], [472, 782]], [[698, 762], [723, 790]]]";0
441;2;"[[[447, 751], [479, 787]], [[700, 760], [725, 795]]]";0
442;2;"[[[449, 752], [477, 783]], [[700, 764], [728, 795]]]";0
443;2;"[[[450, 755], [475, 784]], [[703, 768], [727, 797]]]";0
444;2;"[[[449, 757], [473, 791]], [[702, 771], [725, 797]]]";0
445;2;"[[[450, 758], [471, 791]], [[699, 771], [724, 803]]]";0
446;2;"[[[451, 761], [475, 794]], [[703, 774], [726, 803]]]";0
447;2;"[[[452, 764], [473, 799]], [[703, 777], [726, 806]]]";0
448;2;"[[[451, 767], [474, 798]], [[702, 780], [726, 811]]]";0
449;2;"[[[449, 772], [470, 810]], [[699, 787], [725, 819]]]";0
450;2;"[[[447, 782], [469, 815]], [[698, 794], [725, 825]]]";0
451;2;"[[[445, 787], [469, 824]], [[698, 800], [721, 833]]]";0
452;2;"[[[448, 791], [473, 828]], [[699, 806], [723, 838]]]";0
453;2;"[[[449, 798], [473, 831]], [[700, 809], [729, 842]]]";0
454;2;"[[[448, 804], [472, 836]], [[699, 811], [724, 847]]]";0
455;2;"[[[444, 803], [473, 841]], [[695, 818], [726, 849]]]";0
456;2;"[[[443, 811], [471, 846]], [[697, 823], [724, 855]]]";0
457;2;"[[[442, 818], [468, 850]], [[695, 826], [724, 860]]]";0
458;2;"[[[442, 822], [466, 860]], [[697, 835], [719, 869]]]";0
459;2;"[[[444, 836], [465, 872]], [[696, 849], [720, 881]]]";0
460;2;"[[[438, 853], [465, 885]], [[696, 865], [717, 895]]]";0
461;2;"[[[434, 862], [463, 899]], [[690, 874], [719, 907]]]";0
462;2;"[[[436, 873], [461, 909]], [[693, 884], [718, 919]]]";0
463;2;"[[[435, 882], [461, 919]], [[692, 892], [717, 926]]]";0
464;2;"[[[438, 886], [461, 921]], [[691, 899], [716, 930]]]";0
465;2;"[[[436, 888], [457, 924]], [[690, 898], [719, 939]]]";0
466;2;"[[[433, 890], [456, 932]], [[687, 907], [716, 942]]]";0
467;2;"[[[430, 890], [456, 932]], [[689, 904], [716, 942]]]";0
468;2;"[[[431, 892], [461, 931]], [[689, 905], [715, 941]]]";0
469;2;"[[[433, 898], [460, 936]], [[689, 911], [720, 943]]]";0
470;2;"[[[436, 903], [461, 939]], [[689, 913], [719, 950]]]";0
471;2;"[[[434, 909], [457, 949]], [[689, 922], [717, 954]]]";0
472;2;"[[[433, 912], [461, 949]], [[688, 921], [720, 960]]]";0
473;2;"[[[432, 919], [463, 959]], [[690, 925], [720, 965]]]";0
474;2;"[[[436, 925], [461, 967]], [[693, 935], [720, 978]]]";0
475;2;"[[[433, 939], [460, 974]], [[692, 949], [718, 986]]]";0
476;2;"[[[431, 947], [459, 987]], [[687, 962], [714, 998]]]";0
477;2;"[[[430, 951], [457, 990]], [[688, 966], [718, 1004]]]";0
478;2;"[[[432, 951], [457, 997]], [[690, 965], [720, 1004]]]";0
479;2;"[[[434, 965], [462, 1002]], [[690, 974], [717, 1012]]]";0
480;2;"[[[434, 966], [459, 1006]], [[692, 976], [719, 1014]]]";0
481;2;"[[[433, 968], [460, 1006]], [[692, 981], [719, 1017]]]";0
482;2;"[[[432, 972], [458, 1011]], [[690, 984], [721, 1019]]]";0
483;2;"[[[433, 977], [457, 1012]], [[692, 991], [725, 1025]]]";0
484;2;"[[[431, 979], [454, 1016]], [[690, 994], [718, 1025]]]";0
485;2;"[[[430, 983], [455, 1020]], [[690, 999], [720, 1026]]]";0
486;2;"[[[429, 988], [453, 1022]], [[691, 1003], [718, 1027]]]";0
487;1;"[[[428, 993], [461, 1027]]]";0
488;1;"[[[427, 988], [453, 1027]]]";0
489;1;"[[[430, 991], [460, 1026]]]";0
490;1;"[[[429, 997], [462, 1027]]]";0
491;1;"[[[427, 998], [462, 1027]]]";0
492;1;"[[[424, 997], [460, 1027]]]";0
493;1;"[[[424, 1001], [465, 1027]]]";0
494;1;"[[[424, 997], [460, 1027]]]";0
495;1;"[[[426, 1001], [462, 1027]]]";0
496;1;"[[[425, 1001], [460, 1027]]]";0
497;1;"[[[425, 999], [459, 1027]]]";0
498;1;"[[[424, 996], [460, 1027]]]";0
499;1;"[[[424, 999], [458, 1027]]]";0
500;1;"[[[420, 999], [456, 1027]]]";0
501;1;"[[[422, 1000], [451, 1027]]]";0
502;1;"[[[418, 996], [455, 1027]]]";0
503;1;"[[[423, 1000], [460, 1027]]]";0
504;1;"[[[419, 994], [453, 1027]]]";0
505;1;"[[[421, 995], [452, 1027]]]";0
506;1;"[[[421, 997], [453, 1027]]]";0
507;1;"[[[419, 998], [449, 1027]]]";0
508;1;"[[[420, 1005], [450, 1027]]]";0
509;1;"[[[418, 1004], [448, 1027]]]";0
510;1;"[[[416, 1002], [443, 1027]]]";0
511;1;"[[[412, 993], [440, 1027]]]";0
512;0;[];0
513;0;[];0
514;0;[];0
515;0;[];0
516;0;[];0
517;0;[];0
518;0;[];0
519;2;"[[[419, 956], [441, 991]], [[679, 972], [708, 1002]]]";0
520;2;"[[[415, 951], [442, 983]], [[676, 967], [708, 1002]]]";0
521;2;"[[[416, 946], [441, 978]], [[678, 959], [703, 994]]]";0
522;2;"[[[416, 938], [439, 969]], [[678, 954], [703, 985]]]";0
523;2;"[[[414, 930], [439, 969]], [[676, 941], [705, 977]]]";0
524;2;"[[[417, 924], [443, 960]], [[678, 936], [705, 971]]]";0
525;2;"[[[419, 919], [442, 958]], [[678, 935], [704, 970]]]";0
526;2;"[[[414, 920], [443, 954]], [[677, 931], [708, 968]]]";0
527;2;"[[[418, 914], [441, 948]], [[676, 925], [703, 960]]]";0
528;2;"[[[418, 910], [446, 946]], [[677, 921], [706, 956]]]";0
529;2;"[[[416, 905], [446, 942]], [[678, 916], [704, 953]]]";0
530;2;"[[[423, 903], [446, 939]], [[679, 916], [705, 949]]]";0
531;2;"[[[421, 897], [451, 934]], [[679, 909], [707, 946]]]";0
532;2;"[[[423, 892], [452, 932]], [[684, 908], [712, 941]]]";0
533;2;"[[[425, 892], [446, 926]], [[680, 903], [711, 936]]]";0
534;2;"[[[423, 887], [448, 921]], [[681, 899], [706, 935]]]";0
535;2;"[[[420, 882], [447, 919]], [[681, 895], [705, 925]]]";0
536;2;"[[[423, 877], [448, 914]], [[680, 890], [705, 923]]]";0
537;2;"[[[422, 873], [449, 907]], [[679, 881], [704, 917]]]";0
538;2;"[[[425, 870], [450, 902]], [[678, 877], [706, 913]]]";0
539;2;"[[[423, 858], [449, 897]], [[681, 876], [707, 908]]]";0
540;2;"[[[425, 856], [453, 890]], [[680, 870], [707, 898]]]";0
541;2;"[[[423, 846], [452, 881]], [[680, 862], [706, 893]]]";0
542;2;"[[[428, 845], [454, 879]], [[684, 857], [710, 887]]]";0
543;2;"[[[428, 840], [453, 877]], [[684, 857], [709, 885]]]";0
544;2;"[[[429, 838], [454, 875]], [[684, 849], [708, 882]]]";0
545;2;"[[[429, 832], [452, 867]], [[681, 846], [708, 877]]]";0
546;2;"[[[428, 830], [454, 866]], [[683, 841], [707, 873]]]";0
547;2;"[[[427, 820], [451, 857]], [[684, 835], [708, 865]]]";0
548;2;"[[[425, 809], [451, 847]], [[682, 823], [705, 855]]]";0
549;2;"[[[428, 800], [452, 836]], [[684, 811], [707, 849]]]";0
550;2;"[[[428, 792], [453, 833]], [[683, 803], [710, 836]]]";0
551;2;"[[[429, 785], [457, 816]], [[682, 793], [710, 832]]]";0
552;2;"[[[429, 777], [453, 814]], [[683, 788], [709, 824]]]";0
553;2;"[[[429, 774], [452, 814]], [[683, 790], [711, 821]]]";0
554;2;"[[[426, 772], [455, 809]], [[682, 785], [710, 817]]]";0
555;2;"[[[428, 771], [453, 803]], [[682, 783], [707, 815]]]";0
556;2;"[[[426, 767], [452, 802]], [[680, 778], [704, 810]]]";0
557;2;"[[[427, 756], [455, 793]], [[678, 772], [706, 803]]]";0
558;2;"[[[423, 748], [449, 786]], [[677, 762], [703, 794]]]";0
559;2;"[[[419, 736], [449, 772]], [[672, 747], [703, 783]]]";0
560;2;"[[[415, 718], [442, 755]], [[669, 736], [694, 766]]]";0
561;2;"[[[413, 713], [437, 746]], [[665, 721], [694, 758]]]";0
562;2;"[[[408, 699], [439, 739]], [[661, 708], [690, 750]]]";0
563;2;"[[[412, 691], [436, 729]], [[660, 705], [686, 742]]]";0
564;2;"[[[407, 688], [434, 722]], [[662, 702], [692, 734]]]";0
565;2;"[[[407, 685], [436, 724]], [[658, 694], [688, 733]]]";0
566;2;"[[[405, 680], [432, 719]], [[662, 693], [688, 726]]]";0
567;2;"[[[406, 678], [433, 711]], [[660, 691], [689, 722]]]";0
568;2;"[[[407, 668], [439, 706]], [[660, 679], [689, 713]]]";0
569;2;"[[[403, 662], [431, 699]], [[660, 671], [689, 706]]]";0
570;2;"[[[403, 655], [431, 691]], [[658, 665], [691, 697]]]";0
571;2;"[[[405, 647], [432, 681]], [[658, 660], [690, 691]]]";0
572;2;"[[[407, 641], [435, 675]], [[660, 652], [686, 685]]]";0
573;2;"[[[406, 631], [437, 668]], [[658, 643], [688, 674]]]";0
574;2;"[[[405, 622], [435, 655]], [[663, 634], [693, 664]]]";0
575;2;"[[[410, 614], [434, 649]], [[661, 625], [689, 659]]]";0
576;2;"[[[410, 607], [435, 639]], [[663, 618], [691, 647]]]";0
577;2;"[[[407, 599], [437, 634]], [[660, 607], [687, 642]]]";0
578;2;"[[[402, 587], [432, 630]], [[659, 599], [685, 632]]]";0
579;2;"[[[409, 583], [434, 621]], [[663, 597], [689, 631]]]";0
580;2;"[[[408, 580], [441, 617]], [[661, 585], [689, 624]]]";0
581;2;"[[[411, 571], [444, 603]], [[664, 580], [693, 612]]]";0
582;2;"[[[408, 558], [443, 592]], [[662, 565], [694, 602]]]";0
583;2;"[[[412, 547], [442, 583]], [[664, 556], [688, 586]]]";0
584;2;"[[[411, 536], [437, 567]], [[664, 549], [687, 576]]]";0
585;2;"[[[413, 532], [435, 563]], [[665, 540], [690, 569]]]";0
586;2;"[[[415, 524], [437, 553]], [[669, 535], [692, 561]]]";0
587;2;"[[[418, 518], [443, 551]], [[667, 530], [696, 556]]]";0
588;2;"[[[416, 516], [445, 547]], [[668, 529], [697, 555]]]";0
589;2;"[[[416, 511], [442, 541]], [[668, 526], [692, 553]]]";0
590;2;"[[[413, 505], [439, 536]], [[665, 519], [692, 546]]]";0
591;2;"[[[417, 501], [441, 534]], [[669, 511], [698, 541]]]";0
592;2;"[[[419, 499], [443, 530]], [[671, 508], [695, 537]]]";0
593;2;"[[[421, 492], [446, 523]], [[671, 500], [699, 529]]]";0
594;2;"[[[418, 481], [450, 515]], [[673, 490], [701, 522]]]";0
595;2;"[[[422, 476], [450, 506]], [[674, 485], [699, 514]]]";0
596;2;"[[[423, 465], [446, 496]], [[675, 476], [703, 505]]]";0
597;2;"[[[425, 459], [456, 491]], [[676, 469], [698, 499]]]";0
598;2;"[[[424, 452], [450, 484]], [[678, 464], [703, 494]]]";0
599;2;"[[[425, 452], [451, 481]], [[676, 460], [701, 492]]]";0
600;2;"[[[428, 446], [452, 473]], [[679, 452], [708, 482]]]";0
601;2;"[[[428, 435], [455, 463]], [[679, 443], [706, 471]]]";0
602;2;"[[[425, 422], [457, 449]], [[676, 426], [702, 459]]]";0
603;2;"[[[425, 408], [454, 436]], [[678, 421], [704, 447]]]";0
604;2;"[[[424, 393], [451, 421]], [[677, 402], [704, 438]]]";0
605;2;"[[[428, 381], [451, 412]], [[677, 393], [703, 423]]]";0
606;2;"[[[425, 370], [453, 398]], [[678, 378], [710, 407]]]";0
607;2;"[[[424, 361], [452, 391]], [[677, 374], [703, 401]]]";0
608;2;"[[[425, 356], [449, 383]], [[673, 362], [704, 394]]]";0
609;2;"[[[419, 346], [448, 373]], [[677, 358], [704, 383]]]";0
610;2;"[[[421, 340], [452, 370]], [[674, 347], [707, 380]]]";0
611;2;"[[[423, 333], [452, 363]], [[674, 345], [708, 374]]]";0
612;2;"[[[423, 327], [452, 361]], [[678, 336], [703, 372]]]";0
613;2;"[[[424, 324], [448, 358]], [[676, 335], [706, 365]]]";0
614;2;"[[[426, 317], [453, 348]], [[680, 327], [705, 357]]]";0
615;2;"[[[424, 309], [453, 343]], [[680, 320], [707, 352]]]";0
616;2;"[[[427, 304], [453, 338]], [[680, 318], [708, 348]]]";0
617;2;"[[[426, 300], [451, 330]], [[681, 313], [707, 343]]]";0
618;2;"[[[426, 294], [452, 330]], [[679, 309], [707, 341]]]";0
619;2;"[[[428, 294], [455, 326]], [[683, 305], [710, 333]]]";0
620;2;"[[[433, 291], [463, 322]], [[686, 307], [714, 331]]]";0
621;2;"[[[435, 291], [460, 325]], [[687, 306], [717, 336]]]";0
622;2;"[[[440, 292], [466, 324]], [[692, 303], [721, 332]]]";0
623;2;"[[[437, 287], [466, 319]], [[692, 300], [719, 326]]]";0
624;2;"[[[435, 285], [462, 313]], [[688, 294], [716, 323]]]";0
625;2;"[[[432, 276], [465, 308]], [[689, 289], [718, 318]]]";0
626;2;"[[[434, 268], [463, 302]], [[687, 280], [717, 308]]]";0
627;2;"[[[437, 269], [465, 295]], [[691, 278], [716, 306]]]";0
628;2;"[[[439, 265], [466, 295]], [[692, 276], [718, 304]]]";0
629;2;"[[[438, 260], [466, 290]], [[691, 273], [719, 304]]]";0
630;2;"[[[436, 261], [469, 295]], [[691, 273], [720, 304]]]";0
631;2;"[[[438, 259], [466, 293]], [[688, 271], [717, 298]]]";0
632;2;"[[[436, 255], [466, 288]], [[691, 268], [722, 295]]]";0
633;2;"[[[438, 253], [464, 284]], [[693, 267], [721, 293]]]";0
634;2;"[[[439, 251], [463, 280]], [[692, 264], [724, 291]]]";0
635;2;"[[[438, 249], [469, 280]], [[694, 260], [721, 288]]]";0
636;2;"[[[441, 249], [465, 277]], [[696, 258], [722, 286]]]";0
637;2;"[[[442, 245], [467, 270]], [[693, 257], [722, 282]]]";0
638;2;"[[[441, 241], [469, 269]], [[695, 255], [721, 279]]]";0
639;2;"[[[440, 240], [469, 267]], [[695, 252], [722, 276]]]";0
640;2;"[[[441, 238], [469, 261]], [[696, 247], [726, 272]]]";0
641;2;"[[[442, 233], [471, 259]], [[696, 247], [721, 267]]]";0
642;2;"[[[438, 231], [470, 259]], [[696, 245], [724, 266]]]";0
643;2;"[[[442, 228], [473, 256]], [[696, 241], [723, 264]]]";0
644;2;"[[[442, 225], [472, 250]], [[697, 236], [725, 258]]]";0
645;2;"[[[444, 217], [471, 241]], [[726, 254], [726, 254]]]";0
646;2;"[[[443, 209], [473, 236]], [[700, 222], [727, 243]]]";0
647;2;"[[[480, 230], [480, 230]], [[702, 213], [731, 238]]]";0
648;2;"[[[447, 201], [478, 224]], [[703, 213], [730, 233]]]";0
649;2;"[[[450, 197], [478, 222]], [[704, 209], [732, 231]]]";0
650;2;"[[[448, 195], [482, 220]], [[704, 206], [735, 227]]]";0
651;2;"[[[448, 194], [484, 218]], [[707, 204], [737, 226]]]";0
652;2;"[[[452, 190], [484, 216]], [[708, 201], [738, 222]]]";0
653;2;"[[[454, 188], [486, 215]], [[710, 198], [738, 221]]]";0
654;2;"[[[454, 179], [484, 206]], [[708, 193], [737, 213]]]";0
655;2;"[[[452, 179], [481, 207]], [[707, 190], [737, 213]]]";0
656;2;"[[[450, 179], [479, 204]], [[706, 187], [735, 211]]]";0
657;2;"[[[452, 175], [483, 200]], [[707, 187], [737, 211]]]";0
658;2;"[[[450, 173], [480, 201]], [[706, 183], [737, 207]]]";0
659;2;"[[[449, 172], [479, 199]], [[732, 204], [732, 204]]]";0
660;2;"[[[449, 166], [477, 194]], [[707, 176], [734, 200]]]";0
661;2;"[[[448, 163], [477, 187]], [[705, 174], [736, 198]]]";0
662;2;"[[[448, 160], [476, 187]], [[703, 169], [732, 193]]]";0
663;2;"[[[446, 156], [476, 181]], [[705, 168], [732, 191]]]";0
664;2;"[[[446, 156], [474, 182]], [[732, 189], [732, 189]]]";0
665;2;"[[[448, 153], [475, 177]], [[704, 161], [733, 185]]]";0
666;2;"[[[446, 144], [477, 169]], [[732, 181], [732, 181]]]";0
667;2;"[[[444, 140], [477, 164]], [[703, 152], [731, 174]]]";0
668;2;"[[[447, 134], [476, 162]], [[702, 145], [730, 171]]]";0
669;2;"[[[442, 132], [472, 159]], [[703, 141], [729, 166]]]";0
670;2;"[[[441, 126], [471, 153]], [[699, 135], [729, 160]]]";0
671;2;"[[[442, 114], [472, 140]], [[702, 126], [729, 152]]]";0
672;2;"[[[440, 109], [474, 136]], [[699, 122], [726, 145]]]";0
673;2;"[[[440, 106], [473, 133]], [[697, 117], [729, 141]]]";0
674;2;"[[[439, 103], [467, 129]], [[696, 113], [725, 139]]]";0
675;2;"[[[436, 94], [468, 121]], [[695, 104], [727, 130]]]";0
676;2;"[[[434, 90], [465, 114]], [[695, 100], [721, 125]]]";0
677;2;"[[[433, 83], [461, 110]], [[694, 96], [719, 121]]]";0
678;2;"[[[428, 79], [460, 106]], [[692, 94], [721, 118]]]";0
679;2;"[[[429, 77], [456, 101]], [[691, 89], [720, 116]]]";0
680;2;"[[[426, 72], [458, 99]], [[691, 90], [720, 116]]]";0
681;2;"[[[426, 69], [458, 100]], [[690, 86], [721, 110]]]";0
682;2;"[[[429, 67], [464, 97]], [[691, 85], [719, 109]]]";0
683;2;"[[[430, 66], [458, 95]], [[690, 80], [721, 108]]]";0
684;2;"[[[430, 67], [459, 94]], [[691, 81], [718, 104]]]";0
685;2;"[[[427, 64], [454, 92]], [[691, 77], [722, 102]]]";0
686;2;"[[[430, 98], [460, 125]], [[692, 116], [718, 140]]]";1
687;2;"[[[431, 91], [460, 119]], [[690, 110], [722, 136]]]";1
688;2;"[[[459, 118], [459, 118]], [[690, 109], [722, 133]]]";1
689;2;"[[[428, 89], [458, 115]], [[689, 104], [723, 129]]]";1
690;2;"[[[426, 86], [455, 112]], [[688, 100], [720, 129]]]";1
691;2;"[[[424, 80], [456, 111]], [[691, 99], [717, 125]]]";1
692;2;"[[[426, 75], [455, 104]], [[689, 93], [720, 118]]]";1
693;2;"[[[422, 68], [453, 95]], [[690, 84], [719, 111]]]";1
694;2;"[[[426, 62], [459, 89]], [[688, 79], [719, 104]]]";1
695;2;"[[[423, 55], [452, 83]], [[686, 70], [719, 98]]]";1
696;2;"[[[423, 53], [452, 79]], [[688, 71], [722, 94]]]";1
697;2;"[[[423, 52], [455, 83]], [[687, 67], [720, 96]]]";1
698;2;"[[[423, 49], [457, 78]], [[688, 62], [719, 90]]]";1
699;2;"[[[422, 47], [455, 78]], [[688, 64], [717, 91]]]";1
700;2;"[[[424, 47], [455, 74]], [[683, 59], [724, 92]]]";1
701;2;"[[[428, 46], [461, 78]], [[693, 63], [725, 90]]]";1
702;2;"[[[428, 47], [460, 78]], [[690, 60], [724, 88]]]";1
703;2;"[[[429, 44], [458, 72]], [[693, 59], [720, 83]]]";1
704;2;"[[[428, 42], [460, 71]], [[689, 58], [721, 85]]]";1
705;2;"[[[426, 42], [461, 65]], [[693, 55], [722, 89]]]";1
706;2;"[[[428, 40], [459, 67]], [[688, 51], [719, 80]]]";1
707;2;"[[[426, 35], [463, 66]], [[692, 55], [723, 83]]]";1
708;2;"[[[427, 37], [461, 64]], [[692, 55], [724, 80]]]";1
709;2;"[[[425, 39], [460, 67]], [[688, 52], [726, 85]]]";1
710;2;"[[[428, 33], [464, 65]], [[693, 51], [726, 80]]]";1
711;2;"[[[428, 33], [461, 61]], [[693, 49], [728, 78]]]";1
712;2;"[[[427, 32], [459, 58]], [[693, 46], [726, 76]]]";1
713;2;"[[[427, 27], [458, 57]], [[692, 46], [723, 73]]]";1
714;2;"[[[427, 30], [459, 55]], [[690, 41], [724, 73]]]";1
715;2;"[[[429, 29], [462, 58]], [[690, 42], [724, 77]]]";1
716;2;"[[[429, 29], [461, 59]], [[695, 46], [730, 74]]]";1
717;2;"[[[429, 31], [469, 59]], [[693, 47], [728, 78]]]";1
718;2;"[[[430, 27], [465, 58]], [[696, 44], [730, 73]]]";1
719;2;"[[[433, 30], [463, 60]], [[697, 44], [728, 73]]]";1
720;2;"[[[430, 30], [464, 58]], [[696, 47], [729, 71]]]";1
721;2;"[[[427, 29], [465, 54]], [[698, 41], [725, 72]]]";1
722;2;"[[[433, 26], [466, 58]], [[696, 43], [728, 74]]]";1
723;2;"[[[433, 33], [467, 62]], [[693, 45], [729, 76]]]";1
724;2;"[[[433, 34], [464, 61]], [[696, 47], [729, 78]]]";1
725;2;"[[[436, 35], [464, 66]], [[695, 50], [728, 79]]]";1
726;2;"[[[433, 37], [465, 66]], [[697, 52], [728, 80]]]";1
727;2;"[[[435, 36], [468, 69]], [[695, 50], [725, 83]]]";1
728;2;"[[[436, 39], [465, 62]], [[698, 51], [725, 81]]]";1
729;2;"[[[435, 38], [467, 64]], [[697, 49], [731, 78]]]";1
730;2;"[[[439, 44], [473, 68]], [[698, 55], [729, 86]]]";1
731;2;"[[[434, 45], [471, 73]], [[698, 57], [735, 87]]]";1
732;2;"[[[436, 51], [471, 80]], [[699, 67], [730, 95]]]";1
733;2;"[[[438, 54], [470, 87]], [[701, 71], [733, 98]]]";1
734;2;"[[[439, 62], [468, 87]], [[701, 78], [733, 109]]]";1
735;2;"[[[440, 70], [474, 97]], [[703, 82], [734, 114]]]";1
736;2;"[[[440, 80], [474, 108]], [[700, 93], [737, 119]]]";1
737;2;"[[[440, 89], [475, 117]], [[704, 101], [733, 130]]]";1
738;2;"[[[444, 92], [476, 118]], [[703, 105], [734, 136]]]";1
739;2;"[[[441, 95], [475, 123]], [[702, 108], [735, 138]]]";1
740;2;"[[[441, 93], [475, 124]], [[700, 108], [733, 138]]]";1
741;2;"[[[442, 95], [472, 126]], [[701, 113], [731, 140]]]";1
742;2;"[[[441, 101], [473, 126]], [[703, 114], [734, 141]]]";1
743;2;"[[[442, 101], [468, 126]], [[701, 120], [733, 145]]]";1
744;2;"[[[440, 105], [472, 133]], [[702, 120], [730, 148]]]";1
745;2;"[[[442, 109], [474, 137]], [[702, 121], [732, 150]]]";1
746;2;"[[[446, 114], [475, 140]], [[705, 127], [730, 156]]]";1
747;2;"[[[446, 119], [477, 148]], [[705, 132], [739, 160]]]";1
748;2;"[[[445, 126], [474, 152]], [[702, 140], [734, 166]]]";1
749;2;"[[[445, 132], [476, 158]], [[704, 144], [739, 175]]]";1
750;2;"[[[447, 136], [477, 159]], [[701, 148], [738, 178]]]";1
751;2;"[[[448, 138], [477, 164]], [[704, 152], [737, 181]]]";1
752;2;"[[[451, 147], [482, 177]], [[708, 160], [740, 190]]]";1
753;2;"[[[451, 152], [484, 181]], [[708, 169], [740, 194]]]";1
754;2;"[[[451, 160], [481, 189]], [[706, 174], [738, 200]]]";1
755;2;"[[[453, 170], [485, 196]], [[708, 179], [743, 208]]]";1
756;2;"[[[457, 178], [486, 206]], [[711, 193], [744, 220]]]";1
757;2;"[[[458, 187], [485, 212]], [[709, 198], [742, 225]]]";1
758;2;"[[[457, 189], [484, 219]], [[713, 204], [744, 230]]]";1
759;2;"[[[456, 193], [488, 217]], [[713, 206], [739, 233]]]";1
760;2;"[[[456, 196], [485, 221]], [[713, 207], [739, 237]]]";1
761;2;"[[[454, 199], [484, 226]], [[710, 211], [744, 236]]]";1
762;2;"[[[457, 200], [485, 224]], [[712, 211], [740, 238]]]";1
763;2;"[[[458, 201], [486, 229]], [[713, 213], [745, 240]]]";1
764;2;"[[[458, 204], [488, 231]], [[713, 215], [742, 240]]]";1
765;2;"[[[459, 205], [488, 232]], [[714, 217], [743, 246]]]";1
766;2;"[[[460, 212], [487, 236]], [[711, 220], [743, 251]]]";1
767;2;"[[[463, 217], [489, 245]], [[716, 230], [747, 256]]]";1
768;2;"[[[458, 225], [491, 253]], [[717, 239], [747, 265]]]";1
769;2;"[[[463, 236], [488, 260]], [[716, 246], [745, 276]]]";1
770;2;"[[[465, 245], [497, 271]], [[716, 256], [750, 283]]]";1
771;2;"[[[463, 253], [492, 278]], [[716, 266], [749, 292]]]";1
772;2;"[[[461, 262], [492, 287]], [[715, 275], [749, 300]]]";1
773;2;"[[[460, 269], [488, 293]], [[715, 281], [747, 310]]]";1
774;2;"[[[462, 272], [488, 298]], [[715, 285], [743, 315]]]";1
775;2;"[[[461, 276], [489, 304]], [[715, 289], [741, 317]]]";1
776;2;"[[[462, 281], [492, 307]], [[714, 293], [742, 320]]]";1
777;2;"[[[461, 287], [490, 313]], [[714, 297], [742, 328]]]";1
778;2;"[[[457, 291], [491, 321]], [[713, 308], [749, 333]]]";1
779;2;"[[[460, 297], [490, 325]], [[711, 313], [741, 340]]]";1
780;2;"[[[460, 299], [487, 328]], [[711, 315], [740, 345]]]";1
781;2;"[[[462, 301], [489, 329]], [[712, 316], [740, 344]]]";1
782;2;"[[[460, 305], [488, 334]], [[711, 319], [741, 347]]]";1
783;2;"[[[461, 311], [490, 340]], [[712, 322], [743, 353]]]";1
784;2;"[[[459, 312], [487, 339]], [[713, 325], [741, 356]]]";1
785;2;"[[[461, 316], [489, 339]], [[714, 327], [744, 356]]]";1
786;2;"[[[461, 318], [487, 343]], [[710, 328], [741, 357]]]";1
787;2;"[[[457, 320], [489, 350]], [[708, 333], [746, 363]]]";1
788;2;"[[[459, 323], [488, 352]], [[711, 337], [745, 368]]]";1
789;2;"[[[459, 328], [488, 356]], [[713, 341], [743, 369]]]";1
790;2;"[[[460, 332], [487, 361]], [[710, 342], [743, 375]]]";1
791;2;"[[[457, 337], [487, 367]], [[711, 350], [737, 383]]]";1
792;2;"[[[459, 345], [486, 371]], [[712, 360], [740, 390]]]";1
793;2;"[[[460, 354], [490, 381]], [[713, 367], [744, 392]]]";1
794;2;"[[[462, 359], [489, 386]], [[713, 373], [741, 401]]]";1
795;2;"[[[464, 367], [489, 393]], [[715, 379], [742, 406]]]";1
796;2;"[[[466, 371], [491, 398]], [[714, 386], [743, 413]]]";1
797;2;"[[[464, 376], [491, 403]], [[716, 390], [742, 419]]]";1
798;2;"[[[463, 384], [490, 412]], [[716, 399], [744, 424]]]";1
799;2;"[[[463, 389], [492, 420]], [[717, 401], [741, 430]]]";1
800;2;"[[[465, 393], [494, 420]], [[714, 407], [746, 438]]]";1
801;2;"[[[463, 396], [491, 424]], [[716, 411], [742, 442]]]";1
802;2;"[[[462, 406], [495, 436]], [[715, 420], [743, 449]]]";1
803;2;"[[[464, 412], [490, 438]], [[713, 425], [740, 455]]]";1
804;2;"[[[463, 418], [487, 446]], [[714, 431], [742, 462]]]";1
805;2;"[[[465, 425], [491, 453]], [[714, 440], [742, 469]]]";1
806;2;"[[[460, 433], [489, 464]], [[713, 449], [741, 479]]]";1
807;2;"[[[462, 447], [488, 473]], [[714, 462], [739, 490]]]";1
808;2;"[[[461, 463], [490, 489]], [[711, 476], [741, 504]]]";1
809;2;"[[[465, 478], [492, 504]], [[713, 490], [741, 523]]]";1
810;2;"[[[466, 485], [489, 513]], [[714, 500], [742, 529]]]";1
811;2;"[[[463, 494], [489, 523]], [[713, 506], [742, 536]]]";1
812;2;"[[[464, 500], [491, 531]], [[713, 512], [741, 547]]]";1
813;2;"[[[464, 505], [490, 532]], [[714, 520], [740, 549]]]";1
814;2;"[[[466, 510], [491, 539]], [[713, 526], [742, 553]]]";1
815;2;"[[[467, 516], [494, 544]], [[718, 529], [746, 558]]]";1
816;2;"[[[470, 521], [493, 548]], [[716, 534], [745, 564]]]";1
817;2;"[[[465, 524], [491, 551]], [[716, 536], [746, 567]]]";1
818;2;"[[[464, 529], [492, 557]], [[715, 544], [745, 572]]]";1
819;2;"[[[465, 534], [492, 562]], [[717, 550], [743, 576]]]";1
820;2;"[[[464, 542], [490, 570]], [[715, 555], [742, 585]]]";1
821;2;"[[[467, 552], [492, 578]], [[715, 561], [743, 593]]]";1
822;2;"[[[464, 562], [491, 589]], [[717, 575], [743, 604]]]";1
823;2;"[[[463, 574], [495, 603]], [[715, 589], [741, 618]]]";1
824;2;"[[[463, 589], [488, 620]], [[715, 603], [743, 632]]]";1
825;2;"[[[464, 605], [487, 635]], [[715, 617], [740, 647]]]";1
826;2;"[[[460, 618], [488, 649]], [[710, 627], [743, 659]]]";1
827;2;"[[[461, 626], [486, 654]], [[712, 638], [740, 669]]]";1
828;2;"[[[461, 631], [488, 662]], [[712, 646], [736, 677]]]";1
829;2;"[[[462, 639], [485, 669]], [[714, 650], [739, 682]]]";1
830;2;"[[[460, 644], [487, 672]], [[712, 651], [736, 685]]]";1
831;2;"[[[465, 652], [487, 676]], [[715, 664], [740, 693]]]";1
832;2;"[[[466, 655], [490, 684]], [[715, 669], [744, 696]]]";1
833;2;"[[[467, 661], [493, 688]], [[718, 672], [743, 702]]]";1
834;2;"[[[468, 666], [492, 696]], [[717, 683], [742, 707]]]";1
835;2;"[[[466, 675], [487, 701]], [[718, 690], [745, 715]]]";1
836;2;"[[[464, 676], [488, 705]], [[714, 690], [738, 723]]]";1
837;2;"[[[464, 686], [486, 711]], [[713, 698], [736, 725]]]";1
838;2;"[[[464, 690], [486, 717]], [[712, 703], [741, 734]]]";1
839;2;"[[[458, 696], [485, 728]], [[713, 711], [738, 740]]]";1
840;2;"[[[459, 702], [484, 732]], [[709, 715], [739, 746]]]";1
841;2;"[[[458, 714], [486, 745]], [[712, 728], [735, 755]]]";1
842;2;"[[[458, 717], [484, 747]], [[710, 732], [739, 762]]]";1
843;2;"[[[458, 726], [485, 756]], [[708, 739], [739, 774]]]";1
844;2;"[[[454, 731], [484, 760]], [[709, 745], [736, 777]]]";1
845;2;"[[[453, 738], [478, 763]], [[707, 750], [733, 780]]]";1
846;2;"[[[449, 741], [478, 771]], [[702, 753], [735, 782]]]";1
847;2;"[[[454, 743], [481, 774]], [[708, 757], [735, 790]]]";1
848;2;"[[[455, 748], [482, 776]], [[710, 760], [736, 792]]]";1
849;2;"[[[456, 750], [484, 781]], [[707, 764], [737, 793]]]";1
850;2;"[[[456, 756], [481, 785]], [[710, 766], [738, 796]]]";1
851;2;"[[[459, 761], [481, 791]], [[711, 772], [736, 805]]]";1
852;2;"[[[456, 769], [481, 798]], [[709, 784], [733, 814]]]";1
853;2;"[[[454, 776], [479, 805]], [[706, 792], [731, 821]]]";1
854;1;"[[[708, 798], [732, 827]]]";1
855;1;"[[[703, 803], [732, 835]]]";1
856;1;"[[[701, 808], [730, 839]]]";1
857;1;"[[[700, 811], [732, 842]]]";1
858;1;"[[[703, 817], [728, 845]]]";1
859;2;"[[[447, 809], [474, 836]], [[699, 822], [735, 851]]]";1
860;2;"[[[446, 811], [475, 840]], [[700, 827], [731, 856]]]";1
861;2;"[[[449, 816], [473, 844]], [[701, 832], [735, 863]]]";1
862;2;"[[[443, 817], [475, 852]], [[703, 834], [736, 869]]]";1
863;2;"[[[445, 822], [474, 860]], [[701, 840], [730, 875]]]";1
864;2;"[[[442, 832], [470, 860]], [[701, 843], [729, 875]]]";1
865;2;"[[[445, 835], [469, 868]], [[698, 848], [731, 881]]]";1
866;2;"[[[443, 837], [470, 867]], [[699, 851], [730, 881]]]";1
867;2;"[[[444, 839], [474, 871]], [[699, 851], [729, 884]]]";1
868;2;"[[[439, 837], [469, 870]], [[699, 850], [726, 884]]]";1
869;2;"[[[439, 837], [470, 874]], [[692, 852], [728, 887]]]";1
870;2;"[[[440, 840], [468, 874]], [[699, 858], [726, 892]]]";1
871;2;"[[[443, 848], [470, 882]], [[696, 860], [728, 894]]]";1
872;2;"[[[442, 849], [468, 886]], [[697, 862], [726, 898]]]";1
873;2;"[[[442, 854], [470, 889]], [[697, 866], [732, 904]]]";1
874;2;"[[[442, 852], [465, 887]], [[693, 873], [728, 909]]]";1
875;2;"[[[440, 859], [464, 891]], [[698, 873], [725, 908]]]";1
876;2;"[[[436, 860], [464, 896]], [[697, 879], [725, 910]]]";1
877;2;"[[[439, 866], [467, 902]], [[693, 880], [721, 916]]]";1
878;2;"[[[437, 871], [463, 900]], [[692, 880], [728, 917]]]";1
879;2;"[[[436, 869], [460, 902]], [[693, 884], [723, 914]]]";1
880;2;"[[[435, 867], [462, 902]], [[693, 883], [725, 914]]]";1
881;2;"[[[437, 871], [464, 906]], [[691, 885], [725, 915]]]";1
882;2;"[[[438, 872], [468, 904]], [[696, 886], [725, 920]]]";1
883;2;"[[[439, 876], [467, 909]], [[697, 892], [724, 920]]]";1
884;2;"[[[441, 876], [462, 912]], [[696, 892], [726, 923]]]";1
885;2;"[[[441, 879], [464, 914]], [[696, 893], [724, 925]]]";1
886;2;"[[[434, 880], [464, 914]], [[690, 894], [729, 924]]]";1
887;2;"[[[436, 882], [465, 921]], [[696, 899], [723, 928]]]";1
888;2;"[[[437, 884], [465, 921]], [[694, 901], [724, 933]]]";1
889;2;"[[[432, 886], [466, 920]], [[693, 899], [729, 941]]]";1
890;2;"[[[438, 885], [466, 926]], [[697, 905], [722, 937]]]";1
891;2;"[[[439, 891], [465, 925]], [[695, 904], [727, 941]]]";1
892;2;"[[[439, 893], [464, 928]], [[697, 906], [728, 943]]]";1
893;2;"[[[441, 899], [468, 934]], [[694, 910], [729, 946]]]";1
894;2;"[[[440, 906], [466, 940]], [[695, 917], [730, 958]]]";1
895;2;"[[[436, 913], [464, 953]], [[695, 929], [730, 964]]]";1
896;2;"[[[434, 922], [461, 956]], [[692, 935], [721, 969]]]";1
897;2;"[[[430, 930], [456, 964]], [[686, 944], [718, 978]]]";1
898;2;"[[[432, 933], [455, 967]], [[689, 944], [719, 978]]]";1
899;2;"[[[425, 933], [454, 968]], [[686, 942], [718, 982]]]";1
900;2;"[[[427, 936], [455, 973]], [[687, 944], [728, 990]]]";1
901;2;"[[[426, 940], [458, 978]], [[689, 959], [718, 991]]]";1
902;2;"[[[429, 946], [458, 982]], [[688, 958], [722, 994]]]";1
903;2;"[[[428, 948], [461, 983]], [[688, 955], [721, 997]]]";1
904;2;"[[[428, 953], [459, 986]], [[686, 965], [715, 1000]]]";1
905;2;"[[[426, 953], [451, 988]], [[689, 968], [717, 1001]]]";1
906;2;"[[[424, 957], [458, 993]], [[687, 971], [717, 1006]]]";1
907;2;"[[[422, 960], [456, 996]], [[687, 974], [721, 1012]]]";1
908;2;"[[[422, 958], [455, 997]], [[687, 979], [716, 1008]]]";1
909;2;"[[[429, 966], [458, 1004]], [[687, 971], [719, 1010]]]";1
910;2;"[[[423, 965], [459, 1004]], [[687, 981], [723, 1015]]]";1
911;2;"[[[428, 968], [461, 1003]], [[688, 984], [719, 1017]]]";1
912;2;"[[[429, 970], [456, 1007]], [[688, 986], [721, 1019]]]";1
913;2;"[[[428, 975], [456, 1010]], [[691, 986], [721, 1023]]]";1
914;2;"[[[425, 976], [456, 1013]], [[687, 984], [720, 1024]]]";1
915;2;"[[[426, 973], [453, 1009]], [[687, 988], [717, 1026]]]";1
916;2;"[[[428, 972], [457, 1010]], [[690, 982], [723, 1022]]]";1
917;2;"[[[424, 969], [456, 1008]], [[688, 982], [720, 1021]]]";1
918;2;"[[[426, 971], [455, 1008]], [[689, 985], [721, 1018]]]";1
919;2;"[[[427, 967], [454, 1004]], [[688, 984], [718, 1017]]]";1
920;2;"[[[428, 964], [458, 999]], [[687, 975], [718, 1011]]]";1
921;2;"[[[429, 950], [455, 991]], [[686, 969], [721, 997]]]";1
922;2;"[[[426, 942], [453, 980]], [[686, 956], [719, 988]]]";1
923;2;"[[[425, 931], [452, 963]], [[687, 943], [719, 975]]]";1
924;2;"[[[422, 916], [452, 951]], [[682, 920], [717, 959]]]";1
925;2;"[[[427, 900], [456, 932]], [[687, 908], [720, 944]]]";1
926;2;"[[[430, 879], [460, 914]], [[688, 888], [725, 923]]]";1
927;2;"[[[428, 860], [460, 899]], [[689, 870], [719, 901]]]";1
928;1;"[[[427, 843], [465, 881]]]";1
929;1;"[[[427, 832], [463, 862]]]";1
930;1;"[[[428, 813], [461, 854]]]";1
931;1;"[[[432, 790], [463, 830]]]";1
932;2;"[[[433, 770], [460, 809]], [[691, 782], [720, 817]]]";1
933;2;"[[[432, 760], [465, 793]], [[690, 766], [725, 803]]]";1
934;2;"[[[435, 748], [464, 784]], [[695, 765], [719, 796]]]";1
935;2;"[[[436, 743], [463, 779]], [[691, 754], [724, 786]]]";1
936;2;"[[[429, 733], [466, 764]], [[688, 744], [726, 774]]]";1
937;2;"[[[435, 722], [467, 758]], [[688, 732], [719, 766]]]";1
938;2;"[[[436, 713], [465, 747]], [[692, 721], [725, 758]]]";1
939;2;"[[[433, 704], [472, 738]], [[691, 711], [722, 750]]]";1
940;2;"[[[432, 694], [469, 734]], [[694, 707], [728, 741]]]";1
941;2;"[[[437, 689], [467, 722]], [[694, 701], [723, 734]]]";1
942;2;"[[[439, 682], [465, 720]], [[694, 693], [728, 721]]]";1
943;2;"[[[438, 676], [472, 708]], [[693, 684], [726, 719]]]";1
944;2;"[[[441, 663], [472, 699]], [[696, 679], [729, 712]]]";1
945;2;"[[[441, 662], [467, 699]], [[695, 673], [726, 707]]]";1
946;2;"[[[440, 659], [464, 693]], [[695, 670], [723, 705]]]";1
947;2;"[[[439, 653], [472, 690]], [[694, 663], [725, 701]]]";1
948;2;"[[[437, 652], [469, 689]], [[695, 659], [726, 695]]]";1
949;2;"[[[439, 638], [472, 675]], [[696, 652], [723, 688]]]";1
950;2;"[[[437, 628], [472, 667]], [[695, 642], [725, 676]]]";1
951;2;"[[[441, 624], [471, 659]], [[693, 629], [725, 668]]]";1
952;2;"[[[446, 616], [470, 644]], [[697, 627], [727, 653]]]";1
953;2;"[[[446, 610], [472, 640]], [[695, 618], [727, 647]]]";1
954;2;"[[[447, 602], [473, 632]], [[698, 614], [725, 641]]]";1
955;2;"[[[447, 599], [471, 629]], [[696, 607], [723, 637]]]";1
956;2;"[[[447, 593], [471, 620]], [[696, 602], [725, 635]]]";1
957;2;"[[[446, 590], [471, 619]], [[697, 598], [723, 628]]]";1
958;2;"[[[448, 584], [471, 613]], [[698, 592], [724, 624]]]";1
959;2;"[[[450, 581], [476, 610]], [[701, 590], [726, 619]]]";1
960;2;"[[[456, 577], [479, 603]], [[705, 582], [729, 615]]]";1
961;2;"[[[454, 568], [482, 595]], [[704, 573], [732, 604]]]";1
962;2;"[[[457, 556], [481, 584]], [[707, 567], [734, 597]]]";1
963;2;"[[[457, 544], [481, 576]], [[706, 558], [732, 589]]]";1
964;2;"[[[455, 539], [479, 568]], [[704, 554], [730, 582]]]";1
965;2;"[[[453, 536], [480, 562]], [[700, 546], [730, 576]]]";1
966;2;"[[[454, 527], [477, 553]], [[704, 540], [735, 568]]]";1
967;2;"[[[456, 523], [482, 549]], [[707, 533], [732, 561]]]";1
968;2;"[[[457, 516], [484, 545]], [[707, 527], [733, 557]]]";1
969;2;"[[[456, 509], [483, 538]], [[705, 519], [734, 551]]]";1
970;2;"[[[454, 503], [477, 531]], [[704, 514], [731, 543]]]";1
971;2;"[[[452, 495], [477, 523]], [[704, 507], [730, 532]]]";1
972;2;"[[[454, 487], [478, 513]], [[703, 499], [728, 529]]]";1
973;2;"[[[454, 472], [484, 500]], [[706, 487], [733, 513]]]";1
974;2;"[[[459, 458], [484, 488]], [[707, 469], [732, 498]]]";1
975;2;"[[[459, 449], [480, 477]], [[709, 460], [735, 490]]]";1
976;2;"[[[457, 439], [481, 470]], [[706, 452], [733, 482]]]";1
977;2;"[[[453, 432], [479, 461]], [[703, 447], [731, 476]]]";1
978;2;"[[[450, 429], [474, 458]], [[700, 444], [729, 473]]]";1
979;2;"[[[450, 429], [474, 453]], [[700, 441], [728, 470]]]";1
980;2;"[[[448, 420], [476, 452]], [[701, 433], [728, 464]]]";1
981;2;"[[[448, 416], [473, 445]], [[700, 428], [727, 459]]]";1
982;2;"[[[448, 412], [473, 436]], [[700, 423], [727, 452]]]";1
983;2;"[[[448, 404], [469, 430]], [[697, 416], [725, 445]]]";1
984;2;"[[[445, 394], [469, 419]], [[697, 406], [723, 436]]]";1
985;2;"[[[443, 383], [469, 409]], [[696, 396], [723, 422]]]";1
986;2;"[[[442, 373], [469, 398]], [[694, 384], [721, 411]]]";1
987;2;"[[[442, 357], [467, 389]], [[696, 375], [718, 401]]]";1
988;2;"[[[443, 348], [466, 378]], [[693, 362], [721, 389]]]";1
989;2;"[[[441, 341], [467, 368]], [[693, 356], [720, 382]]]";1
990;2;"[[[441, 337], [468, 365]], [[694, 348], [722, 378]]]";1
991;2;"[[[439, 330], [466, 359]], [[692, 343], [720, 371]]]";1
992;2;"[[[440, 327], [466, 354]], [[693, 337], [719, 366]]]";1
993;2;"[[[441, 324], [464, 350]], [[694, 337], [718, 363]]]";1
994;2;"[[[437, 318], [462, 346]], [[690, 330], [721, 360]]]";1
995;2;"[[[439, 316], [461, 339]], [[690, 327], [716, 350]]]";1
996;2;"[[[438, 306], [463, 333]], [[692, 320], [718, 349]]]";1
997;2;"[[[438, 297], [463, 325]], [[691, 309], [718, 337]]]";1
998;2;"[[[437, 287], [463, 313]], [[691, 301], [718, 328]]]";1
999;2;"[[[438, 277], [460, 302]], [[692, 291], [720, 317]]]";1
1000;2;"[[[435, 265], [461, 289]], [[690, 279], [717, 310]]]";1
1001;2;"[[[433, 251], [457, 277]], [[688, 265], [715, 290]]]";1
1002;2;"[[[434, 240], [459, 266]], [[689, 257], [716, 282]]]";1
1003;2;"[[[431, 231], [458, 257]], [[687, 248], [713, 276]]]";1
1004;2;"[[[431, 225], [456, 252]], [[687, 241], [714, 266]]]";1
1005;2;"[[[432, 216], [459, 244]], [[684, 226], [711, 258]]]";1
1006;2;"[[[427, 207], [456, 234]], [[684, 221], [713, 243]]]";1
1007;2;"[[[424, 198], [448, 225]], [[682, 211], [707, 237]]]";1
1008;2;"[[[424, 188], [449, 213]], [[680, 201], [707, 228]]]";1
1009;2;"[[[422, 178], [445, 202]], [[681, 189], [707, 218]]]";1
1010;2;"[[[418, 159], [446, 187]], [[677, 177], [706, 206]]]";1
1011;2;"[[[421, 152], [443, 177]], [[676, 165], [708, 192]]]";1
1012;2;"[[[420, 146], [444, 171]], [[678, 158], [707, 184]]]";1
1013;2;"[[[417, 133], [442, 162]], [[678, 147], [705, 180]]]";1
1014;2;"[[[417, 122], [444, 153]], [[677, 140], [703, 166]]]";1
1015;2;"[[[413, 117], [441, 143]], [[676, 131], [702, 161]]]";1
1016;2;"[[[413, 115], [438, 140]], [[674, 125], [701, 158]]]";1
1017;2;"[[[415, 111], [439, 135]], [[676, 125], [702, 150]]]";1
1018;2;"[[[414, 108], [439, 134]], [[675, 119], [706, 148]]]";1
1019;2;"[[[414, 106], [439, 135]], [[676, 118], [700, 146]]]";1
1020;2;"[[[414, 106], [442, 133]], [[674, 120], [704, 149]]]";1
1021;2;"[[[413, 105], [441, 134]], [[676, 118], [704, 147]]]";1
1022;2;"[[[413, 107], [438, 135]], [[674, 120], [704, 147]]]";1
1023;2;"[[[416, 106], [441, 130]], [[675, 118], [700, 144]]]";1
1024;2;"[[[414, 104], [445, 131]], [[675, 116], [700, 143]]]";1
1025;2;"[[[412, 99], [439, 127]], [[672, 111], [702, 142]]]";1
1026;2;"[[[413, 99], [439, 123]], [[673, 111], [703, 140]]]";1
1027;2;"[[[408, 93], [435, 120]], [[673, 109], [706, 135]]]";1
1028;2;"[[[410, 93], [432, 118]], [[670, 103], [699, 134]]]";1
1029;2;"[[[407, 91], [432, 117]], [[671, 105], [696, 134]]]";1
1030;2;"[[[405, 87], [430, 112]], [[670, 102], [693, 129]]]";1
1031;2;"[[[406, 87], [432, 112]], [[669, 100], [694, 129]]]";1
1032;2;"[[[404, 82], [428, 109]], [[667, 95], [697, 124]]]";1
1033;2;"[[[403, 79], [431, 110]], [[664, 93], [702, 123]]]";1
1034;2;"[[[402, 75], [429, 106]], [[667, 90], [695, 118]]]";1
1035;2;"[[[399, 74], [426, 101]], [[663, 91], [695, 118]]]";1
1036;2;"[[[401, 71], [430, 102]], [[663, 85], [694, 120]]]";1
1037;2;"[[[405, 76], [428, 101]], [[667, 90], [693, 115]]]";1
1038;2;"[[[400, 69], [429, 101]], [[667, 85], [695, 116]]]";1
1039;2;"[[[404, 70], [428, 97]], [[668, 87], [696, 117]]]";1
1040;2;"[[[403, 70], [430, 98]], [[666, 86], [694, 116]]]";1
1041;2;"[[[403, 70], [429, 100]], [[668, 86], [694, 113]]]";1
1042;2;"[[[403, 71], [430, 99]], [[669, 88], [696, 113]]]";1
1043;2;"[[[405, 69], [432, 101]], [[670, 81], [695, 114]]]";1
1044;2;"[[[407, 67], [430, 96]], [[669, 85], [704, 116]]]";1
1045;2;"[[[405, 68], [435, 98]], [[672, 83], [700, 115]]]";1
1046;2;"[[[406, 71], [438, 101]], [[676, 85], [702, 114]]]";1
1047;2;"[[[415, 74], [441, 107]], [[674, 89], [707, 118]]]";1
