ann_cir;frameno;red_tp;green_tp;red_fp;green_fp;red_fn;green_fn;Frame;rfp_con;gfp_con;color
2;0;2;0;0;0;0;0;True;0;0;0
2;1;2;0;0;0;0;0;True;0;0;0
2;2;2;0;0;0;0;0;True;0;0;0
2;3;2;0;0;0;0;0;True;0;0;0
2;4;2;0;0;0;0;0;True;0;0;0
2;5;0;0;0;0;2;0;False;0;0;0
2;6;1;0;0;0;0;0;True;0;0;0
2;7;2;0;0;0;0;0;True;0;0;0
2;8;1;0;0;0;0;0;True;0;0;0
2;9;2;0;0;0;0;0;True;0;0;0
2;10;2;0;0;0;0;0;True;0;0;0
2;11;1;0;0;0;0;0;True;0;0;0
2;12;1;0;0;0;0;0;True;0;0;0
2;13;2;0;0;0;0;0;True;0;0;0
2;14;1;0;0;0;0;0;True;0;0;0
2;15;2;0;0;0;0;0;True;0;0;0
2;16;1;0;0;0;0;0;True;0;0;0
2;17;1;0;0;0;0;0;True;0;0;0
2;18;1;0;0;0;0;0;True;0;0;0
2;19;2;0;0;0;0;0;True;0;0;0
2;20;2;0;0;0;0;0;True;0;0;0
2;21;1;0;0;0;0;0;True;0;0;0
2;22;1;0;0;0;0;0;True;0;0;0
2;23;1;0;0;0;0;0;True;0;0;0
2;24;1;0;0;0;0;0;True;0;0;0
2;25;1;0;0;0;0;0;True;0;0;0
2;26;2;0;0;0;0;0;True;0;0;0
2;27;1;0;0;0;0;0;True;0;0;0
2;28;1;0;0;0;0;0;True;0;0;0
2;29;1;0;0;0;0;0;True;0;0;0
2;30;2;0;0;0;0;0;True;0;0;0
2;31;1;0;0;0;0;0;True;0;0;0
2;32;2;0;0;0;0;0;True;0;0;0
2;33;0;0;0;0;2;0;False;0;0;0
2;34;2;0;0;0;0;0;True;0;0;0
2;35;2;0;0;0;0;0;True;0;0;0
2;36;1;0;0;0;0;0;True;0;0;0
2;37;1;0;0;0;0;0;True;0;0;0
2;38;1;0;0;0;0;0;True;0;0;0
2;39;1;0;0;0;0;0;True;0;0;0
2;40;2;0;0;0;0;0;True;0;0;0
2;41;1;0;0;0;0;0;True;0;0;0
2;42;2;0;1;0;0;0;True;0;0;0
2;43;1;0;0;0;0;0;True;0;0;0
2;44;2;0;0;0;0;0;True;0;0;0
2;45;1;0;0;0;0;0;True;0;0;0
2;46;2;0;0;0;0;0;True;0;0;0
2;47;2;0;0;0;0;0;True;0;0;0
2;48;1;0;0;0;0;0;True;0;0;0
2;49;2;0;0;0;0;0;True;0;0;0
2;50;1;0;0;0;0;0;True;0;0;0
2;51;2;0;0;0;0;0;True;0;0;0
2;52;1;0;0;0;0;0;True;0;0;0
2;53;2;0;0;0;0;0;True;0;0;0
2;54;2;0;0;0;0;0;True;0;0;0
2;55;2;0;0;0;0;0;True;0;0;0
2;56;1;0;0;0;0;0;True;0;0;0
2;57;0;0;0;0;2;0;False;0;0;0
2;58;2;0;0;0;0;0;True;0;0;0
2;59;2;0;0;0;0;0;True;0;0;0
2;60;1;0;0;0;0;0;True;0;0;0
2;61;1;0;0;0;0;0;True;0;0;0
2;62;2;0;0;0;0;0;True;0;0;0
2;63;0;0;0;0;2;0;False;0;0;0
2;64;1;0;0;0;0;0;True;0;0;0
2;65;1;0;0;0;0;0;True;0;0;0
2;66;2;0;0;0;0;0;True;0;0;0
2;67;2;0;0;0;0;0;True;0;0;0
2;68;2;0;0;0;0;0;True;0;0;0
2;69;2;0;0;0;0;0;True;0;0;0
2;70;2;0;0;0;0;0;True;0;0;0
2;71;2;0;0;0;0;0;True;0;0;0
2;72;2;0;0;0;0;0;True;0;0;0
2;73;2;0;0;0;0;0;True;0;0;0
2;74;1;0;0;0;0;0;True;0;0;0
2;75;0;0;0;0;2;0;False;0;0;0
2;76;2;0;0;0;0;0;True;0;0;0
2;77;2;0;0;0;0;0;True;0;0;0
2;78;1;0;0;0;0;0;True;0;0;0
2;79;2;0;0;0;0;0;True;0;0;0
2;80;2;0;0;0;0;0;True;0;0;0
2;81;2;0;0;0;0;0;True;0;0;0
2;82;1;0;0;0;0;0;True;0;0;0
2;83;2;0;0;0;0;0;True;0;0;0
2;84;2;0;0;0;0;0;True;0;0;0
2;85;1;0;0;0;0;0;True;0;0;0
2;86;1;0;0;0;0;0;True;0;0;0
2;87;2;0;0;0;0;0;True;0;0;0
2;88;2;0;0;0;0;0;True;0;0;0
2;89;1;0;0;0;0;0;True;0;0;0
2;90;2;0;0;0;0;0;True;0;0;0
2;91;1;0;0;0;0;0;True;0;0;0
2;92;1;0;0;0;0;0;True;0;0;0
2;93;1;0;0;0;0;0;True;0;0;0
2;94;2;0;0;0;0;0;True;0;0;0
2;95;2;0;0;0;0;0;True;0;0;0
2;96;2;0;0;0;0;0;True;0;0;0
2;97;2;0;0;0;0;0;True;0;0;0
2;98;1;0;0;0;0;0;True;0;0;0
2;99;1;0;0;0;0;0;True;0;0;0
2;100;1;0;0;0;0;0;True;0;0;0
2;101;1;0;0;0;0;0;True;0;0;0
2;102;1;0;0;0;0;0;True;0;0;0
2;103;2;0;0;0;0;0;True;0;0;0
2;104;2;0;0;0;0;0;True;0;0;0
2;105;2;0;0;0;0;0;True;0;0;0
2;106;2;0;0;0;0;0;True;0;0;0
2;107;1;0;0;0;0;0;True;0;0;0
2;108;2;0;0;0;0;0;True;0;0;0
2;109;2;0;0;0;0;0;True;0;0;0
2;110;1;0;0;0;0;0;True;0;0;0
2;111;2;0;0;0;0;0;True;0;0;0
2;112;1;0;0;0;0;0;True;0;0;0
2;113;1;0;0;0;0;0;True;0;0;0
2;114;2;0;0;0;0;0;True;0;0;0
2;115;2;0;0;0;0;0;True;0;0;0
2;116;2;0;0;0;0;0;True;0;0;0
2;117;1;0;0;0;0;0;True;0;0;0
2;118;1;0;0;0;0;0;True;0;0;0
2;119;1;0;0;0;0;0;True;0;0;0
2;120;2;0;0;0;0;0;True;0;0;0
2;121;1;0;0;0;0;0;True;0;0;0
2;122;1;0;0;0;0;0;True;0;0;0
2;123;1;0;0;0;0;0;True;0;0;0
2;124;1;0;0;0;0;0;True;0;0;0
2;125;2;0;0;0;0;0;True;0;0;0
2;126;2;0;0;0;0;0;True;0;0;0
2;127;1;0;0;0;0;0;True;0;0;0
2;128;1;0;0;0;0;0;True;0;0;0
2;129;1;0;0;0;0;0;True;0;0;0
2;130;2;0;0;0;0;0;True;0;0;0
2;131;1;0;0;0;0;0;True;0;0;0
2;132;1;0;0;0;0;0;True;0;0;0
2;133;2;0;0;0;0;0;True;0;0;0
2;134;2;0;0;0;0;0;True;0;0;0
2;135;1;0;0;0;0;0;True;0;0;0
2;136;2;0;0;0;0;0;True;0;0;0
2;137;1;0;0;0;0;0;True;0;0;0
2;138;2;0;0;0;0;0;True;0;0;0
2;139;1;0;0;0;0;0;True;0;0;0
2;140;1;0;0;0;0;0;True;0;0;0
2;141;1;0;0;0;0;0;True;0;0;0
2;142;2;0;0;0;0;0;True;0;0;0
2;143;2;0;0;0;0;0;True;0;0;0
2;144;1;0;0;0;0;0;True;0;0;0
2;145;2;0;0;0;0;0;True;0;0;0
2;146;2;0;0;0;0;0;True;0;0;0
2;147;2;0;0;0;0;0;True;0;0;0
2;148;2;0;0;0;0;0;True;0;0;0
2;149;2;0;0;0;0;0;True;0;0;0
2;150;2;0;0;0;0;0;True;0;0;0
2;151;1;0;0;0;0;0;True;0;0;0
2;152;1;0;0;0;0;0;True;0;0;0
2;153;1;0;0;0;0;0;True;0;0;0
2;154;2;0;0;0;0;0;True;0;0;0
2;155;1;0;0;0;0;0;True;0;0;0
2;156;1;0;0;0;0;0;True;0;0;0
2;157;2;0;0;0;0;0;True;0;0;0
2;158;2;0;0;0;0;0;True;0;0;0
2;159;2;0;0;0;0;0;True;0;0;0
2;160;1;0;0;0;0;0;True;0;0;0
2;161;2;0;0;0;0;0;True;0;0;0
2;162;0;0;1;0;0;0;False;0;0;0
2;163;1;0;0;0;0;0;True;0;0;0
2;164;1;0;0;0;0;0;True;0;0;0
2;165;2;0;0;0;0;0;True;0;0;0
2;166;1;0;0;0;0;0;True;0;0;0
2;167;0;0;0;0;2;0;False;0;0;0
2;168;1;0;0;0;0;0;True;0;0;0
2;169;2;0;0;0;0;0;True;0;0;0
2;170;2;0;0;0;0;0;True;0;0;0
2;171;2;0;0;0;0;0;True;0;0;0
2;172;2;0;0;0;0;0;True;0;0;0
2;173;1;0;0;0;0;0;True;0;0;0
2;174;1;0;0;0;0;0;True;0;0;0
2;175;1;0;0;0;0;0;True;0;0;0
2;176;2;0;0;0;0;0;True;0;0;0
2;177;0;0;2;0;0;0;False;0;0;0
2;178;1;0;0;0;0;0;True;0;0;0
2;179;1;0;0;0;0;0;True;0;0;0
2;180;0;0;0;0;2;0;False;0;0;0
2;181;2;0;0;0;0;0;True;0;0;0
2;182;1;0;0;0;0;0;True;0;0;0
2;183;0;0;0;0;2;0;False;0;0;0
2;184;0;0;0;0;2;0;False;0;0;0
2;185;0;0;0;0;2;0;False;0;0;0
2;186;2;0;0;0;0;0;True;0;0;0
2;187;1;0;0;0;0;0;True;0;0;0
2;188;1;0;0;0;0;0;True;0;0;0
2;189;1;0;0;0;0;0;True;0;0;0
2;190;2;0;0;0;0;0;True;0;0;0
2;191;2;0;0;0;0;0;True;0;0;0
2;192;2;0;0;0;0;0;True;0;0;0
2;193;0;0;0;0;2;0;False;0;0;0
2;194;2;0;0;0;0;0;True;0;0;0
2;195;2;0;0;0;0;0;True;0;0;0
2;196;0;0;0;0;2;0;False;0;0;0
2;197;1;0;0;0;0;0;True;0;0;0
2;198;2;0;0;0;0;0;True;0;0;0
2;199;2;0;0;0;0;0;True;0;0;0
2;200;2;0;0;0;0;0;True;0;0;0
2;201;0;0;0;0;2;0;False;0;0;0
2;202;2;0;0;0;0;0;True;0;0;0
2;203;2;0;0;0;0;0;True;0;0;0
2;204;1;0;0;0;0;0;True;0;0;0
2;205;2;0;0;0;0;0;True;0;0;0
2;206;0;0;0;0;2;0;False;0;0;0
2;207;2;0;0;0;0;0;True;0;0;0
2;208;0;0;1;0;0;0;False;0;0;0
2;209;2;0;0;0;0;0;True;0;0;0
2;210;1;0;0;0;0;0;True;0;0;0
1;211;1;0;0;0;0;0;True;0;0;0
1;212;1;0;0;0;0;0;True;0;0;0
1;213;1;0;0;0;0;0;True;0;0;0
1;214;1;0;0;0;0;0;True;0;0;0
1;215;1;0;0;0;0;0;True;0;0;0
1;216;1;0;0;0;0;0;True;0;0;0
1;217;1;0;0;0;0;0;True;0;0;0
1;218;1;0;0;0;0;0;True;0;0;0
1;219;1;0;0;0;0;0;True;0;0;0
1;220;0;0;0;0;1;0;False;0;0;0
1;221;1;0;0;0;0;0;True;0;0;0
1;222;0;0;0;0;1;0;False;0;0;0
1;223;1;0;0;0;0;0;True;0;0;0
1;224;1;0;0;0;0;0;True;0;0;0
1;225;1;0;0;0;0;0;True;0;0;0
1;226;1;0;0;0;0;0;True;0;0;0
1;227;0;0;0;0;1;0;False;0;0;0
1;228;0;0;0;0;1;0;False;0;0;0
1;229;1;0;0;0;0;0;True;0;0;0
1;230;0;0;0;0;1;0;False;0;0;0
1;231;1;0;0;0;0;0;True;0;0;0
1;232;1;0;0;0;0;0;True;0;0;0
1;233;0;0;0;0;1;0;False;0;0;0
1;234;1;0;1;0;0;0;True;0;0;0
1;235;1;0;0;0;0;0;True;0;0;0
1;236;1;0;0;0;0;0;True;0;0;0
1;237;1;0;0;0;0;0;True;0;0;0
1;238;1;0;0;0;0;0;True;0;0;0
1;239;0;0;0;0;1;0;False;0;0;0
1;240;0;0;0;0;1;0;False;0;0;0
1;241;1;0;0;0;0;0;True;0;0;0
1;242;1;0;0;0;0;0;True;0;0;0
1;243;1;0;1;0;0;0;True;0;0;0
1;244;0;0;0;0;1;0;False;0;0;0
2;245;1;0;0;0;0;0;True;0;0;0
2;246;1;0;0;0;0;0;True;0;0;0
2;247;1;0;0;0;0;0;True;0;0;0
2;248;0;0;0;0;2;0;False;0;0;0
2;249;1;0;0;0;0;0;True;0;0;0
2;250;1;0;0;0;0;0;True;0;0;0
2;251;1;0;0;0;0;0;True;0;0;0
2;252;1;0;0;0;0;0;True;0;0;0
2;253;1;0;0;0;0;0;True;0;0;0
2;254;1;0;0;0;0;0;True;0;0;0
2;255;1;0;0;0;0;0;True;0;0;0
2;256;1;0;0;0;0;0;True;0;0;0
2;257;2;0;0;0;0;0;True;0;0;0
2;258;1;0;0;0;0;0;True;0;0;0
2;259;1;0;0;0;0;0;True;0;0;0
2;260;2;0;0;0;0;0;True;0;0;0
2;261;2;0;0;0;0;0;True;0;0;0
2;262;0;0;0;0;2;0;False;0;0;0
2;263;0;0;0;0;2;0;False;0;0;0
2;264;1;0;0;0;0;0;True;0;0;0
2;265;1;0;0;0;0;0;True;0;0;0
2;266;1;0;0;0;0;0;True;0;0;0
2;267;0;0;0;0;2;0;False;0;0;0
2;268;2;0;0;0;0;0;True;0;0;0
2;269;1;0;0;0;0;0;True;0;0;0
2;270;2;0;0;0;0;0;True;0;0;0
2;271;2;0;0;0;0;0;True;0;0;0
2;272;2;0;0;0;0;0;True;0;0;0
2;273;0;0;0;0;2;0;False;0;0;0
2;274;2;0;0;0;0;0;True;0;0;0
2;275;1;0;0;0;0;0;True;0;0;0
2;276;2;0;0;0;0;0;True;0;0;0
2;277;1;0;0;0;0;0;True;0;0;0
2;278;1;0;0;0;0;0;True;0;0;0
2;279;1;0;0;0;0;0;True;0;0;0
2;280;1;0;0;0;0;0;True;0;0;0
2;281;2;0;0;0;0;0;True;0;0;0
2;282;1;0;0;0;0;0;True;0;0;0
2;283;2;0;0;0;0;0;True;0;0;0
2;284;2;0;0;0;0;0;True;0;0;0
2;285;2;0;0;0;0;0;True;0;0;0
2;286;2;0;0;0;0;0;True;0;0;0
2;287;1;0;0;0;0;0;True;0;0;0
2;288;2;0;0;0;0;0;True;0;0;0
2;289;1;0;0;0;0;0;True;0;0;0
2;290;1;0;0;0;0;0;True;0;0;0
2;291;1;0;0;0;0;0;True;0;0;0
2;292;1;0;1;0;0;0;True;0;0;0
2;293;1;0;0;0;0;0;True;0;0;0
2;294;1;0;0;0;0;0;True;0;0;0
2;295;1;0;0;0;0;0;True;0;0;0
2;296;2;0;0;0;0;0;True;0;0;0
2;297;1;0;0;0;0;0;True;0;0;0
2;298;1;0;1;0;0;0;True;0;0;0
2;299;2;0;0;0;0;0;True;0;0;0
2;300;2;0;0;0;0;0;True;0;0;0
2;301;2;0;0;0;0;0;True;0;0;0
2;302;2;0;0;0;0;0;True;0;0;0
2;303;1;0;0;0;0;0;True;0;0;0
2;304;2;0;0;0;0;0;True;0;0;0
2;305;2;0;0;0;0;0;True;0;0;0
2;306;1;0;0;0;0;0;True;0;0;0
2;307;1;0;0;0;0;0;True;0;0;0
2;308;2;0;0;0;0;0;True;0;0;0
2;309;2;0;0;0;0;0;True;0;0;0
2;310;2;0;0;0;0;0;True;0;0;0
2;311;1;0;0;0;0;0;True;0;0;0
2;312;1;0;0;0;0;0;True;0;0;0
2;313;1;0;0;0;0;0;True;0;0;0
2;314;1;0;0;0;0;0;True;0;0;0
2;315;1;0;0;0;0;0;True;0;0;0
2;316;2;0;0;0;0;0;True;0;0;0
2;317;1;0;0;0;0;0;True;0;0;0
2;318;2;0;0;0;0;0;True;0;0;0
2;319;2;0;0;0;0;0;True;0;0;0
2;320;2;0;0;0;0;0;True;0;0;0
2;321;1;0;0;0;0;0;True;0;0;0
2;322;2;0;0;0;0;0;True;0;0;0
2;323;2;0;0;0;0;0;True;0;0;0
2;324;1;0;0;0;0;0;True;0;0;0
2;325;1;0;0;0;0;0;True;0;0;0
2;326;2;0;0;0;0;0;True;0;0;0
2;327;2;0;0;0;0;0;True;0;0;0
2;328;1;0;0;0;0;0;True;0;0;0
2;329;1;0;0;0;0;0;True;0;0;0
2;330;1;0;0;0;0;0;True;0;0;0
2;331;0;0;0;0;2;0;False;0;0;0
2;332;2;0;0;0;0;0;True;0;0;0
2;333;2;0;0;0;0;0;True;0;0;0
2;334;2;0;0;0;0;0;True;0;0;0
2;335;1;0;0;0;0;0;True;0;0;0
2;336;2;0;0;0;0;0;True;0;0;0
2;337;1;0;0;0;0;0;True;0;0;0
2;338;2;0;0;0;0;0;True;0;0;0
2;339;2;0;0;0;0;0;True;0;0;0
2;340;1;0;0;0;0;0;True;0;0;0
2;341;1;0;0;0;0;0;True;0;0;0
2;342;2;0;0;0;0;0;True;0;0;0
2;343;2;0;0;0;0;0;True;0;0;0
2;344;1;0;0;0;0;0;True;0;0;0
2;345;2;0;0;0;0;0;True;0;0;0
2;346;2;0;0;0;0;0;True;0;0;0
2;347;2;0;0;0;0;0;True;0;0;0
2;348;1;0;0;0;0;0;True;0;0;0
2;349;1;0;0;0;0;0;True;0;0;0
2;350;1;0;0;0;0;0;True;0;0;0
2;351;1;0;0;0;0;0;True;0;0;0
2;352;1;0;0;0;0;0;True;0;0;0
2;353;1;0;0;0;0;0;True;0;0;0
2;354;1;0;0;0;0;0;True;0;0;0
2;355;1;0;0;0;0;0;True;0;0;0
2;356;1;0;0;0;0;0;True;0;0;0
2;357;1;0;0;0;0;0;True;0;0;0
2;358;2;0;0;0;0;0;True;0;0;0
2;359;2;0;0;0;0;0;True;0;0;0
2;360;2;0;0;0;0;0;True;0;0;0
2;361;2;0;0;0;0;0;True;0;0;0
2;362;2;0;0;0;0;0;True;0;0;0
2;363;1;0;0;0;0;0;True;0;0;0
2;364;1;0;0;0;0;0;True;0;0;0
2;365;2;0;0;0;0;0;True;0;0;0
2;366;1;0;0;0;0;0;True;0;0;0
2;367;1;0;0;0;0;0;True;0;0;0
2;368;2;0;0;0;0;0;True;0;0;0
2;369;0;0;0;0;2;0;False;0;0;0
2;370;1;0;0;0;0;0;True;0;0;0
2;371;1;0;0;0;0;0;True;0;0;0
2;372;1;0;0;0;0;0;True;0;0;0
2;373;1;0;0;0;0;0;True;0;0;0
2;374;1;0;0;0;0;0;True;0;0;0
2;375;2;0;0;0;0;0;True;0;0;0
2;376;2;0;0;0;0;0;True;0;0;0
2;377;1;0;0;0;0;0;True;0;0;0
2;378;1;0;0;0;0;0;True;0;0;0
2;379;2;0;0;0;0;0;True;0;0;0
2;380;1;0;0;0;0;0;True;0;0;0
2;381;2;0;0;0;0;0;True;0;0;0
2;382;1;0;0;0;0;0;True;0;0;0
2;383;1;0;0;0;0;0;True;0;0;0
2;384;1;0;0;0;0;0;True;0;0;0
2;385;1;0;0;0;0;0;True;0;0;0
2;386;2;0;0;0;0;0;True;0;0;0
2;387;1;0;0;0;0;0;True;0;0;0
2;388;1;0;0;0;0;0;True;0;0;0
2;389;2;0;0;0;0;0;True;0;0;0
2;390;1;0;0;0;0;0;True;0;0;0
2;391;0;0;0;0;2;0;False;0;0;0
2;392;1;0;0;0;0;0;True;0;0;0
2;393;1;0;0;0;0;0;True;0;0;0
2;394;1;0;0;0;0;0;True;0;0;0
2;395;1;0;0;0;0;0;True;0;0;0
2;396;2;0;0;0;0;0;True;0;0;0
2;397;1;0;0;0;0;0;True;0;0;0
2;398;1;0;0;0;0;0;True;0;0;0
2;399;1;0;0;0;0;0;True;0;0;0
2;400;1;0;0;0;0;0;True;0;0;0
2;401;1;0;0;0;0;0;True;0;0;0
2;402;1;0;0;0;0;0;True;0;0;0
2;403;1;0;0;0;0;0;True;0;0;0
2;404;2;0;0;0;0;0;True;0;0;0
2;405;2;0;0;0;0;0;True;0;0;0
2;406;0;0;0;0;2;0;False;0;0;0
2;407;0;0;0;0;2;0;False;0;0;0
2;408;1;0;0;0;0;0;True;0;0;0
2;409;1;0;0;0;0;0;True;0;0;0
2;410;1;0;0;0;0;0;True;0;0;0
2;411;2;0;0;0;0;0;True;0;0;0
2;412;2;0;0;0;0;0;True;0;0;0
2;413;1;0;0;0;0;0;True;0;0;0
2;414;2;0;0;0;0;0;True;0;0;0
2;415;1;0;0;0;0;0;True;0;0;0
2;416;0;0;0;0;2;0;False;0;0;0
2;417;1;0;0;0;0;0;True;0;0;0
2;418;0;0;0;0;2;0;False;0;0;0
2;419;2;0;0;0;0;0;True;0;0;0
2;420;1;0;0;0;0;0;True;0;0;0
2;421;2;0;0;0;0;0;True;0;0;0
2;422;1;0;0;0;0;0;True;0;0;0
2;423;2;0;0;0;0;0;True;0;0;0
2;424;1;0;0;0;0;0;True;0;0;0
2;425;1;0;0;0;0;0;True;0;0;0
2;426;2;0;0;0;0;0;True;0;0;0
2;427;1;0;0;0;0;0;True;0;0;0
2;428;0;0;0;0;2;0;False;0;0;0
2;429;2;0;0;0;0;0;True;0;0;0
2;430;1;0;0;0;0;0;True;0;0;0
2;431;1;0;1;0;0;0;True;0;0;0
2;432;1;0;0;0;0;0;True;0;0;0
2;433;1;0;0;0;0;0;True;0;0;0
2;434;1;0;0;0;0;0;True;0;0;0
2;435;1;0;0;0;0;0;True;0;0;0
2;436;1;0;0;0;0;0;True;0;0;0
2;437;1;0;0;0;0;0;True;0;0;0
2;438;0;0;0;0;2;0;False;0;0;0
2;439;1;0;0;0;0;0;True;0;0;0
2;440;2;0;0;0;0;0;True;0;0;0
2;441;1;0;0;0;0;0;True;0;0;0
2;442;1;0;0;0;0;0;True;0;0;0
2;443;1;0;0;0;0;0;True;0;0;0
2;444;2;0;0;0;0;0;True;0;0;0
2;445;2;0;0;0;0;0;True;0;0;0
2;446;0;0;0;0;2;0;False;0;0;0
2;447;2;0;0;0;0;0;True;0;0;0
2;448;1;0;0;0;0;0;True;0;0;0
2;449;1;0;0;0;0;0;True;0;0;0
2;450;1;0;0;0;0;0;True;0;0;0
2;451;1;0;0;0;0;0;True;0;0;0
2;452;1;0;0;0;0;0;True;0;0;0
2;453;0;0;0;0;2;0;False;0;0;0
2;454;1;0;0;0;0;0;True;0;0;0
2;455;0;0;0;0;2;0;False;0;0;0
2;456;1;0;0;0;0;0;True;0;0;0
2;457;0;0;0;0;2;0;False;0;0;0
2;458;1;0;0;0;0;0;True;0;0;0
2;459;1;0;0;0;0;0;True;0;0;0
2;460;0;0;0;0;2;0;False;0;0;0
2;461;1;0;0;0;0;0;True;0;0;0
2;462;1;0;0;0;0;0;True;0;0;0
2;463;0;0;0;0;2;0;False;0;0;0
2;464;0;0;0;0;2;0;False;0;0;0
2;465;0;0;0;0;2;0;False;0;0;0
2;466;0;0;0;0;2;0;False;0;0;0
2;467;2;0;0;0;0;0;True;0;0;0
2;468;2;0;0;0;0;0;True;0;0;0
2;469;1;0;0;0;0;0;True;0;0;0
2;470;0;0;0;0;2;0;False;0;0;0
2;471;2;0;0;0;0;0;True;0;0;0
2;472;1;0;0;0;0;0;True;0;0;0
2;473;1;0;0;0;0;0;True;0;0;0
2;474;1;0;0;0;0;0;True;0;0;0
2;475;1;0;0;0;0;0;True;0;0;0
2;476;2;0;0;0;0;0;True;0;0;0
2;477;0;0;0;0;2;0;False;0;0;0
2;478;1;0;0;0;0;0;True;0;0;0
2;479;0;0;0;0;2;0;False;0;0;0
2;480;1;0;0;0;0;0;True;0;0;0
2;481;0;0;0;0;2;0;False;0;0;0
2;482;0;0;0;0;2;0;False;0;0;0
2;483;0;0;0;0;2;0;False;0;0;0
2;484;0;0;0;0;2;0;False;0;0;0
2;485;1;0;0;0;0;0;True;0;0;0
2;486;1;0;0;0;0;0;True;0;0;0
1;487;0;0;1;0;0;0;False;0;0;0
1;488;0;0;1;0;0;0;False;0;0;0
1;489;0;0;1;0;0;0;False;0;0;0
1;490;0;0;1;0;0;0;False;0;0;0
1;491;0;0;1;0;0;0;False;0;0;0
1;492;0;0;0;0;1;0;False;0;0;0
1;493;1;0;1;0;0;0;True;0;0;0
1;494;0;0;1;0;0;0;False;0;0;0
1;495;0;0;1;0;0;0;False;0;0;0
1;496;0;0;1;0;0;0;False;0;0;0
1;497;0;0;1;0;0;0;False;0;0;0
1;498;1;0;1;0;0;0;True;0;0;0
1;499;0;0;1;0;0;0;False;0;0;0
1;500;1;0;1;0;0;0;True;0;0;0
1;501;0;0;1;0;0;0;False;0;0;0
1;502;0;0;1;0;0;0;False;0;0;0
1;503;0;0;1;0;0;0;False;0;0;0
1;504;0;0;1;0;0;0;False;0;0;0
1;505;0;0;1;0;0;0;False;0;0;0
1;506;1;0;0;0;0;0;True;0;0;0
1;507;1;0;0;0;0;0;True;0;0;0
1;508;1;0;1;0;0;0;True;0;0;0
1;509;0;0;0;0;1;0;False;0;0;0
1;510;0;0;1;0;0;0;False;0;0;0
1;511;0;0;1;0;0;0;False;0;0;0
2;519;1;0;0;0;0;0;True;0;0;0
2;520;2;0;0;0;0;0;True;0;0;0
2;521;2;0;0;0;0;0;True;0;0;0
2;522;2;0;0;0;0;0;True;0;0;0
2;523;1;0;0;0;0;0;True;0;0;0
2;524;1;0;0;0;0;0;True;0;0;0
2;525;2;0;0;0;0;0;True;0;0;0
2;526;2;0;0;0;0;0;True;0;0;0
2;527;1;0;0;0;0;0;True;0;0;0
2;528;1;0;0;0;0;0;True;0;0;0
2;529;1;0;0;0;0;0;True;0;0;0
2;530;1;0;0;0;0;0;True;0;0;0
2;531;0;0;0;0;2;0;False;0;0;0
2;532;2;0;0;0;0;0;True;0;0;0
2;533;1;0;0;0;0;0;True;0;0;0
2;534;1;0;0;0;0;0;True;0;0;0
2;535;1;0;1;0;0;0;True;0;0;0
2;536;0;0;0;0;2;0;False;0;0;0
2;537;0;0;0;0;2;0;False;0;0;0
2;538;1;0;0;0;0;0;True;0;0;0
2;539;0;0;0;0;2;0;False;0;0;0
2;540;1;0;0;0;0;0;True;0;0;0
2;541;2;0;0;0;0;0;True;0;0;0
2;542;1;0;0;0;0;0;True;0;0;0
2;543;1;0;0;0;0;0;True;0;0;0
2;544;1;0;0;0;0;0;True;0;0;0
2;545;0;0;0;0;2;0;False;0;0;0
2;546;1;0;0;0;0;0;True;0;0;0
2;547;1;0;0;0;0;0;True;0;0;0
2;548;1;0;0;0;0;0;True;0;0;0
2;549;1;0;0;0;0;0;True;0;0;0
2;550;2;0;0;0;0;0;True;0;0;0
2;551;1;0;0;0;0;0;True;0;0;0
2;552;1;0;0;0;0;0;True;0;0;0
2;553;1;0;0;0;0;0;True;0;0;0
2;554;0;0;0;0;2;0;False;0;0;0
2;555;2;0;0;0;0;0;True;0;0;0
2;556;0;0;0;0;2;0;False;0;0;0
2;557;0;0;0;0;2;0;False;0;0;0
2;558;2;0;0;0;0;0;True;0;0;0
2;559;1;0;0;0;0;0;True;0;0;0
2;560;1;0;0;0;0;0;True;0;0;0
2;561;1;0;0;0;0;0;True;0;0;0
2;562;0;0;0;0;2;0;False;0;0;0
2;563;1;0;0;0;0;0;True;0;0;0
2;564;1;0;0;0;0;0;True;0;0;0
2;565;1;0;0;0;0;0;True;0;0;0
2;566;1;0;0;0;0;0;True;0;0;0
2;567;1;0;0;0;0;0;True;0;0;0
2;568;2;0;0;0;0;0;True;0;0;0
2;569;1;0;0;0;0;0;True;0;0;0
2;570;1;0;0;0;0;0;True;0;0;0
2;571;1;0;0;0;0;0;True;0;0;0
2;572;2;0;0;0;0;0;True;0;0;0
2;573;1;0;0;0;0;0;True;0;0;0
2;574;2;0;0;0;0;0;True;0;0;0
2;575;1;0;0;0;0;0;True;0;0;0
2;576;2;0;0;0;0;0;True;0;0;0
2;577;2;0;0;0;0;0;True;0;0;0
2;578;1;0;0;0;0;0;True;0;0;0
2;579;1;0;0;0;0;0;True;0;0;0
2;580;2;0;0;0;0;0;True;0;0;0
2;581;1;0;1;0;0;0;True;0;0;0
2;582;2;0;0;0;0;0;True;0;0;0
2;583;1;0;0;0;0;0;True;0;0;0
2;584;2;0;0;0;0;0;True;0;0;0
2;585;1;0;0;0;0;0;True;0;0;0
2;586;2;0;0;0;0;0;True;0;0;0
2;587;1;0;0;0;0;0;True;0;0;0
2;588;0;0;0;0;2;0;False;0;0;0
2;589;1;0;0;0;0;0;True;0;0;0
2;590;1;0;0;0;0;0;True;0;0;0
2;591;2;0;0;0;0;0;True;0;0;0
2;592;1;0;0;0;0;0;True;0;0;0
2;593;1;0;0;0;0;0;True;0;0;0
2;594;1;0;0;0;0;0;True;0;0;0
2;595;1;0;0;0;0;0;True;0;0;0
2;596;2;0;0;0;0;0;True;0;0;0
2;597;2;0;0;0;0;0;True;0;0;0
2;598;2;0;0;0;0;0;True;0;0;0
2;599;2;0;0;0;0;0;True;0;0;0
2;600;2;0;0;0;0;0;True;0;0;0
2;601;1;0;0;0;0;0;True;0;0;0
2;602;2;0;0;0;0;0;True;0;0;0
2;603;1;0;0;0;0;0;True;0;0;0
2;604;1;0;0;0;0;0;True;0;0;0
2;605;2;0;0;0;0;0;True;0;0;0
2;606;2;0;0;0;0;0;True;0;0;0
2;607;1;0;0;0;0;0;True;0;0;0
2;608;1;0;0;0;0;0;True;0;0;0
2;609;1;0;0;0;0;0;True;0;0;0
2;610;2;0;0;0;0;0;True;0;0;0
2;611;1;0;0;0;0;0;True;0;0;0
2;612;2;0;0;0;0;0;True;0;0;0
2;613;2;0;0;0;0;0;True;0;0;0
2;614;1;0;0;0;0;0;True;0;0;0
2;615;1;0;0;0;0;0;True;0;0;0
2;616;2;0;0;0;0;0;True;0;0;0
2;617;0;0;0;0;2;0;False;0;0;0
2;618;1;0;0;0;0;0;True;0;0;0
2;619;1;0;0;0;0;0;True;0;0;0
2;620;1;0;0;0;0;0;True;0;0;0
2;621;1;0;0;0;0;0;True;0;0;0
2;622;1;0;1;0;0;0;True;0;0;0
2;623;2;0;0;0;0;0;True;0;0;0
2;624;1;0;0;0;0;0;True;0;0;0
2;625;0;0;0;0;2;0;False;0;0;0
2;626;0;0;0;0;2;0;False;0;0;0
2;627;2;0;0;0;0;0;True;0;0;0
2;628;2;0;0;0;0;0;True;0;0;0
2;629;0;0;0;0;2;0;False;0;0;0
2;630;1;0;0;0;0;0;True;0;0;0
2;631;2;0;0;0;0;0;True;0;0;0
2;632;1;0;0;0;0;0;True;0;0;0
2;633;1;0;0;0;0;0;True;0;0;0
2;634;0;0;0;0;2;0;False;0;0;0
2;635;2;0;0;0;0;0;True;0;0;0
2;636;2;0;0;0;0;0;True;0;0;0
2;637;1;0;0;0;0;0;True;0;0;0
2;638;2;0;0;0;0;0;True;0;0;0
2;639;2;0;0;0;0;0;True;0;0;0
2;640;1;0;0;0;0;0;True;0;0;0
2;641;2;0;0;0;0;0;True;0;0;0
2;642;2;0;0;0;0;0;True;0;0;0
2;643;2;0;0;0;0;0;True;0;0;0
2;644;1;0;0;0;0;0;True;0;0;0
2;645;1;0;1;0;0;0;True;0;0;0
2;646;2;0;0;0;0;0;True;0;0;0
2;647;1;0;0;0;0;0;True;0;0;0
2;648;2;0;0;0;0;0;True;0;0;0
2;649;1;0;0;0;0;0;True;0;0;0
2;650;2;0;0;0;0;0;True;0;0;0
2;651;2;0;0;0;0;0;True;0;0;0
2;652;2;0;0;0;0;0;True;0;0;0
2;653;1;0;0;0;0;0;True;0;0;0
2;654;2;0;0;0;0;0;True;0;0;0
2;655;2;0;0;0;0;0;True;0;0;0
2;656;2;0;0;0;0;0;True;0;0;0
2;657;1;0;0;0;0;0;True;0;0;0
2;658;1;0;0;0;0;0;True;0;0;0
2;659;0;0;1;0;0;0;False;0;0;0
2;660;2;0;0;0;0;0;True;0;0;0
2;661;0;0;0;0;2;0;False;0;0;0
2;662;1;0;0;0;0;0;True;0;0;0
2;663;1;0;0;0;0;0;True;0;0;0
2;664;0;0;1;0;0;0;False;0;0;0
2;665;1;0;0;0;0;0;True;0;0;0
2;666;0;0;1;0;0;0;False;0;0;0
2;667;2;0;0;0;0;0;True;0;0;0
2;668;2;0;0;0;0;0;True;0;0;0
2;669;1;0;0;0;0;0;True;0;0;0
2;670;1;0;0;0;0;0;True;0;0;0
2;671;2;0;0;0;0;0;True;0;0;0
2;672;2;0;0;0;0;0;True;0;0;0
2;673;2;0;0;0;0;0;True;0;0;0
2;674;2;0;0;0;0;0;True;0;0;0
2;675;1;0;0;0;0;0;True;0;0;0
2;676;2;0;0;0;0;0;True;0;0;0
2;677;2;0;0;0;0;0;True;0;0;0
2;678;1;0;0;0;0;0;True;0;0;0
2;679;2;0;0;0;0;0;True;0;0;0
2;680;2;0;0;0;0;0;True;0;0;0
2;681;1;0;0;0;0;0;True;0;0;0
2;682;2;0;0;0;0;0;True;0;0;0
2;683;2;0;0;0;0;0;True;0;0;0
2;684;1;0;0;0;0;0;True;0;0;0
2;685;0;0;0;0;2;0;False;0;0;0
2;686;0;2;0;0;0;0;True;0;0;1
2;687;0;2;0;0;0;0;True;0;0;1
2;688;0;1;0;0;0;0;True;0;0;1
2;689;0;2;0;0;0;0;True;0;0;1
2;690;0;2;0;0;0;0;True;0;0;1
2;691;0;2;0;0;0;0;True;0;0;1
2;692;0;2;0;0;0;0;True;0;0;1
2;693;0;1;0;0;0;0;True;0;0;1
2;694;0;2;0;0;0;0;True;0;0;1
2;695;0;2;0;0;0;0;True;0;0;1
2;696;0;2;0;0;0;0;True;0;0;1
2;697;0;2;0;0;0;0;True;0;0;1
2;698;0;2;0;0;0;0;True;0;0;1
2;699;0;2;0;0;0;0;True;0;0;1
2;700;0;2;0;0;0;0;True;0;0;1
2;701;0;2;0;0;0;0;True;0;0;1
2;702;0;1;0;0;0;0;True;0;0;1
2;703;0;2;0;0;0;0;True;0;0;1
2;704;0;1;0;0;0;0;True;0;0;1
2;705;0;1;0;0;0;0;True;0;0;1
2;706;0;1;0;0;0;0;True;0;0;1
2;707;0;2;0;0;0;0;True;0;0;1
2;708;0;2;0;0;0;0;True;0;0;1
2;709;0;2;0;0;0;0;True;0;0;1
2;710;0;1;0;0;0;0;True;0;0;1
2;711;0;1;0;0;0;0;True;0;0;1
2;712;0;2;0;0;0;0;True;0;0;1
2;713;0;1;0;0;0;0;True;0;0;1
2;714;0;2;0;0;0;0;True;0;0;1
2;715;0;1;0;0;0;0;True;0;0;1
2;716;0;1;0;0;0;0;True;0;0;1
2;717;0;2;0;0;0;0;True;0;0;1
2;718;0;2;0;0;0;0;True;0;0;1
2;719;0;1;0;0;0;0;True;0;0;1
2;720;0;1;0;0;0;0;True;0;0;1
2;721;0;1;0;0;0;0;True;0;0;1
2;722;0;1;0;0;0;0;True;0;0;1
2;723;0;1;0;0;0;0;True;0;0;1
2;724;0;1;0;0;0;0;True;0;0;1
2;725;0;2;0;0;0;0;True;0;0;1
2;726;0;2;0;0;0;0;True;0;0;1
2;727;0;2;0;0;0;0;True;0;0;1
2;728;0;2;0;0;0;0;True;0;0;1
2;729;0;1;0;0;0;0;True;0;0;1
2;730;0;2;0;0;0;0;True;0;0;1
2;731;0;2;0;0;0;0;True;0;0;1
2;732;0;1;0;0;0;0;True;0;0;1
2;733;0;1;0;0;0;0;True;0;0;1
2;734;0;1;0;0;0;0;True;0;0;1
2;735;0;1;0;0;0;0;True;0;0;1
2;736;0;2;0;0;0;0;True;0;0;1
2;737;0;2;0;0;0;0;True;0;0;1
2;738;0;1;0;0;0;0;True;0;0;1
2;739;0;2;0;0;0;0;True;0;0;1
2;740;0;2;0;0;0;0;True;0;0;1
2;741;0;2;0;0;0;0;True;0;0;1
2;742;0;2;0;0;0;0;True;0;0;1
2;743;0;1;0;0;0;0;True;0;0;1
2;744;0;2;0;0;0;0;True;0;0;1
2;745;0;1;0;0;0;0;True;0;0;1
2;746;0;2;0;0;0;0;True;0;0;1
2;747;0;2;0;0;0;0;True;0;0;1
2;748;0;2;0;0;0;0;True;0;0;1
2;749;0;1;0;0;0;0;True;0;0;1
2;750;0;2;0;0;0;0;True;0;0;1
2;751;0;2;0;0;0;0;True;0;0;1
2;752;0;2;0;0;0;0;True;0;0;1
2;753;0;2;0;0;0;0;True;0;0;1
2;754;0;2;0;0;0;0;True;0;0;1
2;755;0;2;0;0;0;0;True;0;0;1
2;756;0;2;0;0;0;0;True;0;0;1
2;757;0;2;0;0;0;0;True;0;0;1
2;758;0;1;0;0;0;0;True;0;0;1
2;759;0;1;0;0;0;0;True;0;0;1
2;760;0;2;0;0;0;0;True;0;0;1
2;761;0;1;0;0;0;0;True;0;0;1
2;762;0;2;0;0;0;0;True;0;0;1
2;763;0;2;0;0;0;0;True;0;0;1
2;764;0;2;0;0;0;0;True;0;0;1
2;765;0;2;0;0;0;0;True;0;0;1
2;766;0;2;0;0;0;0;True;0;0;1
2;767;0;1;0;0;0;0;True;0;0;1
2;768;0;1;0;0;0;0;True;0;0;1
2;769;0;1;0;0;0;0;True;0;0;1
2;770;0;2;0;0;0;0;True;0;0;1
2;771;0;1;0;0;0;0;True;0;0;1
2;772;0;2;0;0;0;0;True;0;0;1
2;773;0;1;0;0;0;0;True;0;0;1
2;774;0;2;0;0;0;0;True;0;0;1
2;775;0;2;0;0;0;0;True;0;0;1
2;776;0;1;0;0;0;0;True;0;0;1
2;777;0;1;0;0;0;0;True;0;0;1
2;778;0;1;0;0;0;0;True;0;0;1
2;779;0;1;0;0;0;0;True;0;0;1
2;780;0;2;0;0;0;0;True;0;0;1
2;781;0;1;0;0;0;0;True;0;0;1
2;782;0;1;0;0;0;0;True;0;0;1
2;783;0;1;0;0;0;0;True;0;0;1
2;784;0;1;0;0;0;0;True;0;0;1
2;785;0;2;0;0;0;0;True;0;0;1
2;786;0;1;0;0;0;0;True;0;0;1
2;787;0;1;0;0;0;0;True;0;0;1
2;788;0;1;0;0;0;0;True;0;0;1
2;789;0;0;0;0;0;2;False;0;0;1
2;790;0;1;0;0;0;0;True;0;0;1
2;791;0;1;0;0;0;0;True;0;0;1
2;792;0;1;0;0;0;0;True;0;0;1
2;793;0;1;0;0;0;0;True;0;0;1
2;794;0;1;0;0;0;0;True;0;0;1
2;795;0;1;0;0;0;0;True;0;0;1
2;796;0;1;0;0;0;0;True;0;0;1
2;797;0;1;0;0;0;0;True;0;0;1
2;798;0;0;0;0;0;2;False;0;0;1
2;799;0;1;0;0;0;0;True;0;0;1
2;800;0;1;0;0;0;0;True;0;0;1
2;801;0;2;0;0;0;0;True;0;0;1
2;802;0;2;0;0;0;0;True;0;0;1
2;803;0;1;0;0;0;0;True;0;0;1
2;804;0;1;0;0;0;0;True;0;0;1
2;805;0;1;0;0;0;0;True;0;0;1
2;806;0;1;0;0;0;0;True;0;0;1
2;807;0;1;0;0;0;0;True;0;0;1
2;808;0;2;0;0;0;0;True;0;0;1
2;809;0;1;0;0;0;0;True;0;0;1
2;810;0;1;0;0;0;0;True;0;0;1
2;811;0;1;0;0;0;0;True;0;0;1
2;812;0;2;0;0;0;0;True;0;0;1
2;813;0;1;0;0;0;0;True;0;0;1
2;814;0;1;0;0;0;0;True;0;0;1
2;815;0;1;0;0;0;0;True;0;0;1
2;816;0;2;0;0;0;0;True;0;0;1
2;817;0;1;0;0;0;0;True;0;0;1
2;818;0;2;0;0;0;0;True;0;0;1
2;819;0;2;0;0;0;0;True;0;0;1
2;820;0;2;0;0;0;0;True;0;0;1
2;821;0;0;0;0;0;2;False;0;0;1
2;822;0;1;0;0;0;0;True;0;0;1
2;823;0;1;0;0;0;0;True;0;0;1
2;824;0;1;0;0;0;0;True;0;0;1
2;825;0;2;0;0;0;0;True;0;0;1
2;826;0;2;0;0;0;0;True;0;0;1
2;827;0;1;0;0;0;0;True;0;0;1
2;828;0;1;0;0;0;0;True;0;0;1
2;829;0;1;0;0;0;0;True;0;0;1
2;830;0;1;0;0;0;0;True;0;0;1
2;831;0;1;0;0;0;0;True;0;0;1
2;832;0;1;0;0;0;0;True;0;0;1
2;833;0;2;0;0;0;0;True;0;0;1
2;834;0;1;0;0;0;0;True;0;0;1
2;835;0;1;0;0;0;0;True;0;0;1
2;836;0;1;0;0;0;0;True;0;0;1
2;837;0;1;0;0;0;0;True;0;0;1
2;838;0;1;0;0;0;0;True;0;0;1
2;839;0;1;0;0;0;0;True;0;0;1
2;840;0;1;0;0;0;0;True;0;0;1
2;841;0;1;0;0;0;0;True;0;0;1
2;842;0;1;0;0;0;0;True;0;0;1
2;843;0;1;0;0;0;0;True;0;0;1
2;844;0;1;0;0;0;0;True;0;0;1
2;845;0;1;0;0;0;0;True;0;0;1
2;846;0;1;0;0;0;0;True;0;0;1
2;847;0;1;0;0;0;0;True;0;0;1
2;848;0;1;0;0;0;0;True;0;0;1
2;849;0;0;0;1;0;0;False;0;0;1
2;850;0;1;0;0;0;0;True;0;0;1
2;851;0;2;0;0;0;0;True;0;0;1
2;852;0;1;0;0;0;0;True;0;0;1
2;853;0;1;0;0;0;0;True;0;0;1
1;854;0;1;0;0;0;0;True;0;0;1
1;855;0;1;0;0;0;0;True;0;0;1
1;856;0;1;0;0;0;0;True;0;0;1
1;857;0;1;0;0;0;0;True;0;0;1
1;858;0;1;0;0;0;0;True;0;0;1
2;859;0;1;0;0;0;0;True;0;0;1
2;860;0;1;0;0;0;0;True;0;0;1
2;861;0;2;0;0;0;0;True;0;0;1
2;862;0;1;0;0;0;0;True;0;0;1
2;863;0;2;0;0;0;0;True;0;0;1
2;864;0;2;0;0;0;0;True;0;0;1
2;865;0;1;0;0;0;0;True;0;0;1
2;866;0;1;0;0;0;0;True;0;0;1
2;867;0;2;0;0;0;0;True;0;0;1
2;868;0;2;0;0;0;0;True;0;0;1
2;869;0;1;0;0;0;0;True;0;0;1
2;870;0;1;0;0;0;0;True;0;0;1
2;871;0;1;0;0;0;0;True;0;0;1
2;872;0;2;0;0;0;0;True;0;0;1
2;873;0;1;0;0;0;0;True;0;0;1
2;874;0;1;0;0;0;0;True;0;0;1
2;875;0;0;0;0;0;2;False;0;0;1
2;876;0;2;0;0;0;0;True;0;0;1
2;877;0;2;0;0;0;0;True;0;0;1
2;878;0;2;0;0;0;0;True;0;0;1
2;879;0;2;0;0;0;0;True;0;0;1
2;880;0;2;0;0;0;0;True;0;0;1
2;881;0;1;0;0;0;0;True;0;0;1
2;882;0;1;0;0;0;0;True;0;0;1
2;883;0;2;0;0;0;0;True;0;0;1
2;884;0;2;0;0;0;0;True;0;0;1
2;885;0;2;0;0;0;0;True;0;0;1
2;886;0;2;0;0;0;0;True;0;0;1
2;887;0;1;0;0;0;0;True;0;0;1
2;888;0;1;0;0;0;0;True;0;0;1
2;889;0;0;0;0;0;2;False;0;0;1
2;890;0;1;0;0;0;0;True;0;0;1
2;891;0;2;0;0;0;0;True;0;0;1
2;892;0;1;0;0;0;0;True;0;0;1
2;893;0;2;0;0;0;0;True;0;0;1
2;894;0;2;0;0;0;0;True;0;0;1
2;895;0;2;0;0;0;0;True;0;0;1
2;896;0;2;0;0;0;0;True;0;0;1
2;897;0;2;0;0;0;0;True;0;0;1
2;898;0;2;0;0;0;0;True;0;0;1
2;899;0;0;0;0;0;2;False;0;0;1
2;900;0;1;0;0;0;0;True;0;0;1
2;901;0;2;0;0;0;0;True;0;0;1
2;902;0;1;0;0;0;0;True;0;0;1
2;903;0;2;0;0;0;0;True;0;0;1
2;904;0;2;0;0;0;0;True;0;0;1
2;905;0;2;0;0;0;0;True;0;0;1
2;906;0;2;0;0;0;0;True;0;0;1
2;907;0;1;0;0;0;0;True;0;0;1
2;908;0;1;0;0;0;0;True;0;0;1
2;909;0;2;0;0;0;0;True;0;0;1
2;910;0;1;0;0;0;0;True;0;0;1
2;911;0;2;0;0;0;0;True;0;0;1
2;912;0;1;0;0;0;0;True;0;0;1
2;913;0;1;0;0;0;0;True;0;0;1
2;914;0;2;0;0;0;0;True;0;0;1
2;915;0;1;0;0;0;0;True;0;0;1
2;916;0;2;0;0;0;0;True;0;0;1
2;917;0;1;0;0;0;0;True;0;0;1
2;918;0;2;0;0;0;0;True;0;0;1
2;919;0;2;0;0;0;0;True;0;0;1
2;920;0;2;0;0;0;0;True;0;0;1
2;921;0;2;0;0;0;0;True;0;0;1
2;922;0;2;0;0;0;0;True;0;0;1
2;923;0;1;0;0;0;0;True;0;0;1
2;924;0;2;0;0;0;0;True;0;0;1
2;925;0;2;0;0;0;0;True;0;0;1
2;926;0;1;0;0;0;0;True;0;0;1
2;927;0;1;0;0;0;0;True;0;0;1
1;928;0;1;0;0;0;0;True;0;0;1
1;929;0;1;0;0;0;0;True;0;0;1
1;930;0;0;0;0;0;1;False;0;0;1
1;931;0;1;0;0;0;0;True;0;0;1
2;932;0;1;0;0;0;0;True;0;0;1
2;933;0;1;0;0;0;0;True;0;0;1
2;934;0;1;0;0;0;0;True;0;0;1
2;935;0;1;0;0;0;0;True;0;0;1
2;936;0;1;0;0;0;0;True;0;0;1
2;937;0;1;0;0;0;0;True;0;0;1
2;938;0;1;0;0;0;0;True;0;0;1
2;939;0;1;0;0;0;0;True;0;0;1
2;940;0;1;0;0;0;0;True;0;0;1
2;941;0;1;0;0;0;0;True;0;0;1
2;942;0;2;1;0;0;0;True;0;0;1
2;943;0;2;0;0;0;0;True;0;0;1
2;944;0;2;0;0;0;0;True;0;0;1
2;945;0;1;0;0;0;0;True;0;0;1
2;946;0;1;0;0;0;0;True;0;0;1
2;947;0;2;0;0;0;0;True;0;0;1
2;948;0;1;0;0;0;0;True;0;0;1
2;949;0;1;0;0;0;0;True;0;0;1
2;950;0;1;0;0;0;0;True;0;0;1
2;951;0;1;0;0;0;0;True;0;0;1
2;952;0;2;0;0;0;0;True;0;0;1
2;953;0;1;0;0;0;0;True;0;0;1
2;954;0;1;1;0;0;0;True;0;0;1
2;955;0;1;0;0;0;0;True;0;0;1
2;956;0;1;0;0;0;0;True;0;0;1
2;957;0;1;0;0;0;0;True;0;0;1
2;958;0;1;0;0;0;0;True;0;0;1
2;959;0;1;1;0;0;0;True;0;0;1
2;960;0;2;0;0;0;0;True;0;0;1
2;961;0;2;0;0;0;0;True;0;0;1
2;962;0;1;0;0;0;0;True;0;0;1
2;963;0;2;0;0;0;0;True;0;0;1
2;964;0;2;0;0;0;0;True;0;0;1
2;965;0;1;0;0;0;0;True;0;0;1
2;966;0;1;0;0;0;0;True;0;0;1
2;967;0;1;0;0;0;0;True;0;0;1
2;968;0;1;1;0;0;0;True;0;0;1
2;969;0;2;0;0;0;0;True;0;0;1
2;970;0;1;0;0;0;0;True;0;0;1
2;971;0;2;0;0;0;0;True;0;0;1
2;972;0;2;0;0;0;0;True;0;0;1
2;973;0;1;0;0;0;0;True;0;0;1
2;974;0;1;0;0;0;0;True;0;0;1
2;975;0;1;0;0;0;0;True;0;0;1
2;976;0;1;0;0;0;0;True;0;0;1
2;977;0;1;0;0;0;0;True;0;0;1
2;978;0;1;0;0;0;0;True;0;0;1
2;979;0;2;0;0;0;0;True;0;0;1
2;980;0;2;0;0;0;0;True;0;0;1
2;981;0;2;0;0;0;0;True;0;0;1
2;982;0;0;0;0;0;2;False;0;0;1
2;983;0;1;0;0;0;0;True;0;0;1
2;984;0;1;0;0;0;0;True;0;0;1
2;985;0;2;1;0;0;0;True;0;0;1
2;986;0;1;0;0;0;0;True;0;0;1
2;987;0;1;1;0;0;0;True;0;0;1
2;988;0;2;1;0;0;0;True;0;0;1
2;989;0;2;0;0;0;0;True;0;0;1
2;990;0;2;0;0;0;0;True;0;0;1
2;991;0;1;0;0;0;0;True;0;0;1
2;992;0;2;0;0;0;0;True;0;0;1
2;993;0;2;0;0;0;0;True;0;0;1
2;994;0;1;0;0;0;0;True;0;0;1
2;995;0;1;0;0;0;0;True;0;0;1
2;996;0;2;0;0;0;0;True;0;0;1
2;997;0;1;0;0;0;0;True;0;0;1
2;998;0;2;0;0;0;0;True;0;0;1
2;999;0;1;0;0;0;0;True;0;0;1
2;1000;0;0;0;0;0;2;False;0;0;1
2;1001;0;0;0;0;0;2;False;0;0;1
2;1002;0;1;0;0;0;0;True;0;0;1
2;1003;0;2;0;0;0;0;True;0;0;1
2;1004;0;1;1;0;0;0;True;0;0;1
2;1005;0;1;0;0;0;0;True;0;0;1
2;1006;0;1;0;0;0;0;True;0;0;1
2;1007;0;1;0;0;0;0;True;0;0;1
2;1008;0;2;0;0;0;0;True;0;0;1
2;1009;0;1;0;0;0;0;True;0;0;1
2;1010;0;2;0;0;0;0;True;0;0;1
2;1011;0;2;0;0;0;0;True;0;0;1
2;1012;0;2;0;0;0;0;True;0;0;1
2;1013;0;1;0;0;0;0;True;0;0;1
2;1014;0;2;0;0;0;0;True;0;0;1
2;1015;0;1;0;0;0;0;True;0;0;1
2;1016;0;1;0;0;0;0;True;0;0;1
2;1017;0;1;1;0;0;0;True;0;0;1
2;1018;0;1;0;0;0;0;True;0;0;1
2;1019;0;1;1;0;0;0;True;0;0;1
2;1020;0;2;0;0;0;0;True;0;0;1
2;1021;0;2;0;0;0;0;True;0;0;1
2;1022;0;2;0;0;0;0;True;0;0;1
2;1023;0;1;0;0;0;0;True;0;0;1
2;1024;0;2;0;0;0;0;True;0;0;1
2;1025;0;2;0;0;0;0;True;0;0;1
2;1026;0;2;1;0;0;0;True;0;0;1
2;1027;0;2;1;0;0;0;True;0;0;1
2;1028;0;2;0;0;0;0;True;0;0;1
2;1029;0;2;0;0;0;0;True;0;0;1
2;1030;0;2;1;0;0;0;True;0;0;1
2;1031;0;2;1;0;0;0;True;0;0;1
2;1032;0;2;0;0;0;0;True;0;0;1
2;1033;0;1;0;0;0;0;True;0;0;1
2;1034;0;1;0;0;0;0;True;0;0;1
2;1035;0;1;0;0;0;0;True;0;0;1
2;1036;0;1;0;0;0;0;True;0;0;1
2;1037;0;2;0;0;0;0;True;0;0;1
2;1038;0;2;0;0;0;0;True;0;0;1
2;1039;0;1;0;0;0;0;True;0;0;1
2;1040;0;2;0;0;0;0;True;0;0;1
2;1041;0;2;0;0;0;0;True;0;0;1
2;1042;0;2;0;0;0;0;True;0;0;1
2;1043;0;2;1;0;0;0;True;0;0;1
2;1044;0;1;1;0;0;0;True;0;0;1
2;1045;0;2;0;0;0;0;True;0;0;1
2;1046;0;2;0;0;0;0;True;0;0;1
2;1047;0;2;0;0;0;0;True;0;0;1
