0.0209980010986 0.000214099884033 0.00237894058228 0.000338077545166 0.0144979953766 0.00091290473938
0.00429320335388 0.000156879425049 0.000741004943848 0.000309944152832 3.69548797607e-05 0.000706911087036
0.00420713424683 0.000164985656738 0.000749826431274 0.000299215316772 3.88622283936e-05 0.000694990158081
0.00888609886169 0.000351905822754 0.00156402587891 0.00064492225647 0.000101089477539 0.00156283378601
0.00953507423401 0.000355958938599 0.00155997276306 0.000765085220337 0.000108957290649 0.00163388252258
0.00995492935181 0.000437021255493 0.00174188613892 0.000696897506714 0.000105857849121 0.00174999237061
0.00928211212158 0.000405073165894 0.00159001350403 0.000703096389771 8.29696655273e-05 0.00142312049866
0.00857901573181 0.000358104705811 0.00159621238708 0.000620126724243 9.20295715332e-05 0.00137090682983
0.00924181938171 0.000329971313477 0.00156593322754 0.00068998336792 0.000102043151855 0.00167393684387
0.00976300239563 0.000439882278442 0.0016930103302 0.000679969787598 0.0001060962677 0.00171899795532
0.00968098640442 0.000402927398682 0.00169396400452 0.000702142715454 0.000105142593384 0.00163006782532
0.00845098495483 0.000355958938599 0.00156903266907 0.000586032867432 8.89301300049e-05 0.00138211250305
0.00748205184937 0.000310897827148 0.00147485733032 0.000684022903442 6.91413879395e-05 0.00112700462341
0.00775408744812 0.000264883041382 0.00124406814575 0.000463962554932 6.38961791992e-05 0.0014500617981
0.00897884368896 0.000372171401978 0.00166010856628 0.00061297416687 8.70227813721e-05 0.00141906738281
0.00893592834473 0.000352144241333 0.00165510177612 0.000624895095825 8.39233398438e-05 0.00140810012817
0.00789618492126 0.000324964523315 0.00152683258057 0.000596046447754 7.10487365723e-05 0.00122094154358
0.00898098945618 0.000399827957153 0.00165700912476 0.000618934631348 8.70227813721e-05 0.00142598152161
0.00913000106812 0.000379085540771 0.00166487693787 0.000662088394165 8.60691070557e-05 0.00150108337402
0.00880193710327 0.000353097915649 0.00169396400452 0.000612020492554 8.60691070557e-05 0.00133395195007
0.00922703742981 0.000355005264282 0.00169014930725 0.000624895095825 8.79764556885e-05 0.00153398513794
0.00967693328857 0.000388145446777 0.00168800354004 0.000648021697998 0.000102996826172 0.00177192687988
0.00928115844727 0.000393152236938 0.00173616409302 0.000714063644409 0.000104904174805 0.00154304504395
0.00953984260559 0.000452995300293 0.00174903869629 0.000647068023682 9.89437103271e-05 0.0016770362854
0.00945401191711 0.000380039215088 0.00173997879028 0.000645160675049 9.98973846436e-05 0.00172090530396
0.00943899154663 0.000384092330933 0.00168490409851 0.000649929046631 0.000107049942017 0.00161695480347
0.00949692726135 0.000388145446777 0.00169396400452 0.000695943832397 0.000102996826172 0.00167202949524
0.00953102111816 0.000387191772461 0.00174498558044 0.000642061233521 0.00010085105896 0.00170087814331
0.00931000709534 0.000382900238037 0.00168800354004 0.00064492225647 9.98973846436e-05 0.00149703025818
0.00937986373901 0.000385046005249 0.00168609619141 0.000663995742798 0.000102996826172 0.00155401229858
0.00946497917175 0.000385999679565 0.0017421245575 0.000651121139526 0.000101089477539 0.00164484977722
0.00960206985474 0.000380992889404 0.00174188613892 0.00064492225647 0.000102996826172 0.0017261505127
0.00950002670288 0.000380992889404 0.00169110298157 0.000652074813843 0.000109195709229 0.00157999992371
0.00955009460449 0.0003821849823 0.00176501274109 0.000716924667358 8.98838043213e-05 0.00152111053467
0.00957894325256 0.000380039215088 0.00173902511597 0.00064492225647 0.000205993652344 0.00146389007568
0.00953102111816 0.000387191772461 0.00169610977173 0.000642061233521 0.000104904174805 0.0016040802002
0.00931096076965 0.000381231307983 0.00168704986572 0.000701189041138 0.000102043151855 0.0014820098877
0.00944399833679 0.000380039215088 0.00173687934875 0.000653982162476 0.000105857849121 0.00158095359802
0.00941586494446 0.000383853912354 0.00168704986572 0.000653028488159 0.000104904174805 0.00149297714233
0.00855994224548 0.000355958938599 0.00156497955322 0.000612020492554 9.29832458496e-05 0.00142908096313
0.00936484336853 0.000380992889404 0.00168991088867 0.000678777694702 0.0001060962677 0.00140500068665
0.00970005989075 0.0003821849823 0.00173592567444 0.000669956207275 0.000101089477539 0.00173592567444
0.00943994522095 0.000430107116699 0.00173306465149 0.000660181045532 0.000102996826172 0.00146317481995
0.00952005386353 0.000388145446777 0.00174999237061 0.000684022903442 0.000101089477539 0.00147104263306
0.00852704048157 0.000424861907959 0.00158500671387 0.000545978546143 7.5101852417e-05 0.00114417076111
0.00882697105408 0.000310897827148 0.00149488449097 0.00062894821167 8.60691070557e-05 0.00138783454895
0.00965094566345 0.000406980514526 0.00174522399902 0.000664949417114 9.89437103271e-05 0.00150299072266
0.0105431079865 0.000465154647827 0.00175023078918 0.00068187713623 0.000102996826172 0.00218486785889
0.00863480567932 0.000435829162598 0.00143003463745 0.00053596496582 7.39097595215e-05 0.00128412246704
0.00989484786987 0.000327825546265 0.00170588493347 0.00065803527832 9.98973846436e-05 0.00192308425903
0.0098819732666 0.000385046005249 0.00168514251709 0.000685930252075 0.000101804733276 0.00164985656738
0.00873589515686 0.000356912612915 0.00157785415649 0.000566959381104 9.20295715332e-05 0.00146412849426
0.00976395606995 0.000346899032593 0.00170588493347 0.000659942626953 0.000104904174805 0.00182604789734
0.00988698005676 0.000379085540771 0.00169014930725 0.000643968582153 0.000103950500488 0.00169897079468
0.00891089439392 0.000354051589966 0.00160098075867 0.000595808029175 9.3936920166e-05 0.00153994560242
0.00940489768982 0.000334978103638 0.00168895721436 0.000633001327515 9.98973846436e-05 0.00171899795532
0.00982403755188 0.000385999679565 0.00169706344604 0.000641107559204 0.000101089477539 0.00176906585693
0.00988793373108 0.000382900238037 0.0017409324646 0.000651836395264 0.000102043151855 0.00186896324158
0.0097382068634 0.000387191772461 0.00168609619141 0.000643014907837 9.60826873779e-05 0.00168085098267
0.00983905792236 0.000388145446777 0.00168895721436 0.000709056854248 0.000100135803223 0.00171709060669
0.0110890865326 0.000485897064209 0.00179100036621 0.000693798065186 9.3936920166e-05 0.00156593322754
0.00876998901367 0.000353097915649 0.0015561580658 0.000566959381104 8.60691070557e-05 0.00161409378052
0.00956606864929 0.000333070755005 0.00171399116516 0.000662088394165 0.000101089477539 0.00171709060669
0.00975584983826 0.000388145446777 0.00168681144714 0.000659942626953 9.67979431152e-05 0.0016610622406
0.00868797302246 0.000359058380127 0.0015709400177 0.000576019287109 8.60691070557e-05 0.0015549659729
0.00944495201111 0.000327825546265 0.00166296958923 0.000658988952637 9.48905944824e-05 0.00174403190613
0.00841093063354 0.00032901763916 0.00144982337952 0.000566959381104 8.51154327393e-05 0.00134301185608
0.00907707214355 0.000353813171387 0.00165796279907 0.000614166259766 8.60691070557e-05 0.00145411491394
0.0092408657074 0.000354051589966 0.00166296958923 0.000648021697998 8.20159912109e-05 0.00151991844177
0.00926208496094 0.000352144241333 0.00169014930725 0.000624895095825 8.29696655273e-05 0.00149202346802
0.00918984413147 0.000354051589966 0.00165796279907 0.000618934631348 8.70227813721e-05 0.00147294998169
0.00931620597839 0.000354051589966 0.00165605545044 0.000621795654297 8.60691070557e-05 0.00154089927673
0.00932192802429 0.000360012054443 0.00169587135315 0.00063419342041 8.98838043213e-05 0.00147294998169
0.00989508628845 0.000432014465332 0.00170207023621 0.000671863555908 9.70363616943e-05 0.00172185897827
0.00976014137268 0.000377178192139 0.00168609619141 0.000714063644409 9.58442687988e-05 0.00167012214661
0.00971102714539 0.000428199768066 0.00169610977173 0.000664949417114 0.000144004821777 0.00152611732483
0.00960803031921 0.000385046005249 0.00169277191162 0.000690937042236 9.20295715332e-05 0.00143694877625
0.00981783866882 0.000379800796509 0.00169682502747 0.000694036483765 9.89437103271e-05 0.0017101764679
0.00856304168701 0.000349998474121 0.0016450881958 0.000584125518799 8.41617584229e-05 0.00135493278503
0.00940203666687 0.00032901763916 0.00165581703186 0.000673055648804 0.000102043151855 0.00170493125916
0.00984311103821 0.000389099121094 0.00169515609741 0.000668048858643 0.000102996826172 0.00169086456299
0.00994801521301 0.000383138656616 0.0017421245575 0.000723123550415 9.98973846436e-05 0.00179100036621
0.00979089736938 0.000380992889404 0.00169014930725 0.000670909881592 0.0001220703125 0.00164198875427
0.0098729133606 0.000385046005249 0.00173687934875 0.000719785690308 0.000105142593384 0.00165700912476
0.009770154953 0.000387907028198 0.00169587135315 0.000669956207275 0.000102996826172 0.00166988372803
0.00969505310059 0.000386953353882 0.00174808502197 0.000678062438965 0.000100135803223 0.00162410736084
0.00975513458252 0.000479221343994 0.00170087814331 0.000675201416016 0.000102043151855 0.00163602828979
0.00984406471252 0.00039005279541 0.00173902511597 0.000700950622559 0.000100135803223 0.00168395042419
0.00844883918762 0.000355005264282 0.00157117843628 0.000686168670654 7.39097595215e-05 0.0012891292572
0.00965690612793 0.000329971313477 0.00169801712036 0.000684976577759 0.000101089477539 0.00174999237061
0.00979208946228 0.000382900238037 0.00168991088867 0.000674962997437 0.000101804733276 0.00161719322205
0.00883388519287 0.000358104705811 0.00156283378601 0.000627040863037 8.79764556885e-05 0.00150108337402
0.00959587097168 0.00032901763916 0.00168895721436 0.000671863555908 9.98973846436e-05 0.00165200233459
0.0086841583252 0.000355958938599 0.00156378746033 0.000670909881592 8.89301300049e-05 0.00137495994568
0.00917196273804 0.00032901763916 0.00145483016968 0.000661849975586 0.000102996826172 0.00166082382202
0.00976395606995 0.000386953353882 0.00174021720886 0.000674962997437 0.000102043151855 0.00168204307556
0.00975894927979 0.000384092330933 0.00169396400452 0.000674962997437 0.000101089477539 0.00168609619141
0.00978398323059 0.000385046005249 0.00174689292908 0.000674962997437 0.000102996826172 0.00173091888428
0.00980305671692 0.000385046005249 0.0016918182373 0.000682830810547 9.70363616943e-05 0.00167012214661
0.00976920127869 0.000385046005249 0.0017421245575 0.000672101974487 0.000102996826172 0.00170588493347
0.0098090171814 0.000433921813965 0.00169396400452 0.000676870346069 0.000102996826172 0.00163888931274
0.00989294052124 0.000460863113403 0.00176191329956 0.000603914260864 8.08238983154e-05 0.00139403343201
0.00949120521545 0.000353097915649 0.00170207023621 0.000671863555908 9.79900360107e-05 0.00166082382202
0.00981497764587 0.000382900238037 0.00170707702637 0.000702142715454 0.000105857849121 0.00170207023621
0.00961112976074 0.000380992889404 0.00177311897278 0.000675201416016 0.00010085105896 0.00160002708435
0.008465051651 0.000417947769165 0.00146102905273 0.000571012496948 8.60691070557e-05 0.00147199630737
0.00940799713135 0.00032901763916 0.00177502632141 0.000667095184326 0.000104904174805 0.00167322158813
0.00975298881531 0.000385046005249 0.00173592567444 0.000663042068481 0.000100135803223 0.00168204307556
0.00843596458435 0.00035285949707 0.00159215927124 0.000570058822632 8.82148742676e-05 0.00137591362
0.00920295715332 0.000332832336426 0.00156593322754 0.000653982162476 0.000102996826172 0.00171089172363
0.00980997085571 0.000427961349487 0.00169610977173 0.00064492225647 0.000101804733276 0.00173211097717
0.00975298881531 0.000385999679565 0.00168800354004 0.000667095184326 0.000102996826172 0.00166320800781
0.00862717628479 0.000355005264282 0.00156188011169 0.00056004524231 8.89301300049e-05 0.00144195556641
0.00947380065918 0.000331878662109 0.00166606903076 0.00064492225647 9.79900360107e-05 0.00175309181213
0.0098888874054 0.000380992889404 0.0016930103302 0.000661134719849 0.000103950500488 0.00166010856628
0.0099458694458 0.000460863113403 0.00184512138367 0.000663042068481 9.79900360107e-05 0.00166988372803
0.00982403755188 0.000381946563721 0.00169491767883 0.000663042068481 0.000128030776978 0.00168299674988
0.00995993614197 0.000378131866455 0.00173997879028 0.000667095184326 0.000101804733276 0.00172519683838
0.0100359916687 0.000382900238037 0.00168800354004 0.000669002532959 0.00010085105896 0.00166797637939
0.0101299285889 0.000388145446777 0.00183701515198 0.000695943832397 9.79900360107e-05 0.00177001953125
0.00841283798218 0.000333070755005 0.00145411491394 0.000592947006226 9.01222229004e-05 0.00123715400696
0.00987005233765 0.000388860702515 0.00169491767883 0.000691890716553 0.000104904174805 0.00160098075867
0.00873208045959 0.000353097915649 0.0015971660614 0.000598907470703 9.51290130615e-05 0.00136208534241
0.00893998146057 0.000306129455566 0.00156807899475 0.000655174255371 8.60691070557e-05 0.00128817558289
0.00934100151062 0.000354766845703 0.00165987014771 0.000692844390869 8.51154327393e-05 0.00134205818176
0.00374794006348 0.000141859054565 0.000647783279419 0.000269889831543 3.79085540771e-05 0.000545978546143
0.0040647983551 0.000155925750732 0.000692844390869 0.000289916992188 3.69548797607e-05 0.000605821609497
0.00433206558228 0.000164985656738 0.000779867172241 0.000304937362671 4.00543212891e-05 0.000607013702393
0.00442504882812 0.000149011611938 0.000690937042236 0.000277042388916 3.60012054443e-05 0.000593900680542
0.00556993484497 0.000153064727783 0.000694990158081 0.000288009643555 6.60419464111e-05 0.0010039806366
0.00894498825073 0.000370025634766 0.00165796279907 0.000678062438965 8.60691070557e-05 0.00127100944519
0.00950598716736 0.00035285949707 0.00165581703186 0.000743865966797 8.70227813721e-05 0.00132608413696
0.00824999809265 0.000328063964844 0.00152897834778 0.000587940216064 7.39097595215e-05 0.00116491317749
0.00907301902771 0.000301837921143 0.00153279304504 0.00068187713623 8.10623168945e-05 0.00142192840576
0.0100789070129 0.0003821849823 0.00168704986572 0.000747919082642 9.98973846436e-05 0.00163578987122
0.0101680755615 0.000397920608521 0.00174403190613 0.000741004943848 0.000102043151855 0.00167512893677
0.0101189613342 0.000383138656616 0.00169920921326 0.000753879547119 0.000102043151855 0.00156307220459
0.00895094871521 0.000355005264282 0.00159692764282 0.000648021697998 9.20295715332e-05 0.00136995315552
0.00995707511902 0.000401020050049 0.00169610977173 0.000752210617065 0.000102043151855 0.00163888931274
0.0102519989014 0.000382900238037 0.00174307823181 0.000758171081543 0.000102996826172 0.00172209739685
0.0100920200348 0.000380039215088 0.00169396400452 0.000749826431274 0.000102996826172 0.00151681900024
0.00895404815674 0.000354051589966 0.00155901908875 0.000658988952637 9.48905944824e-05 0.00128388404846
0.00997114181519 0.000384092330933 0.00168991088867 0.000775098800659 0.00010085105896 0.00147891044617
0.00895500183105 0.000361919403076 0.00159907341003 0.000681161880493 8.51154327393e-05 0.00135517120361
0.00988793373108 0.00042200088501 0.00169610977173 0.000784158706665 0.0001060962677 0.00152206420898
0.0101249217987 0.000383853912354 0.00173592567444 0.000787973403931 0.000103950500488 0.00151109695435
0.0101330280304 0.000386953353882 0.0016918182373 0.000775098800659 0.000103950500488 0.00155401229858
0.00862884521484 0.000331878662109 0.00149202346802 0.000694036483765 8.79764556885e-05 0.00135707855225
0.00978207588196 0.000311851501465 0.00170397758484 0.000792026519775 0.000102043151855 0.00158905982971
0.0100309848785 0.000380039215088 0.00169110298157 0.000837087631226 0.0001060962677 0.00146412849426
0.0100808143616 0.000386953353882 0.00168895721436 0.000787019729614 0.000102996826172 0.00155997276306
0.00879502296448 0.000355958938599 0.00158715248108 0.00067400932312 9.29832458496e-05 0.00123000144958
0.00956797599792 0.000329971313477 0.00165390968323 0.000834941864014 0.000103950500488 0.00141382217407
0.00853395462036 0.00032901763916 0.00145792961121 0.000666856765747 8.70227813721e-05 0.00108599662781
0.0098078250885 0.000385999679565 0.00169587135315 0.000797986984253 0.000107049942017 0.0014021396637
0.00849390029907 0.000360012054443 0.00153303146362 0.000665903091431 9.41753387451e-05 0.00113701820374
0.00963497161865 0.000351905822754 0.00163888931274 0.000756978988647 8.70227813721e-05 0.0014500617981
0.0108470916748 0.000378131866455 0.00171089172363 0.000794887542725 8.82148742676e-05 0.00146794319153
0.00922298431396 0.000332832336426 0.00145101547241 0.000655889511108 9.01222229004e-05 0.00130391120911
0.00931286811829 0.000334978103638 0.0014488697052 0.000739812850952 8.89301300049e-05 0.00149703025818
0.0100929737091 0.000385046005249 0.00173783302307 0.000771999359131 0.000107049942017 0.00165915489197
0.0101161003113 0.000389099121094 0.0017569065094 0.000885963439941 0.000107049942017 0.00156903266907
0.00993895530701 0.000432014465332 0.00173807144165 0.000779151916504 0.000103950500488 0.00149989128113
0.00998401641846 0.000385999679565 0.00178098678589 0.000767946243286 0.0001060962677 0.00151109695435
0.00977492332458 0.000380992889404 0.00171303749084 0.000770092010498 9.08374786377e-05 0.00144100189209
0.00978016853333 0.000387907028198 0.00175309181213 0.000818014144897 8.9168548584e-05 0.00138115882874
0.00989699363708 0.000385046005249 0.00169610977173 0.00074315071106 9.89437103271e-05 0.00153708457947
0.0100371837616 0.000387907028198 0.00174498558044 0.000750064849854 0.000102996826172 0.00164604187012
