0.005000 1341.750000
0.010000 1357.670000
0.015000 1359.740000
0.020000 1395.930000
0.025000 1413.760000
0.030000 1461.060000
0.035000 1461.530000
0.040000 1483.990000
0.045000 1486.320000
0.050000 1530.530000
0.055000 1537.880000
0.060000 1539.050000
0.065000 1550.400000
0.070000 1570.790000
0.075000 1573.750000
0.080000 1578.530000
0.085000 1581.380000
0.090000 1594.520000
0.095000 1594.930000
0.100000 1598.550000
0.105000 1598.860000
0.110000 1601.820000
0.115000 1602.560000
0.120000 1603.920000
0.125000 1610.280000
0.130000 1610.980000
0.135000 1612.260000
0.140000 1615.140000
0.145000 1630.380000
0.150000 1638.790000
0.155000 1660.170000
0.160000 1672.250000
0.165000 1679.310000
0.170000 1681.260000
0.175000 1684.090000
0.180000 1686.570000
0.185000 1696.330000
0.190000 1698.770000
0.195000 1702.240000
0.200000 1703.210000
0.205000 1706.600000
0.210000 1720.330000
0.215000 1721.370000
0.220000 1721.550000
0.225000 1726.660000
0.230000 1729.620000
0.235000 1733.970000
0.240000 1735.200000
0.245000 1740.830000
0.250000 1745.270000
0.255000 1750.590000
0.260000 1751.050000
0.265000 1751.080000
0.270000 1753.790000
0.275000 1754.820000
0.280000 1761.500000
0.285000 1764.230000
0.290000 1773.450000
0.295000 1775.100000
0.300000 1777.110000
0.305000 1782.920000
0.310000 1783.770000
0.315000 1787.250000
0.320000 1789.300000
0.325000 1792.180000
0.330000 1798.510000
0.335000 1805.700000
0.340000 1807.200000
0.345000 1809.890000
0.350000 1813.120000
0.355000 1828.110000
0.360000 1838.180000
0.365000 1844.200000
0.370000 1845.210000
0.375000 1847.900000
0.380000 1850.860000
0.385000 1851.400000
0.390000 1857.200000
0.395000 1858.050000
0.400000 1864.580000
0.405000 1864.850000
0.410000 1866.200000
0.415000 1872.110000
0.420000 1874.580000
0.425000 1875.440000
0.430000 1879.400000
0.435000 1884.440000
0.440000 1893.240000
0.445000 1899.710000
0.450000 1902.620000
0.455000 1903.110000
0.460000 1904.180000
0.465000 1907.540000
0.470000 1908.190000
0.475000 1914.020000
0.480000 1914.900000
0.485000 1917.430000
0.490000 1918.070000
0.495000 1923.070000
0.500000 1924.340000
0.505000 1924.710000
0.510000 1926.740000
0.515000 1930.330000
0.520000 1930.330000
0.525000 1931.490000
0.530000 1935.240000
0.535000 1937.440000
0.540000 1942.650000
0.545000 1942.690000
0.550000 1944.370000
0.555000 1945.120000
0.560000 1949.270000
0.565000 1952.280000
0.570000 1957.660000
0.575000 1965.300000
0.580000 1966.570000
0.585000 1973.740000
0.590000 1975.230000
0.595000 1981.070000
0.600000 1983.400000
0.605000 1986.660000
0.610000 1995.010000
0.615000 1998.530000
0.620000 2000.490000
0.625000 2004.850000
0.630000 2006.030000
0.635000 2008.900000
0.640000 2010.100000
0.645000 2016.190000
0.650000 2019.960000
0.655000 2036.510000
0.660000 2036.690000
0.665000 2037.080000
0.670000 2042.750000
0.675000 2046.260000
0.680000 2046.450000
0.685000 2050.290000
0.690000 2052.340000
0.695000 2058.180000
0.700000 2066.890000
0.705000 2073.550000
0.710000 2077.680000
0.715000 2078.300000
0.720000 2085.870000
0.725000 2090.500000
0.730000 2090.950000
0.735000 2095.240000
0.740000 2102.580000
0.745000 2104.900000
0.750000 2114.780000
0.755000 2117.010000
0.760000 2125.980000
0.765000 2150.070000
0.770000 2151.910000
0.775000 2155.810000
0.780000 2163.160000
0.785000 2171.170000
0.790000 2171.910000
0.795000 2171.970000
0.800000 2173.650000
0.805000 2176.910000
0.810000 2181.310000
0.815000 2188.740000
0.820000 2200.220000
0.825000 2209.830000
0.830000 2233.600000
0.835000 2234.120000
0.840000 2234.820000
0.845000 2236.300000
0.850000 2244.180000
0.855000 2244.220000
0.860000 2264.200000
0.865000 2273.830000
0.870000 2287.300000
0.875000 2295.990000
0.880000 2302.260000
0.885000 2305.940000
0.890000 2316.660000
0.895000 2317.900000
0.900000 2341.900000
0.905000 2343.540000
0.910000 2365.840000
0.915000 2370.160000
0.920000 2378.560000
0.925000 2392.170000
0.930000 2395.920000
0.935000 2398.510000
0.940000 2398.590000
0.945000 2398.610000
0.950000 2443.010000
0.955000 2449.510000
0.960000 2466.810000
0.965000 2478.800000
0.970000 2507.420000
0.975000 2569.950000
0.980000 2579.150000
0.985000 2627.040000
0.990000 2807.150000
0.995000 2833.470000
1.000000 3009.990000
