0.005000 1321.330000
0.010000 1337.260000
0.015000 1339.330000
0.020000 1375.380000
0.025000 1393.450000
0.030000 1440.410000
0.035000 1441.020000
0.040000 1462.680000
0.045000 1465.440000
0.050000 1510.050000
0.055000 1516.760000
0.060000 1518.780000
0.065000 1529.710000
0.070000 1550.110000
0.075000 1553.210000
0.080000 1556.120000
0.085000 1557.280000
0.090000 1573.810000
0.095000 1574.510000
0.100000 1575.680000
0.105000 1576.770000
0.110000 1578.380000
0.115000 1581.360000
0.120000 1583.290000
0.125000 1589.610000
0.130000 1589.840000
0.135000 1590.380000
0.140000 1594.550000
0.145000 1610.030000
0.150000 1617.440000
0.155000 1638.970000
0.160000 1651.310000
0.165000 1658.770000
0.170000 1660.660000
0.175000 1662.880000
0.180000 1666.240000
0.185000 1675.900000
0.190000 1677.260000
0.195000 1681.820000
0.200000 1682.650000
0.205000 1685.800000
0.210000 1699.470000
0.215000 1700.300000
0.220000 1700.880000
0.225000 1706.070000
0.230000 1709.320000
0.235000 1713.650000
0.240000 1714.780000
0.245000 1718.660000
0.250000 1723.030000
0.255000 1724.730000
0.260000 1726.890000
0.265000 1730.080000
0.270000 1732.710000
0.275000 1734.340000
0.280000 1741.120000
0.285000 1741.880000
0.290000 1752.920000
0.295000 1753.870000
0.300000 1756.710000
0.305000 1762.090000
0.310000 1763.390000
0.315000 1766.880000
0.320000 1768.010000
0.325000 1770.490000
0.330000 1777.770000
0.335000 1785.190000
0.340000 1786.760000
0.345000 1788.530000
0.350000 1792.710000
0.355000 1807.570000
0.360000 1818.030000
0.365000 1820.690000
0.370000 1824.560000
0.375000 1827.610000
0.380000 1830.070000
0.385000 1830.210000
0.390000 1835.990000
0.395000 1837.700000
0.400000 1844.290000
0.405000 1844.320000
0.410000 1845.700000
0.415000 1851.650000
0.420000 1854.140000
0.425000 1855.050000
0.430000 1858.140000
0.435000 1863.320000
0.440000 1871.920000
0.445000 1879.340000
0.450000 1882.270000
0.455000 1882.620000
0.460000 1883.630000
0.465000 1886.030000
0.470000 1886.270000
0.475000 1892.660000
0.480000 1894.500000
0.485000 1894.870000
0.490000 1896.480000
0.495000 1898.150000
0.500000 1903.940000
0.505000 1904.050000
0.510000 1904.650000
0.515000 1908.980000
0.520000 1909.460000
0.525000 1910.730000
0.530000 1913.140000
0.535000 1914.010000
0.540000 1919.540000
0.545000 1920.780000
0.550000 1922.390000
0.555000 1923.990000
0.560000 1927.410000
0.565000 1930.980000
0.570000 1936.740000
0.575000 1944.010000
0.580000 1946.060000
0.585000 1947.150000
0.590000 1954.050000
0.595000 1955.140000
0.600000 1955.510000
0.605000 1966.490000
0.610000 1974.600000
0.615000 1976.750000
0.620000 1979.870000
0.625000 1983.980000
0.630000 1984.220000
0.635000 1985.410000
0.640000 1988.590000
0.645000 1995.770000
0.650000 1999.660000
0.655000 2015.300000
0.660000 2016.080000
0.665000 2016.260000
0.670000 2020.700000
0.675000 2025.810000
0.680000 2026.010000
0.685000 2027.140000
0.690000 2029.850000
0.695000 2032.920000
0.700000 2044.880000
0.705000 2052.280000
0.710000 2057.000000
0.715000 2057.740000
0.720000 2062.640000
0.725000 2066.040000
0.730000 2069.890000
0.735000 2075.140000
0.740000 2082.180000
0.745000 2084.410000
0.750000 2093.670000
0.755000 2095.950000
0.760000 2105.720000
0.765000 2124.660000
0.770000 2131.260000
0.775000 2133.860000
0.780000 2141.520000
0.785000 2150.650000
0.790000 2151.300000
0.795000 2151.600000
0.800000 2152.720000
0.805000 2154.240000
0.810000 2160.680000
0.815000 2166.850000
0.820000 2179.680000
0.825000 2187.220000
0.830000 2212.690000
0.835000 2212.860000
0.840000 2213.890000
0.845000 2214.810000
0.850000 2223.730000
0.855000 2223.910000
0.860000 2243.660000
0.865000 2253.460000
0.870000 2266.740000
0.875000 2271.290000
0.880000 2279.760000
0.885000 2284.700000
0.890000 2296.370000
0.895000 2297.110000
0.900000 2321.480000
0.905000 2323.020000
0.910000 2343.490000
0.915000 2349.850000
0.920000 2357.870000
0.925000 2369.480000
0.930000 2370.840000
0.935000 2371.590000
0.940000 2373.010000
0.945000 2373.100000
0.950000 2421.180000
0.955000 2427.290000
0.960000 2439.350000
0.965000 2454.010000
0.970000 2486.310000
0.975000 2549.380000
0.980000 2558.550000
0.985000 2606.090000
0.990000 2786.500000
0.995000 2811.750000
1.000000 2984.350000
