0.005000 28.775900
0.010000 29.063000
0.015000 29.542900
0.020000 29.647100
0.025000 29.763000
0.030000 29.870000
0.035000 29.884800
0.040000 29.896000
0.045000 29.933000
0.050000 29.934900
0.055000 29.937000
0.060000 29.948900
0.065000 29.958000
0.070000 29.995900
0.075000 30.004000
0.080000 30.067900
0.085000 30.168100
0.090000 30.196000
0.095000 30.216000
0.100000 30.234800
0.105000 30.244100
0.110000 30.252000
0.115000 30.271100
0.120000 30.345900
0.125000 30.350200
0.130000 30.378800
0.135000 30.412000
0.140000 30.498000
0.145000 30.503000
0.150000 30.509900
0.155000 30.540900
0.160000 30.561000
0.165000 30.597000
0.170000 30.609100
0.175000 30.622000
0.180000 30.624200
0.185000 30.626100
0.190000 30.713100
0.195000 30.758900
0.200000 30.789100
0.205000 30.798900
0.210000 30.808900
0.215000 30.823900
0.220000 30.829200
0.225000 30.841800
0.230000 30.856800
0.235000 30.858000
0.240000 30.882800
0.245000 30.887100
0.250000 30.901000
0.255000 30.912200
0.260000 30.916000
0.265000 30.962900
0.270000 30.963900
0.275000 30.965100
0.280000 30.974100
0.285000 30.988000
0.290000 31.006100
0.295000 31.015200
0.300000 31.018000
0.305000 31.034900
0.310000 31.048100
0.315000 31.062800
0.320000 31.065900
0.325000 31.075000
0.330000 31.087900
0.335000 31.121000
0.340000 31.137900
0.345000 31.189900
0.350000 31.194200
0.355000 31.196800
0.360000 31.197100
0.365000 31.203000
0.370000 31.257200
0.375000 31.260000
0.380000 31.298900
0.385000 31.319900
0.390000 31.328000
0.395000 31.426000
0.400000 31.429100
0.405000 31.429100
0.410000 31.463100
0.415000 31.477900
0.420000 31.489800
0.425000 31.511100
0.430000 31.519900
0.435000 31.544000
0.440000 31.554000
0.445000 31.564000
0.450000 31.570200
0.455000 31.579000
0.460000 31.616000
0.465000 31.621900
0.470000 31.641000
0.475000 31.646000
0.480000 31.663900
0.485000 31.663900
0.490000 31.667200
0.495000 31.680800
0.500000 31.703900
0.505000 31.736900
0.510000 31.749000
0.515000 31.851100
0.520000 31.868000
0.525000 31.878000
0.530000 31.923100
0.535000 31.974100
0.540000 32.030800
0.545000 32.176000
0.550000 32.264000
0.555000 32.300900
0.560000 32.555800
0.565000 32.660000
0.570000 32.831900
0.575000 32.863900
0.580000 32.877000
0.585000 32.935100
0.590000 33.010000
0.595000 33.030000
0.600000 33.066000
0.605000 33.078900
0.610000 33.215000
0.615000 33.338100
0.620000 33.348100
0.625000 33.350000
0.630000 33.385000
0.635000 33.410100
0.640000 33.524000
0.645000 33.553100
0.650000 33.569100
0.655000 33.644900
0.660000 33.707900
0.665000 33.731900
0.670000 33.812000
0.675000 33.846100
0.680000 33.861900
0.685000 33.910000
0.690000 33.919100
0.695000 33.927000
0.700000 33.984900
0.705000 33.997100
0.710000 34.002100
0.715000 34.083100
0.720000 34.107000
0.725000 34.133900
0.730000 34.138000
0.735000 34.338000
0.740000 34.490100
0.745000 34.524000
0.750000 34.607200
0.755000 34.848000
0.760000 34.917800
0.765000 34.985100
0.770000 35.144100
0.775000 35.145000
0.780000 35.341000
0.785000 35.576100
0.790000 35.895800
0.795000 35.965000
0.800000 36.094000
0.805000 36.130000
0.810000 36.361000
0.815000 36.502800
0.820000 37.468900
0.825000 37.936000
0.830000 38.996900
0.835000 39.420100
0.840000 40.815100
0.845000 40.954100
0.850000 42.233000
0.855000 43.803000
0.860000 44.615000
0.865000 45.384200
0.870000 45.791900
0.875000 46.500000
0.880000 46.548800
0.885000 46.621800
0.890000 46.936000
0.895000 47.505100
0.900000 48.584900
0.905000 48.697900
0.910000 48.732000
0.915000 48.949000
0.920000 48.986000
0.925000 49.121900
0.930000 49.171000
0.935000 49.198900
0.940000 49.276800
0.945000 49.282100
0.950000 49.873100
0.955000 50.080100
0.960000 50.091000
0.965000 50.201900
0.970000 50.783200
0.975000 51.754000
0.980000 52.403000
0.985000 52.426100
0.990000 55.227000
0.995000 55.678800
1.000000 72.196000
