0.000552 0.000000
0.001104 85.048000
0.001657 85.600100
0.002209 85.844000
0.002761 85.940100
0.003313 85.943900
0.003865 86.170900
0.004417 86.303900
0.004970 86.318000
0.005522 86.388800
0.006074 86.524000
0.006626 86.525000
0.007178 86.527100
0.007731 86.649900
0.008283 86.687100
0.008835 86.751900
0.009387 86.844900
0.009939 86.950800
0.010491 87.049000
0.011044 87.072100
0.011596 87.079000
0.012148 87.101000
0.012700 87.120100
0.013252 87.153900
0.013805 87.164200
0.014357 87.182000
0.014909 87.189900
0.015461 87.212100
0.016013 87.227800
0.016565 87.302900
0.017118 87.357000
0.017670 87.388000
0.018222 87.399000
0.018774 87.507000
0.019326 87.544000
0.019879 87.563000
0.020431 87.585000
0.020983 87.672900
0.021535 87.688900
0.022087 87.741900
0.022639 87.790000
0.023192 87.904000
0.023744 87.906100
0.024296 88.011000
0.024848 88.050800
0.025400 88.079000
0.025953 88.092100
0.026505 88.183200
0.027057 88.204900
0.027609 88.235100
0.028161 88.291900
0.028713 88.296200
0.029266 88.300000
0.029818 88.330000
0.030370 88.372900
0.030922 88.439000
0.031474 88.441100
0.032027 88.465000
0.032579 88.518100
0.033131 88.553000
0.033683 88.553000
0.034235 88.575100
0.034787 88.594900
0.035340 88.602100
0.035892 88.644000
0.036444 88.699100
0.036996 88.703200
0.037548 88.720100
0.038100 88.727000
0.038653 88.748000
0.039205 88.765100
0.039757 88.768000
0.040309 88.777100
0.040861 88.810000
0.041414 88.825200
0.041966 88.836000
0.042518 88.851000
0.043070 88.864100
0.043622 88.866000
0.044174 88.897000
0.044727 88.972100
0.045279 88.972800
0.045831 88.992100
0.046383 89.007100
0.046935 89.009000
0.047488 89.021900
0.048040 89.026000
0.048592 89.029100
0.049144 89.038100
0.049696 89.044100
0.050248 89.049100
0.050801 89.054800
0.051353 89.056000
0.051905 89.073900
0.052457 89.074900
0.053009 89.090100
0.053562 89.104900
0.054114 89.119000
0.054666 89.121100
0.055218 89.128000
0.055770 89.145900
0.056322 89.165900
0.056875 89.183100
0.057427 89.186900
0.057979 89.196200
0.058531 89.204100
0.059083 89.255100
0.059636 89.263000
0.060188 89.289900
0.060740 89.306800
0.061292 89.307100
0.061844 89.327100
0.062396 89.354000
0.062949 89.366900
0.063501 89.391900
0.064053 89.404800
0.064605 89.417000
0.065157 89.428200
0.065710 89.457000
0.066262 89.459200
0.066814 89.472100
0.067366 89.475200
0.067918 89.475900
0.068470 89.479900
0.069023 89.483000
0.069575 89.495900
0.070127 89.503000
0.070679 89.579100
0.071231 89.581000
0.071784 89.608900
0.072336 89.618900
0.072888 89.619900
0.073440 89.630100
0.073992 89.631100
0.074544 89.632000
0.075097 89.648000
0.075649 89.662100
0.076201 89.702800
0.076753 89.708800
0.077305 89.712900
0.077858 89.718100
0.078410 89.740000
0.078962 89.750100
0.079514 89.758900
0.080066 89.775800
0.080618 89.777900
0.081171 89.810800
0.081723 89.825900
0.082275 89.841800
0.082827 89.870000
0.083379 89.885000
0.083932 89.908100
0.084484 89.922900
0.085036 89.952900
0.085588 89.958200
0.086140 90.011800
0.086692 90.051900
0.087245 90.060000
0.087797 90.086900
0.088349 90.090000
0.088901 90.167000
0.089453 90.181100
0.090006 90.181100
0.090558 90.196100
0.091110 90.204000
0.091662 90.216200
0.092214 90.244100
0.092766 90.261900
0.093319 90.267900
0.093871 90.271900
0.094423 90.360200
0.094975 90.364000
0.095527 90.374900
0.096080 90.380000
0.096632 90.396900
0.097184 90.404000
0.097736 90.410000
0.098288 90.417900
0.098840 90.421200
0.099393 90.421900
0.099945 90.436000
0.100497 90.458200
0.101049 90.469800
0.101601 90.479100
0.102154 90.499200
0.102706 90.505800
0.103258 90.509200
0.103810 90.535900
0.104362 90.540900
0.104914 90.544000
0.105467 90.570900
0.106019 90.574000
0.106571 90.601000
0.107123 90.610000
0.107675 90.628900
0.108227 90.652000
0.108780 90.654100
0.109332 90.659900
0.109884 90.679900
0.110436 90.696100
0.110988 90.704000
0.111541 90.716100
0.112093 90.742100
0.112645 90.757800
0.113197 90.760200
0.113749 90.782900
0.114301 90.807200
0.114854 90.833900
0.115406 90.840100
0.115958 90.840100
0.116510 90.872000
0.117062 90.884000
0.117615 90.890200
0.118167 90.898000
0.118719 90.898000
0.119271 90.914000
0.119823 90.920000
0.120375 90.977900
0.120928 90.979800
0.121480 91.010100
0.122032 91.015100
0.122584 91.023900
0.123136 91.036100
0.123689 91.043000
0.124241 91.043000
0.124793 91.043000
0.125345 91.064000
0.125897 91.085000
0.126449 91.108100
0.127002 91.120000
0.127554 91.126000
0.128106 91.156000
0.128658 91.199200
0.129210 91.203000
0.129763 91.211100
0.130315 91.230200
0.130867 91.244000
0.131419 91.244000
0.131971 91.261100
0.132523 91.284000
0.133076 91.320000
0.133628 91.336000
0.134180 91.353200
0.134732 91.359100
0.135284 91.379900
0.135837 91.384900
0.136389 91.399000
0.136941 91.444000
0.137493 91.451200
0.138045 91.456200
0.138597 91.471000
0.139150 91.528900
0.139702 91.551100
0.140254 91.577100
0.140806 91.584000
0.141358 91.615900
0.141911 91.646000
0.142463 91.684100
0.143015 91.697000
0.143567 91.744200
0.144119 91.800000
0.144671 91.818800
0.145224 91.889900
0.145776 91.899900
0.146328 91.918900
0.146880 91.956900
0.147432 92.007200
0.147985 92.010000
0.148537 92.026000
0.149089 92.042000
0.149641 92.052000
0.150193 92.098000
0.150745 92.114000
0.151298 92.114900
0.151850 92.133000
0.152402 92.244900
0.152954 92.284900
0.153506 92.298000
0.154059 92.303000
0.154611 92.304900
0.155163 92.323100
0.155715 92.327100
0.156267 92.369100
0.156819 92.371000
0.157372 92.423900
0.157924 92.443000
0.158476 92.465200
0.159028 92.498100
0.159580 92.521000
0.160133 92.525000
0.160685 92.531000
0.161237 92.569100
0.161789 92.605800
0.162341 92.618900
0.162893 92.654000
0.163446 92.730000
0.163998 92.731000
0.164550 92.743200
0.165102 92.766000
0.165654 92.811800
0.166207 92.877900
0.166759 92.948000
0.167311 92.997100
0.167863 93.026200
0.168415 93.054100
0.168967 93.074100
0.169520 93.094100
0.170072 93.107000
0.170624 93.152000
0.171176 93.336100
0.171728 93.359000
0.172281 93.403800
0.172833 93.456000
0.173385 93.457900
0.173937 93.462000
0.174489 93.513000
0.175041 93.534000
0.175594 93.539000
0.176146 93.637900
0.176698 93.651100
0.177250 93.806000
0.177802 93.807900
0.178355 93.822000
0.178907 93.863000
0.179459 93.942900
0.180011 93.962000
0.180563 94.113100
0.181115 94.172000
0.181668 94.176100
0.182220 94.211100
0.182772 94.301900
0.183324 94.339100
0.183876 94.368000
0.184428 94.382000
0.184981 94.386100
0.185533 94.444000
0.186085 94.472200
0.186637 94.543900
0.187189 94.582100
0.187742 94.595000
0.188294 94.599000
0.188846 94.606900
0.189398 94.680100
0.189950 94.735100
0.190502 94.760200
0.191055 94.817900
0.191607 94.846000
0.192159 94.900100
0.192711 94.924200
0.193263 94.966900
0.193816 94.999800
0.194368 95.090200
0.194920 95.116100
0.195472 95.119000
0.196024 95.216000
0.196576 95.233000
0.197129 95.289900
0.197681 95.313800
0.198233 95.395800
0.198785 95.428200
0.199337 95.453000
0.199890 95.547200
0.200442 95.593000
0.200994 95.594200
0.201546 95.625900
0.202098 95.770800
0.202650 95.790900
0.203203 95.845000
0.203755 95.886000
0.204307 96.162800
0.204859 96.333000
0.205411 96.432900
0.205964 96.440100
0.206516 96.550000
0.207068 96.571000
0.207620 96.599100
0.208172 96.655100
0.208724 96.682100
0.209277 96.761900
0.209829 96.823000
0.210381 96.823200
0.210933 96.831100
0.211485 96.846100
0.212038 96.877100
0.212590 97.011800
0.213142 97.091200
0.213694 97.149100
0.214246 97.195900
0.214798 97.219000
0.215351 97.372100
0.215903 97.982900
0.216455 98.003100
0.217007 98.182900
0.217559 98.196000
0.218112 98.219900
0.218664 98.236800
0.219216 98.360100
0.219768 98.432100
0.220320 98.517900
0.220872 98.538900
0.221425 98.636200
0.221977 98.758000
0.222529 99.108000
0.223081 99.175200
0.223633 99.248200
0.224186 99.285800
0.224738 99.322100
0.225290 99.463900
0.225842 99.574100
0.226394 99.603200
0.226946 99.813900
0.227499 99.831800
0.228051 99.962000
0.228603 100.006000
0.229155 100.031000
0.229707 100.035000
0.230260 100.092000
0.230812 100.275000
0.231364 100.337000
0.231916 100.396000
0.232468 100.446000
0.233020 100.467000
0.233573 100.546000
0.234125 100.602000
0.234677 100.610000
0.235229 100.706000
0.235781 100.723000
0.236334 100.727000
0.236886 100.759000
0.237438 100.828000
0.237990 100.936000
0.238542 100.997000
0.239094 101.006000
0.239647 101.041000
0.240199 101.238000
0.240751 101.295000
0.241303 101.348000
0.241855 101.587000
0.242408 101.608000
0.242960 101.694000
0.243512 101.764000
0.244064 101.797000
0.244616 102.080000
0.245168 102.099000
0.245721 102.169000
0.246273 102.221000
0.246825 102.260000
0.247377 102.295000
0.247929 102.371000
0.248482 102.391000
0.249034 102.466000
0.249586 102.473000
0.250138 102.552000
0.250690 102.680000
0.251242 102.686000
0.251795 102.738000
0.252347 102.741000
0.252899 102.809000
0.253451 102.855000
0.254003 102.873000
0.254555 102.968000
0.255108 102.972000
0.255660 102.993000
0.256212 103.047000
0.256764 103.062000
0.257316 103.124000
0.257869 103.147000
0.258421 103.148000
0.258973 103.295000
0.259525 103.308000
0.260077 103.347000
0.260629 103.473000
0.261182 103.478000
0.261734 103.488000
0.262286 103.505000
0.262838 103.510000
0.263390 103.535000
0.263943 103.556000
0.264495 103.557000
0.265047 103.561000
0.265599 103.767000
0.266151 103.802000
0.266703 103.830000
0.267256 103.903000
0.267808 103.936000
0.268360 103.985000
0.268912 104.030000
0.269464 104.129000
0.270017 104.175000
0.270569 104.187000
0.271121 104.194000
0.271673 104.214000
0.272225 104.263000
0.272777 104.396000
0.273330 104.415000
0.273882 104.463000
0.274434 104.610000
0.274986 104.655000
0.275538 104.666000
0.276091 104.680000
0.276643 104.729000
0.277195 104.816000
0.277747 104.824000
0.278299 104.829000
0.278851 104.863000
0.279404 104.889000
0.279956 104.915000
0.280508 104.981000
0.281060 104.985000
0.281612 105.035000
0.282165 105.073000
0.282717 105.099000
0.283269 105.101000
0.283821 105.113000
0.284373 105.163000
0.284925 105.164000
0.285478 105.263000
0.286030 105.347000
0.286582 105.360000
0.287134 105.411000
0.287686 105.459000
0.288239 105.463000
0.288791 105.475000
0.289343 105.516000
0.289895 105.539000
0.290447 105.543000
0.290999 105.546000
0.291552 105.550000
0.292104 105.583000
0.292656 105.584000
0.293208 105.592000
0.293760 105.624000
0.294313 105.673000
0.294865 105.691000
0.295417 105.715000
0.295969 105.722000
0.296521 105.723000
0.297073 105.749000
0.297626 105.756000
0.298178 105.811000
0.298730 105.826000
0.299282 105.879000
0.299834 105.940000
0.300387 105.967000
0.300939 106.034000
0.301491 106.125000
0.302043 106.131000
0.302595 106.136000
0.303147 106.192000
0.303700 106.201000
0.304252 106.208000
0.304804 106.227000
0.305356 106.236000
0.305908 106.237000
0.306461 106.253000
0.307013 106.323000
0.307565 106.325000
0.308117 106.349000
0.308669 106.419000
0.309221 106.441000
0.309774 106.446000
0.310326 106.499000
0.310878 106.508000
0.311430 106.515000
0.311982 106.536000
0.312535 106.542000
0.313087 106.556000
0.313639 106.569000
0.314191 106.670000
0.314743 106.708000
0.315295 106.717000
0.315848 106.724000
0.316400 106.753000
0.316952 106.756000
0.317504 106.766000
0.318056 106.772000
0.318609 106.798000
0.319161 106.805000
0.319713 106.806000
0.320265 106.807000
0.320817 106.843000
0.321369 106.844000
0.321922 106.869000
0.322474 106.873000
0.323026 106.879000
0.323578 106.887000
0.324130 106.905000
0.324682 106.915000
0.325235 106.919000
0.325787 106.944000
0.326339 106.946000
0.326891 106.962000
0.327443 107.011000
0.327996 107.033000
0.328548 107.056000
0.329100 107.121000
0.329652 107.127000
0.330204 107.128000
0.330756 107.268000
0.331309 107.296000
0.331861 107.298000
0.332413 107.298000
0.332965 107.321000
0.333517 107.366000
0.334070 107.377000
0.334622 107.377000
0.335174 107.417000
0.335726 107.479000
0.336278 107.479000
0.336830 107.488000
0.337383 107.490000
0.337935 107.491000
0.338487 107.495000
0.339039 107.508000
0.339591 107.527000
0.340144 107.546000
0.340696 107.571000
0.341248 107.579000
0.341800 107.604000
0.342352 107.626000
0.342904 107.638000
0.343457 107.644000
0.344009 107.661000
0.344561 107.665000
0.345113 107.682000
0.345665 107.700000
0.346218 107.715000
0.346770 107.762000
0.347322 107.797000
0.347874 107.803000
0.348426 107.808000
0.348978 107.827000
0.349531 107.829000
0.350083 107.836000
0.350635 107.855000
0.351187 107.857000
0.351739 107.913000
0.352292 107.929000
0.352844 107.934000
0.353396 107.939000
0.353948 107.946000
0.354500 107.958000
0.355052 107.974000
0.355605 108.007000
0.356157 108.050000
0.356709 108.120000
0.357261 108.132000
0.357813 108.160000
0.358366 108.176000
0.358918 108.189000
0.359470 108.191000
0.360022 108.200000
0.360574 108.215000
0.361126 108.218000
0.361679 108.239000
0.362231 108.261000
0.362783 108.270000
0.363335 108.285000
0.363887 108.291000
0.364440 108.308000
0.364992 108.321000
0.365544 108.330000
0.366096 108.361000
0.366648 108.380000
0.367200 108.401000
0.367753 108.402000
0.368305 108.432000
0.368857 108.441000
0.369409 108.460000
0.369961 108.472000
0.370514 108.472000
0.371066 108.477000
0.371618 108.478000
0.372170 108.497000
0.372722 108.500000
0.373274 108.522000
0.373827 108.538000
0.374379 108.560000
0.374931 108.570000
0.375483 108.574000
0.376035 108.605000
0.376588 108.624000
0.377140 108.663000
0.377692 108.702000
0.378244 108.707000
0.378796 108.711000
0.379348 108.714000
0.379901 108.725000
0.380453 108.750000
0.381005 108.750000
0.381557 108.790000
0.382109 108.813000
0.382662 108.820000
0.383214 108.843000
0.383766 108.850000
0.384318 108.861000
0.384870 108.880000
0.385422 108.886000
0.385975 108.921000
0.386527 108.957000
0.387079 108.972000
0.387631 108.985000
0.388183 108.991000
0.388736 108.997000
0.389288 109.010000
0.389840 109.010000
0.390392 109.013000
0.390944 109.030000
0.391496 109.057000
0.392049 109.077000
0.392601 109.089000
0.393153 109.099000
0.393705 109.119000
0.394257 109.127000
0.394809 109.145000
0.395362 109.174000
0.395914 109.206000
0.396466 109.214000
0.397018 109.216000
0.397570 109.237000
0.398123 109.240000
0.398675 109.245000
0.399227 109.261000
0.399779 109.275000
0.400331 109.290000
0.400883 109.335000
0.401436 109.337000
0.401988 109.337000
0.402540 109.341000
0.403092 109.354000
0.403644 109.370000
0.404197 109.370000
0.404749 109.375000
0.405301 109.388000
0.405853 109.425000
0.406405 109.434000
0.406957 109.444000
0.407510 109.446000
0.408062 109.476000
0.408614 109.480000
0.409166 109.481000
0.409718 109.492000
0.410271 109.509000
0.410823 109.517000
0.411375 109.533000
0.411927 109.544000
0.412479 109.550000
0.413031 109.568000
0.413584 109.568000
0.414136 109.606000
0.414688 109.620000
0.415240 109.622000
0.415792 109.640000
0.416345 109.641000
0.416897 109.655000
0.417449 109.672000
0.418001 109.675000
0.418553 109.677000
0.419105 109.685000
0.419658 109.687000
0.420210 109.723000
0.420762 109.734000
0.421314 109.760000
0.421866 109.787000
0.422419 109.799000
0.422971 109.801000
0.423523 109.810000
0.424075 109.815000
0.424627 109.868000
0.425179 109.881000
0.425732 109.891000
0.426284 109.896000
0.426836 109.906000
0.427388 109.911000
0.427940 109.921000
0.428493 109.927000
0.429045 109.933000
0.429597 109.946000
0.430149 109.949000
0.430701 109.954000
0.431253 109.965000
0.431806 109.974000
0.432358 110.046000
0.432910 110.076000
0.433462 110.079000
0.434014 110.085000
0.434567 110.088000
0.435119 110.109000
0.435671 110.115000
0.436223 110.122000
0.436775 110.123000
0.437327 110.133000
0.437880 110.149000
0.438432 110.149000
0.438984 110.172000
0.439536 110.178000
0.440088 110.194000
0.440641 110.207000
0.441193 110.216000
0.441745 110.222000
0.442297 110.223000
0.442849 110.231000
0.443401 110.242000
0.443954 110.251000
0.444506 110.255000
0.445058 110.265000
0.445610 110.308000
0.446162 110.362000
0.446715 110.401000
0.447267 110.439000
0.447819 110.448000
0.448371 110.448000
0.448923 110.468000
0.449475 110.469000
0.450028 110.478000
0.450580 110.489000
0.451132 110.509000
0.451684 110.520000
0.452236 110.577000
0.452789 110.595000
0.453341 110.612000
0.453893 110.632000
0.454445 110.633000
0.454997 110.645000
0.455549 110.650000
0.456102 110.661000
0.456654 110.677000
0.457206 110.695000
0.457758 110.701000
0.458310 110.703000
0.458863 110.719000
0.459415 110.723000
0.459967 110.727000
0.460519 110.740000
0.461071 110.746000
0.461623 110.746000
0.462176 110.756000
0.462728 110.772000
0.463280 110.785000
0.463832 110.803000
0.464384 110.813000
0.464936 110.819000
0.465489 110.845000
0.466041 110.850000
0.466593 110.867000
0.467145 110.876000
0.467697 110.888000
0.468250 110.889000
0.468802 110.891000
0.469354 110.927000
0.469906 110.943000
0.470458 110.952000
0.471010 110.955000
0.471563 110.961000
0.472115 110.983000
0.472667 110.988000
0.473219 111.001000
0.473771 111.008000
0.474324 111.008000
0.474876 111.009000
0.475428 111.037000
0.475980 111.051000
0.476532 111.055000
0.477084 111.080000
0.477637 111.082000
0.478189 111.092000
0.478741 111.104000
0.479293 111.139000
0.479845 111.149000
0.480398 111.166000
0.480950 111.168000
0.481502 111.205000
0.482054 111.205000
0.482606 111.214000
0.483158 111.226000
0.483711 111.227000
0.484263 111.252000
0.484815 111.253000
0.485367 111.264000
0.485919 111.282000
0.486472 111.293000
0.487024 111.294000
0.487576 111.323000
0.488128 111.329000
0.488680 111.329000
0.489232 111.335000
0.489785 111.409000
0.490337 111.410000
0.490889 111.429000
0.491441 111.475000
0.491993 111.476000
0.492546 111.479000
0.493098 111.484000
0.493650 111.490000
0.494202 111.518000
0.494754 111.530000
0.495306 111.531000
0.495859 111.532000
0.496411 111.547000
0.496963 111.557000
0.497515 111.572000
0.498067 111.574000
0.498620 111.584000
0.499172 111.599000
0.499724 111.600000
0.500276 111.602000
0.500828 111.603000
0.501380 111.605000
0.501933 111.609000
0.502485 111.615000
0.503037 111.623000
0.503589 111.635000
0.504141 111.659000
0.504694 111.677000
0.505246 111.683000
0.505798 111.694000
0.506350 111.695000
0.506902 111.702000
0.507454 111.721000
0.508007 111.730000
0.508559 111.738000
0.509111 111.752000
0.509663 111.753000
0.510215 111.769000
0.510768 111.774000
0.511320 111.783000
0.511872 111.795000
0.512424 111.801000
0.512976 111.803000
0.513528 111.808000
0.514081 111.833000
0.514633 111.864000
0.515185 111.882000
0.515737 111.886000
0.516289 111.933000
0.516842 111.949000
0.517394 111.986000
0.517946 111.995000
0.518498 112.002000
0.519050 112.003000
0.519602 112.008000
0.520155 112.018000
0.520707 112.039000
0.521259 112.054000
0.521811 112.065000
0.522363 112.099000
0.522916 112.117000
0.523468 112.126000
0.524020 112.127000
0.524572 112.143000
0.525124 112.149000
0.525676 112.163000
0.526229 112.163000
0.526781 112.176000
0.527333 112.204000
0.527885 112.232000
0.528437 112.233000
0.528990 112.235000
0.529542 112.235000
0.530094 112.266000
0.530646 112.275000
0.531198 112.278000
0.531750 112.291000
0.532303 112.312000
0.532855 112.318000
0.533407 112.325000
0.533959 112.340000
0.534511 112.343000
0.535064 112.380000
0.535616 112.405000
0.536168 112.409000
0.536720 112.417000
0.537272 112.422000
0.537824 112.426000
0.538377 112.428000
0.538929 112.430000
0.539481 112.440000
0.540033 112.448000
0.540585 112.451000
0.541137 112.460000
0.541690 112.467000
0.542242 112.473000
0.542794 112.495000
0.543346 112.500000
0.543898 112.511000
0.544451 112.530000
0.545003 112.551000
0.545555 112.554000
0.546107 112.559000
0.546659 112.560000
0.547211 112.561000
0.547764 112.561000
0.548316 112.566000
0.548868 112.569000
0.549420 112.585000
0.549972 112.606000
0.550525 112.610000
0.551077 112.616000
0.551629 112.626000
0.552181 112.632000
0.552733 112.641000
0.553285 112.644000
0.553838 112.665000
0.554390 112.665000
0.554942 112.675000
0.555494 112.675000
0.556046 112.680000
0.556599 112.684000
0.557151 112.702000
0.557703 112.714000
0.558255 112.715000
0.558807 112.725000
0.559359 112.728000
0.559912 112.729000
0.560464 112.740000
0.561016 112.755000
0.561568 112.772000
0.562120 112.787000
0.562673 112.804000
0.563225 112.813000
0.563777 112.831000
0.564329 112.852000
0.564881 112.870000
0.565433 112.875000
0.565986 112.899000
0.566538 112.907000
0.567090 112.908000
0.567642 112.925000
0.568194 112.930000
0.568747 112.937000
0.569299 112.971000
0.569851 112.971000
0.570403 112.973000
0.570955 112.983000
0.571507 112.993000
0.572060 113.015000
0.572612 113.019000
0.573164 113.020000
0.573716 113.028000
0.574268 113.044000
0.574821 113.048000
0.575373 113.075000
0.575925 113.083000
0.576477 113.087000
0.577029 113.122000
0.577581 113.127000
0.578134 113.138000
0.578686 113.145000
0.579238 113.172000
0.579790 113.198000
0.580342 113.213000
0.580895 113.220000
0.581447 113.236000
0.581999 113.245000
0.582551 113.257000
0.583103 113.278000
0.583655 113.295000
0.584208 113.308000
0.584760 113.320000
0.585312 113.372000
0.585864 113.381000
0.586416 113.396000
0.586969 113.398000
0.587521 113.447000
0.588073 113.460000
0.588625 113.461000
0.589177 113.463000
0.589729 113.468000
0.590282 113.499000
0.590834 113.514000
0.591386 113.517000
0.591938 113.517000
0.592490 113.525000
0.593043 113.528000
0.593595 113.533000
0.594147 113.548000
0.594699 113.551000
0.595251 113.556000
0.595803 113.559000
0.596356 113.564000
0.596908 113.578000
0.597460 113.578000
0.598012 113.583000
0.598564 113.596000
0.599117 113.599000
0.599669 113.600000
0.600221 113.606000
0.600773 113.612000
0.601325 113.629000
0.601877 113.633000
0.602430 113.637000
0.602982 113.638000
0.603534 113.672000
0.604086 113.684000
0.604638 113.703000
0.605191 113.723000
0.605743 113.729000
0.606295 113.762000
0.606847 113.763000
0.607399 113.769000
0.607951 113.776000
0.608504 113.780000
0.609056 113.793000
0.609608 113.795000
0.610160 113.814000
0.610712 113.822000
0.611264 113.850000
0.611817 113.852000
0.612369 113.878000
0.612921 113.894000
0.613473 113.910000
0.614025 113.919000
0.614578 113.920000
0.615130 113.933000
0.615682 113.933000
0.616234 113.938000
0.616786 113.938000
0.617338 113.945000
0.617891 113.948000
0.618443 113.965000
0.618995 113.988000
0.619547 113.999000
0.620099 114.000000
0.620652 114.001000
0.621204 114.005000
0.621756 114.042000
0.622308 114.045000
0.622860 114.050000
0.623412 114.063000
0.623965 114.065000
0.624517 114.073000
0.625069 114.080000
0.625621 114.122000
0.626173 114.141000
0.626726 114.146000
0.627278 114.153000
0.627830 114.183000
0.628382 114.187000
0.628934 114.201000
0.629486 114.203000
0.630039 114.209000
0.630591 114.247000
0.631143 114.256000
0.631695 114.259000
0.632247 114.264000
0.632800 114.274000
0.633352 114.277000
0.633904 114.284000
0.634456 114.289000
0.635008 114.292000
0.635560 114.311000
0.636113 114.313000
0.636665 114.313000
0.637217 114.319000
0.637769 114.320000
0.638321 114.321000
0.638874 114.321000
0.639426 114.324000
0.639978 114.327000
0.640530 114.331000
0.641082 114.336000
0.641634 114.339000
0.642187 114.348000
0.642739 114.352000
0.643291 114.358000
0.643843 114.375000
0.644395 114.378000
0.644948 114.383000
0.645500 114.395000
0.646052 114.406000
0.646604 114.409000
0.647156 114.410000
0.647708 114.410000
0.648261 114.435000
0.648813 114.471000
0.649365 114.482000
0.649917 114.490000
0.650469 114.522000
0.651022 114.540000
0.651574 114.547000
0.652126 114.548000
0.652678 114.551000
0.653230 114.562000
0.653782 114.576000
0.654335 114.580000
0.654887 114.582000
0.655439 114.591000
0.655991 114.592000
0.656543 114.645000
0.657096 114.652000
0.657648 114.657000
0.658200 114.664000
0.658752 114.677000
0.659304 114.696000
0.659856 114.702000
0.660409 114.707000
0.660961 114.724000
0.661513 114.729000
0.662065 114.730000
0.662617 114.734000
0.663170 114.752000
0.663722 114.758000
0.664274 114.777000
0.664826 114.781000
0.665378 114.783000
0.665930 114.784000
0.666483 114.788000
0.667035 114.813000
0.667587 114.814000
0.668139 114.838000
0.668691 114.843000
0.669244 114.844000
0.669796 114.868000
0.670348 114.875000
0.670900 114.890000
0.671452 114.900000
0.672004 114.901000
0.672557 114.911000
0.673109 114.953000
0.673661 114.955000
0.674213 114.955000
0.674765 114.973000
0.675318 114.978000
0.675870 114.982000
0.676422 114.985000
0.676974 115.000000
0.677526 115.002000
0.678078 115.005000
0.678631 115.016000
0.679183 115.023000
0.679735 115.023000
0.680287 115.027000
0.680839 115.038000
0.681391 115.041000
0.681944 115.075000
0.682496 115.096000
0.683048 115.100000
0.683600 115.117000
0.684152 115.122000
0.684705 115.125000
0.685257 115.147000
0.685809 115.149000
0.686361 115.160000
0.686913 115.161000
0.687465 115.161000
0.688018 115.163000
0.688570 115.173000
0.689122 115.181000
0.689674 115.203000
0.690226 115.204000
0.690779 115.219000
0.691331 115.231000
0.691883 115.234000
0.692435 115.236000
0.692987 115.237000
0.693539 115.261000
0.694092 115.265000
0.694644 115.274000
0.695196 115.276000
0.695748 115.283000
0.696300 115.294000
0.696853 115.294000
0.697405 115.302000
0.697957 115.306000
0.698509 115.316000
0.699061 115.330000
0.699613 115.338000
0.700166 115.353000
0.700718 115.364000
0.701270 115.365000
0.701822 115.366000
0.702374 115.386000
0.702927 115.400000
0.703479 115.407000
0.704031 115.407000
0.704583 115.429000
0.705135 115.435000
0.705687 115.444000
0.706240 115.450000
0.706792 115.460000
0.707344 115.466000
0.707896 115.467000
0.708448 115.468000
0.709001 115.470000
0.709553 115.537000
0.710105 115.537000
0.710657 115.545000
0.711209 115.545000
0.711761 115.551000
0.712314 115.561000
0.712866 115.577000
0.713418 115.593000
0.713970 115.604000
0.714522 115.612000
0.715075 115.613000
0.715627 115.643000
0.716179 115.653000
0.716731 115.655000
0.717283 115.657000
0.717835 115.663000
0.718388 115.686000
0.718940 115.692000
0.719492 115.699000
0.720044 115.705000
0.720596 115.727000
0.721149 115.730000
0.721701 115.730000
0.722253 115.758000
0.722805 115.779000
0.723357 115.781000
0.723909 115.789000
0.724462 115.793000
0.725014 115.807000
0.725566 115.812000
0.726118 115.816000
0.726670 115.819000
0.727223 115.821000
0.727775 115.824000
0.728327 115.846000
0.728879 115.846000
0.729431 115.858000
0.729983 115.863000
0.730536 115.865000
0.731088 115.889000
0.731640 115.902000
0.732192 115.930000
0.732744 115.977000
0.733297 115.986000
0.733849 115.990000
0.734401 116.009000
0.734953 116.017000
0.735505 116.019000
0.736057 116.029000
0.736610 116.045000
0.737162 116.053000
0.737714 116.056000
0.738266 116.065000
0.738818 116.074000
0.739371 116.077000
0.739923 116.086000
0.740475 116.095000
0.741027 116.102000
0.741579 116.105000
0.742131 116.106000
0.742684 116.143000
0.743236 116.145000
0.743788 116.151000
0.744340 116.167000
0.744892 116.173000
0.745445 116.175000
0.745997 116.176000
0.746549 116.192000
0.747101 116.201000
0.747653 116.218000
0.748205 116.221000
0.748758 116.234000
0.749310 116.248000
0.749862 116.252000
0.750414 116.258000
0.750966 116.263000
0.751518 116.270000
0.752071 116.276000
0.752623 116.283000
0.753175 116.316000
0.753727 116.337000
0.754279 116.346000
0.754832 116.346000
0.755384 116.363000
0.755936 116.370000
0.756488 116.375000
0.757040 116.378000
0.757592 116.413000
0.758145 116.418000
0.758697 116.425000
0.759249 116.447000
0.759801 116.449000
0.760353 116.455000
0.760906 116.467000
0.761458 116.482000
0.762010 116.485000
0.762562 116.493000
0.763114 116.496000
0.763666 116.501000
0.764219 116.505000
0.764771 116.508000
0.765323 116.513000
0.765875 116.538000
0.766427 116.539000
0.766980 116.554000
0.767532 116.579000
0.768084 116.581000
0.768636 116.585000
0.769188 116.592000
0.769740 116.607000
0.770293 116.627000
0.770845 116.648000
0.771397 116.665000
0.771949 116.669000
0.772501 116.707000
0.773054 116.712000
0.773606 116.731000
0.774158 116.773000
0.774710 116.782000
0.775262 116.792000
0.775814 116.799000
0.776367 116.836000
0.776919 116.840000
0.777471 116.846000
0.778023 116.859000
0.778575 116.890000
0.779128 116.917000
0.779680 116.925000
0.780232 116.935000
0.780784 116.950000
0.781336 116.965000
0.781888 116.976000
0.782441 116.978000
0.782993 116.990000
0.783545 117.002000
0.784097 117.003000
0.784649 117.024000
0.785202 117.038000
0.785754 117.047000
0.786306 117.051000
0.786858 117.061000
0.787410 117.061000
0.787962 117.071000
0.788515 117.096000
0.789067 117.099000
0.789619 117.122000
0.790171 117.137000
0.790723 117.140000
0.791276 117.152000
0.791828 117.181000
0.792380 117.185000
0.792932 117.189000
0.793484 117.194000
0.794036 117.195000
0.794589 117.197000
0.795141 117.202000
0.795693 117.226000
0.796245 117.243000
0.796797 117.246000
0.797350 117.251000
0.797902 117.282000
0.798454 117.308000
0.799006 117.317000
0.799558 117.346000
0.800110 117.352000
0.800663 117.357000
0.801215 117.364000
0.801767 117.365000
0.802319 117.367000
0.802871 117.370000
0.803424 117.393000
0.803976 117.396000
0.804528 117.399000
0.805080 117.402000
0.805632 117.416000
0.806184 117.417000
0.806737 117.425000
0.807289 117.437000
0.807841 117.441000
0.808393 117.445000
0.808945 117.466000
0.809498 117.499000
0.810050 117.502000
0.810602 117.502000
0.811154 117.504000
0.811706 117.515000
0.812258 117.515000
0.812811 117.530000
0.813363 117.530000
0.813915 117.536000
0.814467 117.541000
0.815019 117.542000
0.815572 117.543000
0.816124 117.556000
0.816676 117.557000
0.817228 117.597000
0.817780 117.607000
0.818332 117.609000
0.818885 117.645000
0.819437 117.657000
0.819989 117.664000
0.820541 117.668000
0.821093 117.673000
0.821645 117.685000
0.822198 117.696000
0.822750 117.697000
0.823302 117.702000
0.823854 117.754000
0.824406 117.758000
0.824959 117.780000
0.825511 117.795000
0.826063 117.798000
0.826615 117.803000
0.827167 117.814000
0.827719 117.829000
0.828272 117.835000
0.828824 117.836000
0.829376 117.844000
0.829928 117.853000
0.830480 117.863000
0.831033 117.867000
0.831585 117.875000
0.832137 117.883000
0.832689 117.914000
0.833241 117.931000
0.833793 117.948000
0.834346 117.963000
0.834898 117.977000
0.835450 117.981000
0.836002 118.000000
0.836554 118.002000
0.837107 118.008000
0.837659 118.010000
0.838211 118.010000
0.838763 118.025000
0.839315 118.048000
0.839867 118.050000
0.840420 118.051000
0.840972 118.064000
0.841524 118.066000
0.842076 118.076000
0.842628 118.108000
0.843181 118.123000
0.843733 118.127000
0.844285 118.136000
0.844837 118.151000
0.845389 118.164000
0.845941 118.182000
0.846494 118.185000
0.847046 118.189000
0.847598 118.189000
0.848150 118.237000
0.848702 118.258000
0.849255 118.310000
0.849807 118.314000
0.850359 118.332000
0.850911 118.373000
0.851463 118.408000
0.852015 118.430000
0.852568 118.437000
0.853120 118.451000
0.853672 118.474000
0.854224 118.496000
0.854776 118.524000
0.855329 118.547000
0.855881 118.565000
0.856433 118.578000
0.856985 118.581000
0.857537 118.597000
0.858089 118.599000
0.858642 118.630000
0.859194 118.632000
0.859746 118.643000
0.860298 118.664000
0.860850 118.668000
0.861403 118.682000
0.861955 118.706000
0.862507 118.728000
0.863059 118.748000
0.863611 118.758000
0.864163 118.781000
0.864716 118.788000
0.865268 118.797000
0.865820 118.855000
0.866372 118.869000
0.866924 118.935000
0.867477 118.938000
0.868029 118.946000
0.868581 118.953000
0.869133 118.959000
0.869685 118.984000
0.870237 118.996000
0.870790 118.998000
0.871342 119.017000
0.871894 119.065000
0.872446 119.088000
0.872998 119.157000
0.873551 119.169000
0.874103 119.185000
0.874655 119.207000
0.875207 119.216000
0.875759 119.227000
0.876311 119.235000
0.876864 119.248000
0.877416 119.256000
0.877968 119.258000
0.878520 119.305000
0.879072 119.319000
0.879625 119.332000
0.880177 119.340000
0.880729 119.367000
0.881281 119.377000
0.881833 119.385000
0.882385 119.397000
0.882938 119.442000
0.883490 119.505000
0.884042 119.529000
0.884594 119.543000
0.885146 119.604000
0.885699 119.635000
0.886251 119.647000
0.886803 119.661000
0.887355 119.665000
0.887907 119.672000
0.888459 119.689000
0.889012 119.692000
0.889564 119.706000
0.890116 119.734000
0.890668 119.748000
0.891220 119.800000
0.891773 119.806000
0.892325 119.823000
0.892877 119.831000
0.893429 119.838000
0.893981 119.863000
0.894533 119.871000
0.895086 119.872000
0.895638 119.897000
0.896190 119.918000
0.896742 119.934000
0.897294 119.943000
0.897846 119.988000
0.898399 120.009000
0.898951 120.034000
0.899503 120.059000
0.900055 120.070000
0.900607 120.080000
0.901160 120.108000
0.901712 120.147000
0.902264 120.179000
0.902816 120.189000
0.903368 120.216000
0.903920 120.236000
0.904473 120.276000
0.905025 120.355000
0.905577 120.357000
0.906129 120.434000
0.906681 120.458000
0.907234 120.548000
0.907786 120.575000
0.908338 120.600000
0.908890 120.669000
0.909442 120.683000
0.909994 120.688000
0.910547 120.706000
0.911099 120.769000
0.911651 120.778000
0.912203 120.806000
0.912755 120.842000
0.913308 120.842000
0.913860 120.847000
0.914412 120.862000
0.914964 120.888000
0.915516 120.948000
0.916068 121.001000
0.916621 121.032000
0.917173 121.050000
0.917725 121.054000
0.918277 121.068000
0.918829 121.075000
0.919382 121.077000
0.919934 121.125000
0.920486 121.151000
0.921038 121.165000
0.921590 121.308000
0.922142 121.355000
0.922695 121.355000
0.923247 121.412000
0.923799 121.485000
0.924351 121.486000
0.924903 121.536000
0.925456 121.552000
0.926008 121.563000
0.926560 121.564000
0.927112 121.578000
0.927664 121.652000
0.928216 121.683000
0.928769 121.729000
0.929321 121.870000
0.929873 121.878000
0.930425 121.893000
0.930977 121.957000
0.931530 122.007000
0.932082 122.026000
0.932634 122.031000
0.933186 122.040000
0.933738 122.073000
0.934290 122.098000
0.934843 122.213000
0.935395 122.351000
0.935947 122.400000
0.936499 122.412000
0.937051 122.494000
0.937604 122.506000
0.938156 122.538000
0.938708 122.541000
0.939260 122.546000
0.939812 122.591000
0.940364 122.598000
0.940917 122.624000
0.941469 122.661000
0.942021 122.663000
0.942573 122.691000
0.943125 122.737000
0.943678 122.786000
0.944230 122.806000
0.944782 122.901000
0.945334 122.908000
0.945886 122.980000
0.946438 123.000000
0.946991 123.126000
0.947543 123.134000
0.948095 123.262000
0.948647 123.316000
0.949199 123.563000
0.949752 123.620000
0.950304 123.632000
0.950856 123.633000
0.951408 123.965000
0.951960 123.970000
0.952512 123.987000
0.953065 124.175000
0.953617 124.206000
0.954169 124.270000
0.954721 124.320000
0.955273 124.350000
0.955826 124.380000
0.956378 124.380000
0.956930 124.392000
0.957482 124.556000
0.958034 124.562000
0.958586 124.621000
0.959139 124.677000
0.959691 124.682000
0.960243 124.772000
0.960795 124.868000
0.961347 124.935000
0.961900 125.078000
0.962452 125.209000
0.963004 125.454000
0.963556 125.573000
0.964108 125.581000
0.964660 125.641000
0.965213 125.773000
0.965765 125.929000
0.966317 125.934000
0.966869 125.982000
0.967421 126.034000
0.967973 126.154000
0.968526 126.208000
0.969078 126.315000
0.969630 126.354000
0.970182 126.390000
0.970734 126.548000
0.971287 126.637000
0.971839 126.649000
0.972391 126.716000
0.972943 126.828000
0.973495 127.410000
0.974047 127.465000
0.974600 127.530000
0.975152 127.879000
0.975704 127.896000
0.976256 128.009000
0.976808 128.208000
0.977361 128.331000
0.977913 128.591000
0.978465 128.657000
0.979017 129.000000
0.979569 129.233000
0.980121 129.242000
0.980674 129.244000
0.981226 130.566000
0.981778 130.606000
0.982330 130.806000
0.982882 130.882000
0.983435 131.097000
0.983987 131.212000
0.984539 131.839000
0.985091 133.150000
0.985643 133.253000
0.986195 133.422000
0.986748 134.033000
0.987300 134.299000
0.987852 134.737000
0.988404 134.835000
0.988956 135.053000
0.989509 135.611000
0.990061 135.806000
0.990613 135.921000
0.991165 136.240000
0.991717 136.245000
0.992269 137.061000
0.992822 137.736000
0.993374 137.862000
0.993926 137.983000
0.994478 138.055000
0.995030 138.427000
0.995583 138.644000
0.996135 139.035000
0.996687 139.587000
0.997239 140.137000
0.997791 140.790000
0.998343 140.795000
0.998896 143.414000
0.999448 145.213000
1.000000 152.095000
