0.000552 0.000000
0.001104 2.690080
0.001657 2.712970
0.002209 3.191950
0.002761 4.015920
0.003313 4.173040
0.003865 4.522090
0.004417 4.586940
0.004970 4.596950
0.005522 4.649880
0.006074 4.695890
0.006626 4.698990
0.007178 4.717830
0.007731 4.730940
0.008283 4.767890
0.008835 4.990100
0.009387 5.083080
0.009939 5.141020
0.010491 5.238060
0.011044 5.272870
0.011596 5.291940
0.012148 5.327940
0.012700 5.586150
0.013252 5.626920
0.013805 5.810020
0.014357 5.812880
0.014909 5.841970
0.015461 5.845070
0.016013 5.858900
0.016565 5.886080
0.017118 5.898000
0.017670 5.943060
0.018222 5.944010
0.018774 5.960940
0.019326 5.975960
0.019879 5.982880
0.020431 5.982880
0.020983 5.998130
0.021535 6.006000
0.022087 6.031990
0.022639 6.042960
0.023192 6.059170
0.023744 6.064890
0.024296 6.071090
0.024848 6.093980
0.025400 6.103990
0.025953 6.114960
0.026505 6.129030
0.027057 6.148100
0.027609 6.155970
0.028161 6.159070
0.028713 6.162880
0.029266 6.189820
0.029818 6.222010
0.030370 6.226060
0.030922 6.226060
0.031474 6.227970
0.032027 6.237030
0.032579 6.240840
0.033131 6.265880
0.033683 6.284950
0.034235 6.289960
0.034787 6.296160
0.035340 6.314990
0.035892 6.322150
0.036444 6.358150
0.036996 6.372930
0.037548 6.380080
0.038100 6.394860
0.038653 6.399870
0.039205 6.412030
0.039757 6.417990
0.040309 6.450180
0.040861 6.474970
0.041414 6.482120
0.041966 6.510020
0.042518 6.510020
0.043070 6.524090
0.043622 6.528850
0.044174 6.538150
0.044727 6.559850
0.045279 6.561990
0.045831 6.563900
0.046383 6.575110
0.046935 6.582980
0.047488 6.599900
0.048040 6.603000
0.048592 6.604910
0.049144 6.605860
0.049696 6.606100
0.050248 6.624940
0.050801 6.630900
0.051353 6.648060
0.051905 6.651160
0.052457 6.653070
0.053009 6.668090
0.053562 6.675000
0.054114 6.680970
0.054666 6.690980
0.055218 6.719110
0.055770 6.722930
0.056322 6.726980
0.056875 6.730080
0.057427 6.735800
0.057979 6.756070
0.058531 6.765840
0.059083 6.769900
0.059636 6.790160
0.060188 6.791110
0.060740 6.808040
0.061292 6.808040
0.061844 6.811140
0.062396 6.814000
0.062949 6.845000
0.063501 6.845950
0.064053 6.860970
0.064605 6.861930
0.065157 6.861930
0.065710 6.868120
0.066262 6.869080
0.066814 6.870990
0.067366 6.897210
0.067918 6.898880
0.068470 6.901980
0.069023 6.902930
0.069575 6.907220
0.070127 6.913900
0.070679 6.922960
0.071231 6.933930
0.071784 6.948950
0.072336 6.964920
0.072888 6.968020
0.073440 6.975170
0.073992 6.979940
0.074544 6.983040
0.075097 6.992100
0.075649 6.997110
0.076201 6.999020
0.076753 7.003070
0.077305 7.011890
0.077858 7.012840
0.078410 7.023100
0.078962 7.030010
0.079514 7.042170
0.080066 7.071020
0.080618 7.086040
0.081171 7.094860
0.081723 7.094860
0.082275 7.106070
0.082827 7.123950
0.083379 7.138010
0.083932 7.142070
0.084484 7.168050
0.085036 7.183070
0.085588 7.184030
0.086140 7.195000
0.086692 7.195950
0.087245 7.210020
0.087797 7.215020
0.088349 7.224080
0.088901 7.226940
0.089453 7.230040
0.090006 7.236000
0.090558 7.262950
0.091110 7.265810
0.091662 7.303000
0.092214 7.316110
0.092766 7.318970
0.093319 7.338050
0.093871 7.349010
0.094423 7.353070
0.094975 7.370000
0.095527 7.397890
0.096080 7.425070
0.096632 7.427220
0.097184 7.442000
0.097736 7.446050
0.098288 7.448910
0.098840 7.460120
0.099393 7.471080
0.099945 7.480860
0.100497 7.486100
0.101049 7.503030
0.101601 7.505890
0.102154 7.507090
0.102706 7.509950
0.103258 7.575040
0.103810 7.582900
0.104362 7.591960
0.104914 7.617000
0.105467 7.622000
0.106019 7.637020
0.106571 7.645850
0.107123 7.653000
0.107675 7.674930
0.108227 7.696150
0.108780 7.719040
0.109332 7.735010
0.109884 7.752180
0.110436 7.775070
0.110988 7.776980
0.111541 7.780080
0.112093 7.798910
0.112645 7.799150
0.113197 7.801060
0.113749 7.807970
0.114301 7.821080
0.114854 7.822990
0.115406 7.831100
0.115958 7.838010
0.116510 7.875920
0.117062 7.907150
0.117615 7.909060
0.118167 7.922890
0.118719 7.929090
0.119271 7.929090
0.119823 7.930990
0.120375 7.934090
0.120928 7.945060
0.121480 7.951970
0.122032 7.952930
0.122584 7.952930
0.123136 7.953880
0.123689 7.954120
0.124241 7.967000
0.124793 7.977010
0.125345 7.977010
0.125897 7.977960
0.126449 7.999900
0.127002 8.010150
0.127554 8.016820
0.128106 8.024930
0.128658 8.025170
0.129210 8.025880
0.129763 8.028030
0.130315 8.030180
0.130867 8.033990
0.131419 8.038040
0.131971 8.039950
0.132523 8.041860
0.133076 8.044960
0.133628 8.048060
0.134180 8.050200
0.134732 8.050920
0.135284 8.054020
0.135837 8.056880
0.136389 8.060220
0.136941 8.063080
0.137493 8.065940
0.138045 8.066890
0.138597 8.078100
0.139150 8.080010
0.139702 8.080960
0.140254 8.080960
0.140806 8.083110
0.141358 8.084060
0.141911 8.084060
0.142463 8.085970
0.143015 8.089070
0.143567 8.099080
0.144119 8.105990
0.144671 8.108140
0.145224 8.108850
0.145776 8.116010
0.146328 8.116010
0.146880 8.122920
0.147432 8.123870
0.147985 8.125070
0.148537 8.126020
0.149089 8.126020
0.149641 8.132930
0.150193 8.139130
0.150745 8.139130
0.151298 8.142950
0.151850 8.145090
0.152402 8.157970
0.152954 8.160830
0.153506 8.162980
0.154059 8.165840
0.154611 8.172040
0.155163 8.188010
0.155715 8.198980
0.156267 8.207800
0.156819 8.210900
0.157372 8.220200
0.157924 8.222100
0.158476 8.223060
0.159028 8.235930
0.159580 8.239030
0.160133 8.245940
0.160685 8.245940
0.161237 8.248090
0.161789 8.249040
0.162341 8.263110
0.162893 8.267160
0.163446 8.274080
0.163998 8.280040
0.164550 8.290050
0.165102 8.290050
0.165654 8.292910
0.166207 8.297920
0.166759 8.306980
0.167311 8.308890
0.167863 8.325100
0.168415 8.332970
0.168967 8.332970
0.169520 8.335110
0.170072 8.336070
0.170624 8.338930
0.171176 8.339880
0.171728 8.342980
0.172281 8.352040
0.172833 8.359190
0.173385 8.363010
0.173937 8.366110
0.174489 8.368020
0.175041 8.369920
0.175594 8.373980
0.176146 8.379940
0.176698 8.392810
0.177250 8.396860
0.177802 8.399960
0.178355 8.404020
0.178907 8.407120
0.179459 8.415940
0.180011 8.425000
0.180563 8.430000
0.181115 8.434060
0.181668 8.435010
0.182220 8.437160
0.182772 8.443120
0.183324 8.450980
0.183876 8.451940
0.184428 8.455040
0.184981 8.458850
0.185533 8.459090
0.186085 8.459810
0.186637 8.461000
0.187189 8.462910
0.187742 8.466960
0.188294 8.471010
0.188846 8.471970
0.189398 8.484130
0.189950 8.488180
0.190502 8.488180
0.191055 8.489130
0.191607 8.490090
0.192159 8.496050
0.192711 8.497000
0.193263 8.497000
0.193816 8.503910
0.194368 8.509160
0.194920 8.512020
0.195472 8.533000
0.196024 8.534910
0.196576 8.537050
0.197129 8.538010
0.197681 8.540150
0.198233 8.544920
0.198785 8.548020
0.199337 8.551840
0.199890 8.558990
0.200442 8.568050
0.200994 8.573060
0.201546 8.580210
0.202098 8.582830
0.202650 8.596180
0.203203 8.599040
0.203755 8.600000
0.204307 8.602860
0.204859 8.603100
0.205411 8.604050
0.205964 8.610010
0.206516 8.614060
0.207068 8.615020
0.207620 8.622170
0.208172 8.623840
0.208724 8.627180
0.209277 8.641000
0.209829 8.643870
0.210381 8.650780
0.210933 8.651970
0.211485 8.654830
0.212038 8.666990
0.212590 8.667950
0.213142 8.671050
0.213694 8.672000
0.214246 8.677960
0.214798 8.686780
0.215351 8.688930
0.215903 8.689880
0.216455 8.690830
0.217007 8.696080
0.217559 8.697030
0.218112 8.699180
0.218664 8.708000
0.219216 8.710860
0.219768 8.713960
0.220320 8.715150
0.220872 8.721830
0.221425 8.723020
0.221977 8.725170
0.222529 8.744000
0.223081 8.753060
0.223633 8.754010
0.224186 8.763070
0.224738 8.764980
0.225290 8.776190
0.225842 8.778100
0.226394 8.778100
0.226946 8.780960
0.227499 8.782150
0.228051 8.790020
0.228603 8.792880
0.229155 8.797880
0.229707 8.804080
0.230260 8.809090
0.230812 8.811000
0.231364 8.814100
0.231916 8.819100
0.232468 8.821010
0.233020 8.821960
0.233573 8.825060
0.234125 8.826970
0.234677 8.829830
0.235229 8.841040
0.235781 8.855100
0.236334 8.856060
0.236886 8.859160
0.237438 8.866070
0.237990 8.881810
0.238542 8.883950
0.239094 8.888960
0.239647 8.889910
0.240199 8.890870
0.240751 8.893970
0.241303 8.898020
0.241855 8.903030
0.242408 8.912090
0.242960 8.917810
0.243512 8.919000
0.244064 8.926870
0.244616 8.930920
0.245168 8.932830
0.245721 8.955000
0.246273 8.956190
0.246825 8.965970
0.247377 8.967880
0.247929 8.974080
0.248482 8.980990
0.249034 8.983140
0.249586 8.983850
0.250138 8.994100
0.250690 8.997920
0.251242 9.010080
0.251795 9.040120
0.252347 9.064910
0.252899 9.081130
0.253451 9.083030
0.254003 9.087090
0.254555 9.089950
0.255108 9.105920
0.255660 9.117130
0.256212 9.119030
0.256764 9.119030
0.257316 9.127140
0.257869 9.138110
0.258421 9.142880
0.258973 9.166960
0.259525 9.187940
0.260077 9.209870
0.260629 9.268050
0.261182 9.284020
0.261734 9.301900
0.262286 9.304050
0.262838 9.339810
0.263390 9.378910
0.263943 9.379150
0.264495 9.386060
0.265047 9.401080
0.265599 9.438990
0.266151 9.444000
0.266703 9.449010
0.267256 9.510040
0.267808 9.514090
0.268360 9.517910
0.268912 9.518860
0.269464 9.519100
0.270017 9.558920
0.270569 9.572030
0.271121 9.583000
0.271673 9.603020
0.272225 9.613040
0.272777 9.619950
0.273330 9.654050
0.273882 9.660960
0.274434 9.664060
0.274986 9.674790
0.275538 9.676930
0.276091 9.677890
0.276643 9.721040
0.277195 9.737010
0.277747 9.743930
0.278299 9.754900
0.278851 9.756800
0.279404 9.757040
0.279956 9.763960
0.280508 9.776120
0.281060 9.779930
0.281612 9.820940
0.282165 9.821180
0.282717 9.827140
0.283269 9.830950
0.283821 9.840010
0.284373 9.855990
0.284925 9.859800
0.285478 9.902000
0.286030 9.903190
0.286582 9.909870
0.287134 9.912970
0.287686 9.912970
0.288239 9.928940
0.288791 9.963990
0.289343 9.964940
0.289895 9.969950
0.290447 9.979010
0.290999 9.984020
0.291552 9.990930
0.292104 10.012900
0.292656 10.023800
0.293208 10.025000
0.293760 10.027900
0.294313 10.028800
0.294865 10.036900
0.295417 10.037900
0.295969 10.065100
0.296521 10.097000
0.297073 10.129900
0.297626 10.131100
0.298178 10.134900
0.298730 10.151900
0.299282 10.171200
0.299834 10.174000
0.300387 10.204100
0.300939 10.206000
0.301491 10.243900
0.302043 10.274900
0.302595 10.275100
0.303147 10.276800
0.303700 10.289000
0.304252 10.299900
0.304804 10.302100
0.305356 10.312100
0.305908 10.332100
0.306461 10.361200
0.307013 10.370000
0.307565 10.374100
0.308117 10.403900
0.308669 10.418900
0.309221 10.421000
0.309774 10.428000
0.310326 10.430100
0.310878 10.433200
0.311430 10.472100
0.311982 10.474200
0.312535 10.491100
0.313087 10.500000
0.313639 10.502100
0.314191 10.510000
0.314743 10.541000
0.315295 10.545000
0.315848 10.546900
0.316400 10.549800
0.316952 10.568900
0.317504 10.577000
0.318056 10.577200
0.318609 10.595100
0.319161 10.609900
0.319713 10.634900
0.320265 10.644000
0.320817 10.644200
0.321369 10.651100
0.321922 10.659900
0.322474 10.667100
0.323026 10.694000
0.323578 10.697800
0.324130 10.702100
0.324682 10.706900
0.325235 10.713800
0.325787 10.713800
0.326339 10.734100
0.326891 10.735000
0.327443 10.741000
0.327996 10.751000
0.328548 10.755100
0.329100 10.758200
0.329652 10.759100
0.330204 10.762900
0.330756 10.762900
0.331309 10.770800
0.331861 10.772900
0.332413 10.790800
0.332965 10.794200
0.333517 10.804900
0.334070 10.816100
0.334622 10.816800
0.335174 10.819000
0.335726 10.822100
0.336278 10.831800
0.336830 10.835900
0.337383 10.839000
0.337935 10.850000
0.338487 10.857100
0.339039 10.858100
0.339591 10.861200
0.340144 10.870000
0.340696 10.906000
0.341248 10.911900
0.341800 10.918900
0.342352 10.922900
0.342904 10.937000
0.343457 10.937900
0.344009 10.944800
0.344561 10.948900
0.345113 10.948900
0.345665 10.949900
0.346218 10.958000
0.346770 10.962000
0.347322 10.962000
0.347874 10.962000
0.348426 10.965100
0.348978 10.971100
0.349531 10.980100
0.350083 10.984200
0.350635 10.988000
0.351187 10.988000
0.351739 10.992100
0.352292 11.002800
0.352844 11.004900
0.353396 11.009000
0.353948 11.012100
0.354500 11.014000
0.355052 11.018000
0.355605 11.030000
0.356157 11.035000
0.356709 11.035200
0.357261 11.045000
0.357813 11.045900
0.358366 11.051900
0.358918 11.056900
0.359470 11.060000
0.360022 11.061900
0.360574 11.068800
0.361126 11.071000
0.361679 11.083100
0.362231 11.086900
0.362783 11.089100
0.363335 11.099800
0.363887 11.113900
0.364440 11.128900
0.364992 11.130100
0.365544 11.132000
0.366096 11.153900
0.366648 11.155100
0.367200 11.158900
0.367753 11.163900
0.368305 11.167800
0.368857 11.204000
0.369409 11.222800
0.369961 11.234000
0.370514 11.238100
0.371066 11.247900
0.371618 11.253100
0.372170 11.271000
0.372722 11.276000
0.373274 11.277900
0.373827 11.277900
0.374379 11.286000
0.374931 11.287000
0.375483 11.292000
0.376035 11.295100
0.376588 11.302000
0.377140 11.305100
0.377692 11.307000
0.378244 11.313200
0.378796 11.314200
0.379348 11.330800
0.379901 11.333000
0.380453 11.345900
0.381005 11.347100
0.381557 11.351100
0.382109 11.354900
0.382662 11.359000
0.383214 11.374000
0.383766 11.375000
0.384318 11.377100
0.384870 11.382100
0.385422 11.383100
0.385975 11.385000
0.386527 11.386900
0.387079 11.387100
0.387631 11.389000
0.388183 11.389000
0.388736 11.395000
0.389288 11.400900
0.389840 11.404000
0.390392 11.407100
0.390944 11.412100
0.391496 11.412100
0.392049 11.419100
0.392601 11.426000
0.393153 11.426000
0.393705 11.436000
0.394257 11.439100
0.394809 11.442900
0.395362 11.447000
0.395914 11.448900
0.396466 11.449100
0.397018 11.451000
0.397570 11.452000
0.398123 11.455100
0.398675 11.457000
0.399227 11.463200
0.399779 11.472000
0.400331 11.472900
0.400883 11.478900
0.401436 11.480100
0.401988 11.480100
0.402540 11.485100
0.403092 11.487000
0.403644 11.490100
0.404197 11.497000
0.404749 11.500100
0.405301 11.503000
0.405853 11.503900
0.406405 11.503900
0.406957 11.513000
0.407510 11.517000
0.408062 11.520900
0.408614 11.523000
0.409166 11.526800
0.409718 11.527100
0.410271 11.532100
0.410823 11.534900
0.411375 11.541100
0.411927 11.541800
0.412479 11.541800
0.413031 11.543000
0.413584 11.555900
0.414136 11.558100
0.414688 11.570900
0.415240 11.573800
0.415792 11.580900
0.416345 11.589100
0.416897 11.590000
0.417449 11.590000
0.418001 11.594100
0.418553 11.596000
0.419105 11.600000
0.419658 11.605000
0.420210 11.611000
0.420762 11.616000
0.421314 11.617900
0.421866 11.618100
0.422419 11.622900
0.422971 11.623900
0.423523 11.626000
0.424075 11.634100
0.424627 11.635100
0.425179 11.638900
0.425732 11.642000
0.426284 11.645100
0.426836 11.645100
0.427388 11.652000
0.427940 11.662000
0.428493 11.663900
0.429045 11.664200
0.429597 11.665100
0.430149 11.665100
0.430701 11.669200
0.431253 11.671100
0.431806 11.671100
0.432358 11.671800
0.432910 11.673000
0.433462 11.675100
0.434014 11.677000
0.434567 11.680100
0.435119 11.680800
0.435671 11.683000
0.436223 11.685100
0.436775 11.686800
0.437327 11.687000
0.437880 11.693000
0.438432 11.693000
0.438984 11.694000
0.439536 11.694000
0.440088 11.697100
0.440641 11.698000
0.441193 11.699000
0.441745 11.701100
0.442297 11.703000
0.442849 11.704900
0.443401 11.704900
0.443954 11.706100
0.444506 11.706800
0.445058 11.708000
0.445610 11.709000
0.446162 11.710200
0.446715 11.710900
0.447267 11.713000
0.447819 11.713000
0.448371 11.714900
0.448923 11.715200
0.449475 11.716100
0.450028 11.717100
0.450580 11.719900
0.451132 11.722100
0.451684 11.724900
0.452236 11.726100
0.452789 11.727100
0.453341 11.730000
0.453893 11.730200
0.454445 11.730900
0.454997 11.732100
0.455549 11.732800
0.456102 11.733100
0.456654 11.735000
0.457206 11.736900
0.457758 11.745000
0.458310 11.747800
0.458863 11.750000
0.459415 11.750000
0.459967 11.754000
0.460519 11.755900
0.461071 11.758100
0.461623 11.758100
0.462176 11.761000
0.462728 11.761200
0.463280 11.765000
0.463832 11.766900
0.464384 11.768100
0.464936 11.774100
0.465489 11.776000
0.466041 11.777900
0.466593 11.777900
0.467145 11.786000
0.467697 11.786000
0.468250 11.787900
0.468802 11.791900
0.469354 11.794100
0.469906 11.795000
0.470458 11.796000
0.471010 11.796000
0.471563 11.797000
0.472115 11.798900
0.472667 11.806000
0.473219 11.807900
0.473771 11.807900
0.474324 11.812900
0.474876 11.812900
0.475428 11.816000
0.475980 11.816000
0.476532 11.820100
0.477084 11.821000
0.477637 11.828900
0.478189 11.828900
0.478741 11.830800
0.479293 11.831000
0.479845 11.831000
0.480398 11.832000
0.480950 11.832000
0.481502 11.835100
0.482054 11.836100
0.482606 11.836100
0.483158 11.836100
0.483711 11.838000
0.484263 11.838000
0.484815 11.838200
0.485367 11.839200
0.485919 11.839900
0.486472 11.840100
0.487024 11.840100
0.487576 11.841100
0.488128 11.843900
0.488680 11.847000
0.489232 11.847000
0.489785 11.848000
0.490337 11.852000
0.490889 11.852000
0.491441 11.857000
0.491993 11.857000
0.492546 11.858900
0.493098 11.863900
0.493650 11.865100
0.494202 11.868000
0.494754 11.873000
0.495306 11.874000
0.495859 11.874900
0.496411 11.876800
0.496963 11.881100
0.497515 11.882100
0.498067 11.882100
0.498620 11.883000
0.499172 11.883000
0.499724 11.887100
0.500276 11.889900
0.500828 11.892800
0.501380 11.893000
0.501933 11.894000
0.502485 11.894000
0.503037 11.894000
0.503589 11.894900
0.504141 11.895200
0.504694 11.895900
0.505246 11.897100
0.505798 11.900900
0.506350 11.904000
0.506902 11.904000
0.507454 11.908100
0.508007 11.908100
0.508559 11.911200
0.509111 11.911900
0.509663 11.913800
0.510215 11.915000
0.510768 11.915000
0.511320 11.916900
0.511872 11.916900
0.512424 11.917800
0.512976 11.920900
0.513528 11.921900
0.514081 11.922800
0.514633 11.923100
0.515185 11.924000
0.515737 11.925000
0.516289 11.925000
0.516842 11.925900
0.517394 11.926900
0.517946 11.929000
0.518498 11.933100
0.519050 11.933100
0.519602 11.938800
0.520155 11.938800
0.520707 11.939000
0.521259 11.940000
0.521811 11.941000
0.522363 11.941000
0.522916 11.944100
0.523468 11.945000
0.524020 11.946900
0.524572 11.947900
0.525124 11.949800
0.525676 11.954800
0.526229 11.956900
0.526781 11.963100
0.527333 11.963800
0.527885 11.964800
0.528437 11.966900
0.528990 11.968100
0.529542 11.968100
0.530094 11.968100
0.530646 11.972900
0.531198 11.972900
0.531750 11.973900
0.532303 11.974800
0.532855 11.975000
0.533407 11.977200
0.533959 11.979800
0.534511 11.982900
0.535064 11.986000
0.535616 11.991000
0.536168 11.992000
0.536720 11.992000
0.537272 11.992900
0.537824 11.993200
0.538377 11.993900
0.538929 11.994800
0.539481 11.995100
0.540033 11.996000
0.540585 12.000100
0.541137 12.005100
0.541690 12.005100
0.542242 12.006000
0.542794 12.011100
0.543346 12.013000
0.543898 12.016100
0.544451 12.017000
0.545003 12.018000
0.545555 12.018000
0.546107 12.021100
0.546659 12.022000
0.547211 12.022000
0.547764 12.025800
0.548316 12.026100
0.548868 12.027000
0.549420 12.027000
0.549972 12.028000
0.550525 12.028000
0.551077 12.029900
0.551629 12.030100
0.552181 12.031100
0.552733 12.032000
0.553285 12.033000
0.553838 12.033900
0.554390 12.038900
0.554942 12.038900
0.555494 12.039900
0.556046 12.040100
0.556599 12.042000
0.557151 12.042000
0.557703 12.048000
0.558255 12.048000
0.558807 12.051100
0.559359 12.051800
0.559912 12.057100
0.560464 12.058000
0.561016 12.059000
0.561568 12.060900
0.562120 12.061800
0.562673 12.064000
0.563225 12.064900
0.563777 12.066100
0.564329 12.069000
0.564881 12.069000
0.565433 12.069900
0.565986 12.070900
0.566538 12.071100
0.567090 12.074000
0.567642 12.074900
0.568194 12.080000
0.568747 12.080000
0.569299 12.082100
0.569851 12.083100
0.570403 12.085900
0.570955 12.086200
0.571507 12.086900
0.572060 12.089000
0.572612 12.090000
0.573164 12.093100
0.573716 12.098100
0.574268 12.099000
0.574821 12.104000
0.575373 12.104000
0.575925 12.104000
0.576477 12.106900
0.577029 12.110000
0.577581 12.116900
0.578134 12.119100
0.578686 12.120000
0.579238 12.120000
0.579790 12.120000
0.580342 12.123800
0.580895 12.126000
0.581447 12.126900
0.581999 12.127200
0.582551 12.127200
0.583103 12.127900
0.583655 12.130000
0.584208 12.134100
0.584760 12.135000
0.585312 12.135000
0.585864 12.139100
0.586416 12.139800
0.586969 12.145000
0.587521 12.146000
0.588073 12.146000
0.588625 12.146000
0.589177 12.147900
0.589729 12.152900
0.590282 12.153100
0.590834 12.155800
0.591386 12.160100
0.591938 12.164100
0.592490 12.164100
0.593043 12.165100
0.593595 12.167000
0.594147 12.169100
0.594699 12.170100
0.595251 12.171000
0.595803 12.172000
0.596356 12.176000
0.596908 12.178900
0.597460 12.181000
0.598012 12.182000
0.598564 12.183900
0.599117 12.186100
0.599669 12.189900
0.600221 12.192000
0.600773 12.194200
0.601325 12.196100
0.601877 12.197000
0.602430 12.199900
0.602982 12.207000
0.603534 12.211100
0.604086 12.211100
0.604638 12.212000
0.605191 12.215100
0.605743 12.217000
0.606295 12.222100
0.606847 12.222100
0.607399 12.224900
0.607951 12.225900
0.608504 12.230200
0.609056 12.232100
0.609608 12.236800
0.610160 12.241100
0.610712 12.243000
0.611264 12.243000
0.611817 12.245900
0.612369 12.249900
0.612921 12.253000
0.613473 12.254000
0.614025 12.257100
0.614578 12.257100
0.615130 12.260000
0.615682 12.261900
0.616234 12.264000
0.616786 12.266200
0.617338 12.269000
0.617891 12.270900
0.618443 12.270900
0.618995 12.272100
0.619547 12.281200
0.620099 12.285000
0.620652 12.288100
0.621204 12.290000
0.621756 12.291900
0.622308 12.292900
0.622860 12.295000
0.623412 12.295000
0.623965 12.295000
0.624517 12.301000
0.625069 12.301900
0.625621 12.302200
0.626173 12.304100
0.626726 12.304100
0.627278 12.305000
0.627830 12.306900
0.628382 12.308100
0.628934 12.309100
0.629486 12.309100
0.630039 12.309100
0.630591 12.311000
0.631143 12.316000
0.631695 12.317900
0.632247 12.318800
0.632800 12.321000
0.633352 12.322900
0.633904 12.322900
0.634456 12.327000
0.635008 12.327000
0.635560 12.331000
0.636113 12.331000
0.636665 12.332000
0.637217 12.333900
0.637769 12.334100
0.638321 12.334100
0.638874 12.337900
0.639426 12.342000
0.639978 12.342000
0.640530 12.342000
0.641082 12.345100
0.641634 12.347000
0.642187 12.348900
0.642739 12.348900
0.643291 12.350100
0.643843 12.350800
0.644395 12.354100
0.644948 12.356000
0.645500 12.357000
0.646052 12.358000
0.646604 12.358900
0.647156 12.361000
0.647708 12.362000
0.648261 12.362000
0.648813 12.363900
0.649365 12.365100
0.649917 12.368900
0.650469 12.371100
0.651022 12.376800
0.651574 12.377000
0.652126 12.377000
0.652678 12.379900
0.653230 12.380800
0.653782 12.382000
0.654335 12.390900
0.654887 12.392000
0.655439 12.393000
0.655991 12.396100
0.656543 12.397100
0.657096 12.399000
0.657648 12.399000
0.658200 12.399200
0.658752 12.402100
0.659304 12.404000
0.659856 12.405900
0.660409 12.409000
0.660961 12.410900
0.661513 12.413000
0.662065 12.417100
0.662617 12.417100
0.663170 12.419200
0.663722 12.419900
0.664274 12.421800
0.664826 12.422100
0.665378 12.424000
0.665930 12.426100
0.666483 12.431100
0.667035 12.431900
0.667587 12.432100
0.668139 12.432800
0.668691 12.433100
0.669244 12.434000
0.669796 12.435000
0.670348 12.435000
0.670900 12.443100
0.671452 12.444000
0.672004 12.445200
0.672557 12.446900
0.673109 12.450000
0.673661 12.451900
0.674213 12.453100
0.674765 12.454000
0.675318 12.456900
0.675870 12.458100
0.676422 12.458100
0.676974 12.459000
0.677526 12.460000
0.678078 12.466200
0.678631 12.466200
0.679183 12.468100
0.679735 12.469100
0.680287 12.471200
0.680839 12.472900
0.681391 12.475000
0.681944 12.480000
0.682496 12.481900
0.683048 12.483800
0.683600 12.483800
0.684152 12.483800
0.684705 12.484100
0.685257 12.487200
0.685809 12.488100
0.686361 12.489100
0.686913 12.491000
0.687465 12.491000
0.688018 12.492900
0.688570 12.496900
0.689122 12.496900
0.689674 12.499100
0.690226 12.500000
0.690779 12.501000
0.691331 12.504100
0.691883 12.504100
0.692435 12.504100
0.692987 12.505100
0.693539 12.507000
0.694092 12.507900
0.694644 12.509100
0.695196 12.513200
0.695748 12.516000
0.696300 12.518900
0.696853 12.519100
0.697405 12.522000
0.697957 12.522900
0.698509 12.524800
0.699061 12.524800
0.699613 12.525100
0.700166 12.525100
0.700718 12.526000
0.701270 12.527000
0.701822 12.527900
0.702374 12.532000
0.702927 12.532900
0.703479 12.542000
0.704031 12.543000
0.704583 12.543000
0.705135 12.544900
0.705687 12.548000
0.706240 12.548900
0.706792 12.550800
0.707344 12.555100
0.707896 12.556100
0.708448 12.556100
0.709001 12.556100
0.709553 12.557000
0.710105 12.557000
0.710657 12.559900
0.711209 12.564200
0.711761 12.567000
0.712314 12.568000
0.712866 12.571800
0.713418 12.574900
0.713970 12.576100
0.714522 12.577100
0.715075 12.582100
0.715627 12.582100
0.716179 12.582100
0.716731 12.584000
0.717283 12.584000
0.717835 12.585900
0.718388 12.587800
0.718940 12.589200
0.719492 12.590200
0.720044 12.590900
0.720596 12.590900
0.721149 12.591100
0.721701 12.591800
0.722253 12.592100
0.722805 12.602100
0.723357 12.605200
0.723909 12.608100
0.724462 12.611900
0.725014 12.613100
0.725566 12.617800
0.726118 12.619000
0.726670 12.620000
0.727223 12.620000
0.727775 12.622100
0.728327 12.622100
0.728879 12.623100
0.729431 12.624000
0.729983 12.624000
0.730536 12.625900
0.731088 12.625900
0.731640 12.631900
0.732192 12.635000
0.732744 12.635000
0.733297 12.639000
0.733849 12.640000
0.734401 12.641000
0.734953 12.641000
0.735505 12.642900
0.736057 12.645000
0.736610 12.646000
0.737162 12.646200
0.737714 12.650000
0.738266 12.650000
0.738818 12.651900
0.739371 12.656000
0.739923 12.656900
0.740475 12.659100
0.741027 12.666000
0.741579 12.671000
0.742131 12.675000
0.742684 12.676000
0.743236 12.676000
0.743788 12.679100
0.744340 12.682000
0.744892 12.682200
0.745445 12.687000
0.745997 12.689100
0.746549 12.690100
0.747101 12.694100
0.747653 12.697000
0.748205 12.697000
0.748758 12.701000
0.749310 12.704800
0.749862 12.704800
0.750414 12.711000
0.750966 12.711000
0.751518 12.714900
0.752071 12.718000
0.752623 12.719900
0.753175 12.720800
0.753727 12.727000
0.754279 12.728000
0.754832 12.743000
0.755384 12.743900
0.755936 12.745100
0.756488 12.748000
0.757040 12.750100
0.757592 12.751100
0.758145 12.761100
0.758697 12.763000
0.759249 12.764000
0.759801 12.771100
0.760353 12.772100
0.760906 12.775900
0.761458 12.778000
0.762010 12.778000
0.762562 12.779000
0.763114 12.780000
0.763666 12.780200
0.764219 12.783100
0.764771 12.784000
0.765323 12.785000
0.765875 12.790000
0.766427 12.800000
0.766980 12.801900
0.767532 12.808100
0.768084 12.810000
0.768636 12.816000
0.769188 12.816000
0.769740 12.818100
0.770293 12.818100
0.770845 12.828100
0.771397 12.828800
0.771949 12.829800
0.772501 12.830000
0.773054 12.831900
0.773606 12.833100
0.774158 12.834100
0.774710 12.837900
0.775262 12.841900
0.775814 12.842200
0.776367 12.844100
0.776919 12.844800
0.777471 12.845000
0.778023 12.846900
0.778575 12.857900
0.779128 12.860100
0.779680 12.862900
0.780232 12.862900
0.780784 12.862900
0.781336 12.869800
0.781888 12.870100
0.782441 12.870800
0.782993 12.873200
0.783545 12.873900
0.784097 12.877000
0.784649 12.877900
0.785202 12.878900
0.785754 12.879800
0.786306 12.881000
0.786858 12.882000
0.787410 12.882000
0.787962 12.882900
0.788515 12.882900
0.789067 12.885100
0.789619 12.892000
0.790171 12.894900
0.790723 12.895100
0.791276 12.896100
0.791828 12.901100
0.792380 12.902000
0.792932 12.907000
0.793484 12.908000
0.794036 12.909200
0.794589 12.909900
0.795141 12.915800
0.795693 12.918000
0.796245 12.918900
0.796797 12.922000
0.797350 12.923000
0.797902 12.927100
0.798454 12.930900
0.799006 12.937800
0.799558 12.938000
0.800110 12.939900
0.800663 12.944900
0.801215 12.946100
0.801767 12.949900
0.802319 12.952800
0.802871 12.955000
0.803424 12.955900
0.803976 12.960900
0.804528 12.961100
0.805080 12.963100
0.805632 12.965900
0.806184 12.975900
0.806737 12.979000
0.807289 12.982100
0.807841 12.984000
0.808393 12.984000
0.808945 12.985900
0.809498 12.987100
0.810050 12.991200
0.810602 12.994100
0.811154 12.994100
0.811706 12.996900
0.812258 12.997200
0.812811 13.000000
0.813363 13.004100
0.813915 13.015000
0.814467 13.018100
0.815019 13.019100
0.815572 13.031000
0.816124 13.037000
0.816676 13.038900
0.817228 13.047000
0.817780 13.051000
0.818332 13.053900
0.818885 13.057900
0.819437 13.061000
0.819989 13.065100
0.820541 13.066100
0.821093 13.068000
0.821645 13.085100
0.822198 13.098000
0.822750 13.108000
0.823302 13.116100
0.823854 13.117100
0.824406 13.122100
0.824959 13.129000
0.825511 13.141900
0.826063 13.147100
0.826615 13.148100
0.827167 13.155900
0.827719 13.156900
0.828272 13.162900
0.828824 13.179100
0.829376 13.180000
0.829928 13.186000
0.830480 13.190000
0.831033 13.191900
0.831585 13.191900
0.832137 13.195000
0.832689 13.203900
0.833241 13.208900
0.833793 13.217900
0.834346 13.232000
0.834898 13.242000
0.835450 13.258000
0.836002 13.259900
0.836554 13.270900
0.837107 13.279000
0.837659 13.288000
0.838211 13.290200
0.838763 13.297100
0.839315 13.304900
0.839867 13.305900
0.840420 13.330000
0.840972 13.330900
0.841524 13.338100
0.842076 13.348100
0.842628 13.364100
0.843181 13.366000
0.843733 13.438900
0.844285 13.451100
0.844837 13.468000
0.845389 13.493100
0.845941 13.530000
0.846494 13.558100
0.847046 13.562000
0.847598 13.574800
0.848150 13.595100
0.848702 13.604900
0.849255 13.677100
0.849807 13.758200
0.850359 13.811800
0.850911 14.014000
0.851463 14.018100
0.852015 14.209000
0.852568 14.462900
0.853120 14.511100
0.853672 14.638900
0.854224 14.890000
0.854776 15.032100
0.855329 15.165100
0.855881 15.329100
0.856433 15.384900
0.856985 15.445000
0.857537 15.581800
0.858089 15.627100
0.858642 15.877000
0.859194 16.416800
0.859746 16.594200
0.860298 16.616100
0.860850 16.993000
0.861403 17.659900
0.861955 18.227100
0.862507 18.633100
0.863059 18.762100
0.863611 18.873000
0.864163 19.105900
0.864716 19.520000
0.865268 19.722900
0.865820 19.902900
0.866372 20.432000
0.866924 21.052100
0.867477 21.276000
0.868029 21.380200
0.868581 21.396900
0.869133 21.486000
0.869685 21.555900
0.870237 22.073000
0.870790 22.077100
0.871342 22.352200
0.871894 22.554900
0.872446 22.559200
0.872998 22.578000
0.873551 22.731100
0.874103 23.684000
0.874655 24.087000
0.875207 24.158000
0.875759 24.239100
0.876311 24.539000
0.876864 24.726900
0.877416 24.912100
0.877968 24.915000
0.878520 25.030100
0.879072 25.183200
0.879625 25.465000
0.880177 25.986900
0.880729 26.041000
0.881281 26.107100
0.881833 26.426100
0.882385 26.439200
0.882938 26.447100
0.883490 26.511000
0.884042 27.114900
0.884594 27.375900
0.885146 28.095000
0.885699 28.391800
0.886251 28.571100
0.886803 28.785900
0.887355 28.966000
0.887907 29.252100
0.888459 29.296900
0.889012 29.439200
0.889564 29.652100
0.890116 29.691000
0.890668 30.083200
0.891220 30.204100
0.891773 30.498000
0.892325 30.670900
0.892877 30.812000
0.893429 30.835200
0.893981 31.285000
0.894533 31.364900
0.895086 31.422100
0.895638 32.303100
0.896190 32.803100
0.896742 33.011900
0.897294 33.078000
0.897846 33.284900
0.898399 33.312800
0.898951 33.407000
0.899503 33.777000
0.900055 33.812000
0.900607 34.080000
0.901160 34.089100
0.901712 34.267900
0.902264 34.456000
0.902816 34.595000
0.903368 34.601900
0.903920 34.688000
0.904473 35.159100
0.905025 35.182000
0.905577 35.425200
0.906129 35.433100
0.906681 35.490000
0.907234 35.769000
0.907786 36.399800
0.908338 36.480900
0.908890 36.953000
0.909442 37.077000
0.909994 37.225000
0.910547 37.297000
0.911099 37.315800
0.911651 37.421000
0.912203 37.619100
0.912755 37.641000
0.913308 37.697100
0.913860 37.981000
0.914412 38.014900
0.914964 38.215900
0.915516 38.245000
0.916068 38.571100
0.916621 38.987200
0.917173 39.016000
0.917725 39.256100
0.918277 39.284900
0.918829 39.319000
0.919382 39.322100
0.919934 39.429900
0.920486 39.492800
0.921038 39.525000
0.921590 39.832100
0.922142 39.889100
0.922695 39.941100
0.923247 39.982800
0.923799 40.261000
0.924351 40.268200
0.924903 40.345200
0.925456 40.433900
0.926008 40.489900
0.926560 40.745000
0.927112 40.846100
0.927664 41.045000
0.928216 41.230000
0.928769 41.780900
0.929321 41.961000
0.929873 42.591100
0.930425 69.294000
0.930977 92.605800
0.931530 98.122100
0.932082 126.158000
0.932634 127.265000
0.933186 163.958000
0.933738 258.755000
0.934290 270.578000
0.934843 304.355000
0.935395 309.822000
0.935947 335.781000
0.936499 336.312000
0.937051 337.380000
0.937604 341.816000
0.938156 347.725000
0.938708 351.703000
0.939260 352.231000
0.939812 354.397000
0.940364 354.766000
0.940917 355.010000
0.941469 355.660000
0.942021 356.461000
0.942573 359.196000
0.943125 361.482000
0.943678 363.841000
0.944230 364.837000
0.944782 365.064000
0.945334 371.143000
0.945886 372.926000
0.946438 374.489000
0.946991 375.084000
0.947543 375.406000
0.948095 375.570000
0.948647 375.744000
0.949199 378.818000
0.949752 379.339000
0.950304 380.344000
0.950856 381.427000
0.951408 383.104000
0.951960 383.273000
0.952512 387.437000
0.953065 388.147000
0.953617 388.336000
0.954169 392.576000
0.954721 393.069000
0.955273 394.764000
0.955826 394.823000
0.956378 394.912000
0.956930 397.109000
0.957482 399.611000
0.958034 401.641000
0.958586 402.691000
0.959139 405.268000
0.959691 405.866000
0.960243 405.926000
0.960795 408.583000
0.961347 409.623000
0.961900 410.362000
0.962452 416.912000
0.963004 416.925000
0.963556 418.375000
0.964108 424.109000
0.964660 424.272000
0.965213 425.858000
0.965765 427.452000
0.966317 427.752000
0.966869 428.303000
0.967421 429.186000
0.967973 431.117000
0.968526 432.864000
0.969078 433.951000
0.969630 440.865000
0.970182 444.148000
0.970734 444.207000
0.971287 444.783000
0.971839 447.347000
0.972391 448.029000
0.972943 450.015000
0.973495 451.428000
0.974047 452.603000
0.974600 452.698000
0.975152 455.687000
0.975704 459.016000
0.976256 459.785000
0.976808 460.508000
0.977361 460.680000
0.977913 461.173000
0.978465 463.754000
0.979017 466.732000
0.979569 469.694000
0.980121 472.858000
0.980674 473.439000
0.981226 474.552000
0.981778 474.695000
0.982330 475.072000
0.982882 475.773000
0.983435 476.050000
0.983987 476.524000
0.984539 477.609000
0.985091 479.138000
0.985643 479.309000
0.986195 479.360000
0.986748 479.646000
0.987300 481.181000
0.987852 483.225000
0.988404 483.750000
0.988956 484.763000
0.989509 484.795000
0.990061 485.967000
0.990613 486.438000
0.991165 487.219000
0.991717 487.545000
0.992269 488.534000
0.992822 491.002000
0.993374 491.787000
0.993926 492.626000
0.994478 494.953000
0.995030 500.177000
0.995583 503.656000
0.996135 507.236000
0.996687 509.740000
0.997239 516.287000
0.997791 529.123000
0.998343 532.486000
0.998896 583.154000
0.999448 583.941000
1.000000 608.949000
