0.005000 63.726200
0.010000 63.890900
0.015000 64.477900
0.020000 64.592100
0.025000 64.739000
0.030000 64.756200
0.035000 64.761900
0.040000 64.898000
0.045000 64.997000
0.050000 65.037000
0.055000 65.147900
0.060000 65.188900
0.065000 65.227000
0.070000 65.249000
0.075000 65.251800
0.080000 65.288100
0.085000 65.322200
0.090000 65.330000
0.095000 65.341900
0.100000 65.367000
0.105000 65.372000
0.110000 65.498800
0.115000 65.505000
0.120000 65.515000
0.125000 65.588000
0.130000 65.603000
0.135000 65.627100
0.140000 65.678100
0.145000 65.688100
0.150000 65.689100
0.155000 65.691000
0.160000 65.709100
0.165000 65.724800
0.170000 65.749200
0.175000 65.759200
0.180000 65.794000
0.185000 65.825900
0.190000 65.852900
0.195000 65.857200
0.200000 65.870000
0.205000 65.878900
0.210000 65.970900
0.215000 65.987100
0.220000 65.992100
0.225000 65.993100
0.230000 66.004000
0.235000 66.061000
0.240000 66.066000
0.245000 66.074100
0.250000 66.124900
0.255000 66.137100
0.260000 66.210000
0.265000 66.230100
0.270000 66.242000
0.275000 66.268000
0.280000 66.283000
0.285000 66.288000
0.290000 66.291800
0.295000 66.310900
0.300000 66.317100
0.305000 66.319900
0.310000 66.349000
0.315000 66.371000
0.320000 66.438900
0.325000 66.443900
0.330000 66.458900
0.335000 66.469900
0.340000 66.474000
0.345000 66.489000
0.350000 66.537900
0.355000 66.554100
0.360000 66.564100
0.365000 66.576000
0.370000 66.583200
0.375000 66.597000
0.380000 66.599100
0.385000 66.601000
0.390000 66.610100
0.395000 66.628000
0.400000 66.674900
0.405000 66.676100
0.410000 66.716200
0.415000 66.779900
0.420000 66.804900
0.425000 66.874000
0.430000 66.941000
0.435000 66.952000
0.440000 66.966100
0.445000 66.968000
0.450000 66.997100
0.455000 67.003000
0.460000 67.140100
0.465000 67.241200
0.470000 67.259100
0.475000 67.266000
0.480000 67.307000
0.485000 67.383100
0.490000 67.397800
0.495000 67.437200
0.500000 67.438100
0.505000 67.491100
0.510000 67.560900
0.515000 67.591900
0.520000 67.685100
0.525000 67.762100
0.530000 67.790000
0.535000 67.852000
0.540000 68.033000
0.545000 68.386100
0.550000 68.405900
0.555000 68.418000
0.560000 68.640000
0.565000 68.779900
0.570000 69.021000
0.575000 69.273000
0.580000 69.401000
0.585000 69.429900
0.590000 69.830200
0.595000 69.883800
0.600000 70.033800
0.605000 70.172100
0.610000 70.373100
0.615000 70.455100
0.620000 70.493000
0.625000 70.560000
0.630000 70.700900
0.635000 70.807000
0.640000 70.839200
0.645000 70.940000
0.650000 70.958900
0.655000 70.971000
0.660000 70.992900
0.665000 71.009900
0.670000 71.027000
0.675000 71.137900
0.680000 71.209000
0.685000 71.418000
0.690000 71.445000
0.695000 71.529900
0.700000 71.563000
0.705000 71.581100
0.710000 71.587100
0.715000 71.809100
0.720000 71.811200
0.725000 71.815000
0.730000 71.919000
0.735000 72.115900
0.740000 72.182900
0.745000 72.373200
0.750000 72.429900
0.755000 72.655200
0.760000 72.665900
0.765000 72.675000
0.770000 72.695000
0.775000 72.919800
0.780000 72.954200
0.785000 73.056000
0.790000 73.262900
0.795000 73.281000
0.800000 73.445800
0.805000 73.484200
0.810000 74.262100
0.815000 76.850200
0.820000 77.300100
0.825000 77.950000
0.830000 78.851900
0.835000 80.422900
0.840000 82.104000
0.845000 82.935100
0.850000 83.629800
0.855000 84.056900
0.860000 84.167000
0.865000 84.993800
0.870000 85.640900
0.875000 85.720100
0.880000 86.367100
0.885000 87.827000
0.890000 90.255000
0.895000 90.632000
0.900000 91.337900
0.905000 91.386100
0.910000 91.594900
0.915000 91.721100
0.920000 92.190000
0.925000 92.237000
0.930000 92.271100
0.935000 92.843100
0.940000 93.237900
0.945000 93.252900
0.950000 93.375000
0.955000 93.819100
0.960000 94.844800
0.965000 95.089200
0.970000 95.328100
0.975000 98.681000
0.980000 99.006900
0.985000 99.810100
0.990000 100.158000
0.995000 103.641000
1.000000 121.646000
