4.83489  89760
5.29313  93120
5.32198  97216
5.373  99840
5.37992  99840
5.44596  99840
5.51105  99840
5.67079  95836
5.78618  94800
5.80096  117810
6.11687  124800
6.20294  119280
6.27184  149040
6.28996  144144
6.3169  144144
6.32286  97216
6.34885  139230
6.44708  120744
6.52003  144144
6.61302  134880
6.639  94800
6.675  99840
6.69503  121104
6.73604  131130
6.74796  134880
6.75702  153840
6.77395  134880
6.78706  106320
6.80399  93120
6.84023  144144
6.85096  137040
6.94108  144240
6.96206  106320
6.96707  94800
6.97803  115200
7.03692  134880
7.05099  94800
7.0591  115200
7.0641  94800
7.07102  94800
7.12395  95836
7.14493  95836
7.16805  94800
7.18617  115200
7.1919  144240
7.22909  94800
7.25198  115200
7.27296  134880
7.31707  134880
7.32207  144144
7.32398  115200
7.339  119280
7.35593  115200
7.37882  119280
7.38382  144144
7.38788  124800
7.38883  91680
7.39384  144240
7.39813  177600
7.40099  156332
7.46107  93120
7.46298  144144
7.48587  176880
7.49707  177600
7.50899  176880
7.514  95836
7.52592  95836
7.53212  168270
7.53617  177600
7.56001  134880
7.57694  161520
7.58219  144144
7.58696  106320
7.58696  144144
7.58815  121104
7.59411  133680
7.59697  170400
7.59983  134880
7.60317  120744
7.6139  177600
7.6251  131520
7.63106  148986
7.64203  119280
7.66397  171360
7.67708  120744
7.67899  119280
7.69114  164667
7.6921  177600
7.70593  177600
7.71999  177600
7.75099  120744
7.76911  171360
7.79295  119280
7.81012  137040
7.82084  177600
7.83491  167960
7.864  176880
7.94816  106320
7.95794  164667
7.972  164220
7.97296  134880
7.97796  118272
7.97892  168270
7.99513  158160
7.99704  99840
7.99799  168270
7.9999  118272
8.01015  137052
8.06689  123392
8.07405  171360
8.08406  177600
8.08716  164220
8.10003  167520
8.10695  118272
8.12101  176880
8.14199  99840
8.14414  177600
8.14819  95836
8.17418  137040
8.178  177600
8.18896  168270
8.22806  119280
8.23092  137040
8.23402  137040
8.23593  160080
8.23903  177600
8.24809  134880
8.26097  168270
8.26192  119280
8.26192  144144
8.26812  119280
8.29792  168270
8.31389  134880
8.32701  134880
8.3859  119280
8.41904  134880
8.42404  137040
8.43287  177600
8.43501  134880
8.44002  134880
8.45194  134880
8.45814  177600
8.46815  134880
8.47101  134880
8.48389  134880
8.49009  137040
8.49605  134880
8.497  134880
8.50081  134880
8.50582  134880
8.50701  134880
8.51011  134880
8.51798  134880
8.52299  106320
8.55207  121680
8.55303  134880
8.55494  118272
8.57615  134880
8.57687  134880
8.59499  119280
8.59499  134880
8.60214  134880
8.62598  168270
8.62694  177600
8.63314  144240
8.63385  177600
8.6422  134880
8.65698  134880
8.67414  168270
8.69703  139230
8.70609  134880
8.71491  168270
8.71587  139230
8.73613  176880
8.75902  137040
8.76403  143370
8.77404  134880
8.78  177600
8.7862  144144
8.79097  134880
8.79598  164220
8.80098  139230
8.81505  137040
8.81696  165816
8.83293  124800
8.84581  168270
8.87012  97216
8.87489  144144
8.88181  132468
8.883  134880
8.88896  134880
8.88896  99840
8.89087  168270
8.90493  133500
8.90994  138000
8.92997  177600
8.93021  134880
8.94117  134880
8.94189  144144
8.96406  170400
8.97598  177600
8.99291  176880
8.99982  168270
9.01198  144144
9.01294  144240
9.022  144240
9.027  134880
9.027  176880
9.0661  144144
9.08303  171360
9.09519  165816
9.09686  137040
9.09996  144144
9.15289  176880
9.15313  134880
9.15408  116160
9.1579  120744
9.161  121104
9.16386  144144
9.1722  148986
9.20296  171360
9.23204  144144
9.24301  177600
9.27806  144144
9.27806  158160
9.29999  171360
9.31811  144144
9.33003  144144
9.33194  160080
9.34505  156332
9.35483  146340
9.35793  144144
9.35793  144144
9.36007  124800
9.36222  134880
9.372  176880
9.37796  144144
9.38892  144144
9.4111  95836
9.43089  168270
9.45807  167520
9.45997  164220
9.45997  97216
9.46712  164220
9.47309  94800
9.47499  134880
9.47595  149040
9.47785  144144
9.51481  143280
9.54294  168270
9.59802  164220
9.6209  134880
9.62901  168270
9.64403  106320
9.64999  144144
9.65095  151920
9.66001  144144
9.68289  144144
9.68599  168270
9.71699  168270
9.73701  168270
9.75204  144480
9.758  168270
9.76515  143280
9.77993  168300
9.81212  106320
9.81307  156332
9.82499  119280
9.8331  144144
9.83787  144144
9.85003  137040
9.86505  115200
9.86791  159120
9.87005  164220
9.87101  168270
9.87196  177600
9.87506  121104
9.8958  177600
9.90796  148986
9.92703  165816
9.9349  164667
9.93586  177600
9.94492  177600
9.95398  144144
9.96494  167508
9.97019  168270
9.97496  94800
9.99618  168270
10.0121  134880
10.0121  246980
10.031  106320
10.041  168270
10.052  168270
10.0539  177600
10.056  115200
10.0679  176880
10.082  160080
10.088  168270
10.0968  246980
10.1001  106320
10.103  121104
10.1039  93120
10.1261  120744
10.139  167520
10.1459  177600
10.1578  168270
10.1609  222012
10.164  118016
10.1759  168270
10.1931  124785
10.196  94800
10.206  161520
10.2129  177600
10.2141  144240
10.217  156332
10.2179  144480
10.2181  167520
10.2298  246980
10.237  168270
10.2389  99840
10.2429  177600
10.251  120744
10.2539  94800
10.2811  168270
10.2899  148560
10.293  168270
10.2959  168300
10.2959  171360
10.2968  160080
10.2999  177600
10.3002  176880
10.3061  134880
10.3099  164667
10.3121  109680
10.314  168270
10.3178  177600
10.325  94800
10.329  94800
10.3369  177600
10.34  168270
10.344  106320
10.349  156332
10.3528  145089
10.354  177600
10.355  144144
10.361  177600
10.3619  168270
10.3729  177600
10.3772  97216
10.3889  94800
10.392  149556
10.4158  168300
10.422  168696
10.426  168270
10.426  168270
10.432  168270
10.432  177600
10.4349  171360
10.438  168300
10.4392  164667
10.4411  134880
10.4451  134880
10.447  134880
10.4489  177600
10.4508  94800
10.4651  177600
10.4659  170400
10.4721  119280
10.473  168270
10.5  153840
10.5031  168270
10.5059  177600
10.5102  94800
10.515  95836
10.52  115200
10.5228  168270
10.5269  94800
10.529  131520
10.53  97216
10.536  168270
10.5369  176880
10.5371  119280
10.545  94800
10.546  168270
10.5469  168270
10.5488  211920
10.5538  168270
10.556  168270
10.5569  168270
10.561  168300
10.561  246980
10.5679  168270
10.5689  176880
10.571  176880
10.5722  168270
10.5722  94800
10.577  168270
10.577  176880
10.5782  97216
10.5801  94800
10.5829  168270
10.5841  115200
10.5898  168270
10.5932  120744
10.5979  120744
10.5979  168270
10.602  168696
10.6111  115200
10.612  97216
10.613  168270
10.6142  115200
10.617  168270
10.617  177600
10.6211  176880
10.623  168270
10.627  115200
10.6301  177600
10.6308  119280
10.6349  168270
10.6359  143370
10.638  168270
10.639  168270
10.639  168270
10.6421  161520
10.643  250328
10.644  168696
10.6459  115200
10.6542  97216
10.6561  177600
10.664  168270
10.6649  168270
10.6649  168270
10.6659  167508
10.6699  269490
10.6699  95836
10.6721  168270
10.6761  115200
10.6812  168270
10.684  177600
10.6859  97216
10.6878  168270
10.689  168270
10.6909  168270
10.6909  177600
10.6919  119280
10.694  134880
10.6959  115200
10.6981  176880
10.7012  97216
10.7021  97216
10.7031  168270
10.7059  168270
10.7079  168270
10.7079  177600
10.7231  168270
10.7231  97216
10.73  106320
10.7379  168696
10.7391  168270
10.7419  168270
10.7501  97216
10.751  168270
10.756  120744
10.756  95836
10.761  95836
10.7639  246980
10.766  168270
10.7689  95836
10.771  168270
10.783  115200
10.7839  95836
10.7851  119280
10.7942  115200
10.798  134880
10.798  97216
10.7989  171360
10.802  159120
10.8032  97216
10.8039  115200
10.8049  119280
10.8061  246980
10.8061  94800
10.807  269490
10.807  95836
10.8089  168270
10.812  177600
10.814  177600
10.8161  115200
10.8171  159120
10.819  144144
10.8221  115200
10.8278  176880
10.834  168270
10.838  168270
10.8402  95836
10.8461  177600
10.848  115200
10.849  119280
10.8521  118016
10.8528  137040
10.854  159120
10.855  177600
10.8552  168270
10.8571  119280
10.8578  177600
10.86  168270
10.8609  168270
10.865  139230
10.8702  164220
10.8731  168270
10.8769  95836
10.8771  115200
10.879  246980
10.8831  120744
10.8831  158160
10.89  165816
10.8922  177600
10.8931  168270
10.8969  246980
10.8981  168270
10.905  110880
10.905  168270
10.9179  168270
10.9241  168270
10.9279  95836
10.9289  115200
10.9291  168270
10.9382  95836
10.9401  164667
10.9451  168270
10.946  268812
10.9479  95836
10.952  168270
10.9539  168270
10.9639  95836
10.9718  165816
10.973  168270
10.9739  269490
10.9811  95836
10.993  170400
10.998  95836
10.999  115200
10.9992  168270
10.9999  115200
11.003  246980
11.0099  120744
11.0128  168270
11.014  119280
11.014  95836
11.0159  118272
11.018  118272
11.0211  176880
11.0228  120744
11.025  120744
11.0259  120744
11.03  165816
11.044  95836
11.045  119280
11.045  120744
11.0469  177600
11.0478  115200
11.0521  177600
11.0531  148986
11.061  168270
11.0641  119280
11.066  120744
11.0669  120744
11.0672  95836
11.075  119280
11.075  177600
11.0819  120744
11.0829  246980
11.09  120744
11.09  164220
11.101  120744
11.106  131520
11.1129  246980
11.117  144144
11.117  269490
11.1411  115200
11.1411  120744
11.1451  246980
11.1539  95836
11.1558  134880
11.158  269490
11.162  177600
11.162  95836
11.163  119280
11.1699  246980
11.1721  168270
11.178  144144
11.1799  120744
11.188  269490
11.189  119280
11.1899  246980
11.193  120744
11.1971  161520
11.2009  118272
11.2021  118272
11.205  176880
11.209  119280
11.2121  95836
11.214  218400
11.214  268812
11.2162  95836
11.2228  177600
11.2231  120744
11.2231  144144
11.234  176880
11.2422  226070
11.2479  118272
11.2481  119280
11.2681  134880
11.272  272052
11.2779  120744
11.2789  168270
11.2839  134880
11.2841  165816
11.287  119280
11.2891  148986
11.2982  119280
11.312  144240
11.3239  132468
11.328  119280
11.3289  119280
11.3399  177600
11.3401  134880
11.3401  269490
11.3461  134880
11.3549  177600
11.359  144144
11.3621  118272
11.368  176880
11.3699  134880
11.3709  119280
11.384  109680
11.385  118272
11.3871  119280
11.3971  119280
11.4  119280
11.4031  246980
11.4038  119280
11.4079  177600
11.409  120744
11.4162  120744
11.4191  177600
11.4241  177600
11.426  118272
11.4281  119280
11.4288  118272
11.436  134880
11.4419  168270
11.456  118272
11.4591  144240
11.461  120744
11.4632  120744
11.4689  246980
11.4772  176880
11.4779  171360
11.4899  167960
11.4911  127680
11.503  230910
11.508  176880
11.5089  118272
11.5111  177600
11.523  134880
11.523  168270
11.5252  269490
11.5311  119280
11.5399  119280
11.5449  119280
11.549  120744
11.5519  137040
11.559  126480
11.5631  153840
11.569  134880
11.5712  119280
11.58  119280
11.6019  134880
11.6029  134880
11.6041  167960
11.6141  110880
11.615  134880
11.615  134880
11.62  134880
11.6239  119280
11.6241  168270
11.6301  134880
11.632  171360
11.6339  137040
11.6382  120744
11.646  144144
11.646  170400
11.651  246980
11.6532  134880
11.6601  133680
11.6749  143370
11.6761  177600
11.683  157920
11.6951  133920
11.7018  269490
11.704  201840
11.708  119280
11.7121  246980
11.729  119280
11.729  134880
11.759  134880
11.764  177600
11.7731  177600
11.7779  177600
11.8108  133440
11.812  119280
11.8132  134880
11.822  250328
11.8232  137040
11.8241  118272
11.8279  168270
11.8279  269490
11.8361  177600
11.8411  137040
11.8499  134880
11.8499  168270
11.8561  134880
11.857  171360
11.883  137040
11.905  246980
11.91  137040
11.91  144144
11.9169  176880
11.9178  177600
11.9178  269490
11.9269  131760
11.94  134880
11.9472  139230
11.9569  139230
11.972  118272
11.9741  134880
11.9789  202800
11.9798  118272
11.9841  134880
11.9929  119280
12.0099  139230
12.0101  134880
12.0289  134880
12.0358  144144
12.043  134880
12.054  134880
12.0618  177600
12.0749  123392
12.0759  137040
12.0759  268812
12.0811  269490
12.0828  168696
12.095  176880
12.1012  269490
12.1081  170400
12.1109  176880
12.12  134880
12.12  269490
12.1229  127680
12.1241  134880
12.126  134880
12.1288  176880
12.1331  134880
12.14  144144
12.162  177600
12.1679  134880
12.1679  268812
12.171  177600
12.172  134880
12.172  146340
12.176  118272
12.1779  119280
12.1989  134880
12.2099  134880
12.2249  134880
12.2259  159120
12.2271  134880
12.243  134880
12.248  134880
12.2519  134880
12.255  134880
12.2559  134880
12.2578  118272
12.2681  134880
12.2702  144240
12.279  148986
12.284  134880
12.2881  177600
12.3038  137040
12.306  137040
12.3079  134880
12.3138  134880
12.3191  177600
12.326  269490
12.3401  134880
12.3529  134880
12.356  134880
12.356  146340
12.356  153840
12.3589  164220
12.362  134880
12.3639  134880
12.3639  134880
12.3641  129120
12.3751  149040
12.3799  134880
12.387  137040
12.387  269490
12.392  134880
12.392  153840
12.3959  144144
12.3968  168270
12.398  177600
12.403  148986
12.4071  177600
12.409  139230
12.4111  134880
12.418  134880
12.4199  134880
12.424  134880
12.424  134880
12.4378  134880
12.4469  134880
12.4509  134880
12.4562  134880
12.4581  177600
12.4619  246980
12.4629  134880
12.464  134880
12.4669  134880
12.4679  137040
12.4741  134880
12.48  124800
12.48  143040
12.4938  139230
12.5091  134880
12.512  137040
12.512  144144
12.5139  134880
12.5141  118017
12.516  146340
12.517  134880
12.5198  134880
12.5239  168270
12.5251  134880
12.5279  134880
12.531  134880
12.532  138000
12.5329  134880
12.5399  138000
12.5408  144144
12.542  134880
12.553  137040
12.563  287760
12.567  134880
12.5802  252015
12.5821  134880
12.598  137040
12.5999  144144
12.6119  134880
12.625  137040
12.625  137040
12.6469  124800
12.65  144144
12.6531  106320
12.655  137040
12.671  134880
12.677  132468
12.6848  144144
12.686  168270
12.6941  134880
12.697  177600
12.7039  134880
12.7048  134880
12.7361  132468
12.738  177600
12.7409  246980
12.749  134880
12.749  143370
12.763  134880
12.7699  134880
12.7728  134880
12.7761  144144
12.78  144144
12.7861  144144
12.7931  144144
12.7931  156332
12.795  177600
12.7978  134880
12.8019  176880
12.8069  144144
12.8071  168270
12.8171  144144
12.82  177600
12.821  137040
12.825  143040
12.8269  144144
12.84  132468
12.8469  139230
12.8489  246980
12.852  144144
12.8751  137040
12.876  137040
12.876  146340
12.882  134880
12.8829  146340
12.913  144144
12.9192  134880
12.9192  144144
12.923  144144
12.924  134880
12.9299  226179
12.943  177600
12.9471  133440
12.949  202560
12.9499  164220
12.954  134880
12.954  134880
12.954  177600
12.954  314084
12.9569  131760
12.96  167520
12.9621  134880
12.9659  137040
12.9662  314084
12.9702  144144
12.9712  164220
12.9731  250328
12.9881  144144
12.9941  167520
13.005  143280
13.006  144144
13.01  177600
13.016  144144
13.016  168270
13.02  134880
13.031  144144
13.037  133500
13.037  134880
13.0379  168270
13.042  134880
13.046  133500
13.046  176880
13.052  144144
13.0548  246980
13.056  134880
13.062  144144
13.062  220000
13.0649  160080
13.0701  139230
13.072  134880
13.078  134880
13.0858  137040
13.0861  134880
13.0961  134880
13.0961  176880
13.099  144144
13.1061  177600
13.109  139230
13.1218  134880
13.124  133500
13.1252  314084
13.1259  134880
13.129  137040
13.1381  143370
13.16  144144
13.1619  134880
13.1621  164667
13.1631  168270
13.17  144144
13.1729  237360
13.1791  314084
13.1829  137040
13.1879  144144
13.1879  314084
13.1881  177600
13.1941  168270
13.196  144144
13.1991  144144
13.2029  161520
13.211  168270
13.2179  177600
13.2201  133500
13.2239  143040
13.226  134880
13.2289  144144
13.2301  168270
13.2339  144144
13.2401  177600
13.2411  134880
13.252  134880
13.253  246980
13.2551  143370
13.2561  143040
13.2608  137040
13.2611  160080
13.2639  134880
13.2661  144144
13.274  144144
13.274  144144
13.289  137040
13.294  144144
13.2971  144144
13.2999  168270
13.3131  134880
13.319  137040
13.324  176880
13.3271  246980
13.3381  246980
13.3419  171360
13.344  134880
13.345  229244
13.35  144240
13.3522  134880
13.361  168270
13.371  137040
13.376  137040
13.3982  164220
13.413  167520
13.4161  177600
13.4211  246980
13.4361  164220
13.442  177600
13.443  134880
13.4439  144144
13.4459  137040
13.4611  144144
13.4659  153840
13.468  144144
13.468  165816
13.469  230163
13.4711  161520
13.4728  246980
13.474  144144
13.4771  149040
13.4811  203280
13.484  246980
13.485  137040
13.4852  156332
13.5  167508
13.504  168270
13.5059  144240
13.52  159120
13.5229  165816
13.5241  156332
13.5291  176880
13.531  250328
13.5319  144144
13.536  153840
13.5398  269490
13.5441  177600
13.546  167520
13.5469  148080
13.5469  171360
13.5591  149040
13.577  168270
13.5839  134880
13.587  161520
13.5901  148560
13.5901  176880
13.6211  246980
13.622  162432
13.6292  176880
13.638  168270
13.639  246980
13.6411  250328
13.643  168270
13.649  144144
13.654  143040
13.6549  144144
13.6571  169200
13.6621  250328
13.6709  246980
13.675  164667
13.68  334161
13.6821  177600
13.6821  246980
13.6821  250328
13.684  246980
13.6878  118272
13.6919  167520
13.694  164220
13.6981  150000
13.7  246980
13.705  164220
13.7131  246980
13.7172  144144
13.725  177600
13.741  177600
13.746  314084
13.747  168270
13.7529  144144
13.7551  246980
13.7589  250328
13.761  143040
13.7632  156332
13.7651  156332
13.777  144144
13.7811  230412
13.7861  134880
13.7861  164667
13.7889  159120
13.792  168270
13.793  269490
13.7942  156332
13.797  144144
13.798  144144
13.803  177600
13.804  144144
13.8049  149040
13.8068  176880
13.8099  177600
13.8109  176880
13.8109  246980
13.813  269490
13.819  150000
13.8211  144144
13.8211  168270
13.823  143040
13.824  144144
13.8259  280800
13.829  156332
13.8311  144144
13.834  164220
13.8359  177600
13.8361  161520
13.8409  167760
13.8621  177600
13.869  168270
13.8741  156332
13.8741  177600
13.8741  246980
13.8819  144144
13.8891  143280
13.89  175680
13.8988  246980
13.901  143280
13.9048  143280
13.9079  287760
13.911  246980
13.9151  314084
13.9332  168270
13.936  246980
13.9441  168270
13.9489  168270
13.952  171360
13.9561  168270
13.958  168270
13.9649  144144
13.9661  164220
13.9668  144144
13.967  168270
13.9751  168696
13.9802  144144
13.9821  177600
13.984  144144
13.989  144144
13.994  246980
14.0018  134880
14.01  143280
14.0131  168696
14.014  146340
14.02  144144
14.0312  168270
14.0321  176880
14.0469  144240
14.0469  168270
14.05  231906
14.0538  164220
14.0541  168696
14.055  144144
14.056  170400
14.0579  177600
14.0691  314084
14.075  269490
14.0789  171360
14.08  144144
14.0831  177600
14.0839  177600
14.0851  144144
14.0922  250328
14.0939  171360
14.097  277680
14.116  177600
14.1199  170400
14.1201  168270
14.1239  144144
14.1289  168270
14.132  159120
14.133  144144
14.1339  168270
14.1339  246980
14.1339  246980
14.1439  246980
14.1571  144144
14.1571  168270
14.164  246980
14.169  168696
14.173  144240
14.173  144240
14.173  144480
14.1802  164667
14.1881  250328
14.1921  177600
14.195  168270
14.1981  143280
14.199  144144
14.2059  168270
14.2109  168270
14.2169  168270
14.2229  176880
14.2269  237840
14.2281  168270
14.23  144240
14.231  269490
14.2391  160080
14.241  246980
14.251  144144
14.261  250328
14.262  250328
14.2689  176880
14.2729  148986
14.2751  149040
14.277  156332
14.287  168270
14.287  176880
14.2961  169200
14.2961  177600
14.298  148986
14.3089  161520
14.3099  160080
14.3151  168270
14.3161  168270
14.3211  168270
14.328  168270
14.329  230910
14.3311  246980
14.338  168270
14.3399  168270
14.3471  168270
14.3471  177600
14.348  168270
14.349  177600
14.3499  161520
14.3509  144240
14.3521  177600
14.354  177600
14.3549  176880
14.3569  165816
14.3569  177600
14.3659  177600
14.374  161520
14.3819  148986
14.3881  168270
14.39  168696
14.3912  176880
14.3971  314084
14.401  177600
14.4031  144240
14.405  161520
14.4069  176880
14.416  168696
14.4219  171360
14.4231  168270
14.4241  314084
14.432  124800
14.432  168270
14.436  177600
14.4398  177600
14.4448  177600
14.446  314084
14.4479  177600
14.4489  246980
14.452  177600
14.4539  148986
14.462  168270
14.4651  146340
14.467  176880
14.468  176880
14.468  177600
14.4711  177600
14.4711  250328
14.477  176880
14.4849  160080
14.488  168300
14.4889  168270
14.4899  250328
14.492  269490
14.4961  202080
14.4989  168270
14.503  159120
14.5051  168696
14.508  168270
14.508  314084
14.5109  176880
14.5121  165816
14.5161  176880
14.518  168270
14.5209  168270
14.524  177600
14.5242  314084
14.5259  222960
14.5319  168270
14.5321  268812
14.5369  168270
14.54  168270
14.54  168270
14.5421  168270
14.55  119280
14.5512  171360
14.554  161520
14.555  177600
14.564  168270
14.5681  159120
14.5741  176880
14.576  230160
14.5769  148560
14.5769  171360
14.5781  314084
14.5922  269490
14.595  177600
14.595  177600
14.596  156332
14.5969  168270
14.5988  246980
14.5991  246980
14.6089  161520
14.617  167508
14.617  168270
14.6179  161520
14.6189  132468
14.6229  168270
14.6248  314084
14.6279  177600
14.6279  177600
14.632  168270
14.636  246980
14.6389  168270
14.658  246980
14.6582  160080
14.6599  168270
14.662  168270
14.662  168270
14.662  168696
14.6661  321822
14.6689  160080
14.6751  168270
14.679  168270
14.6799  175680
14.684  164160
14.6849  148986
14.6878  177600
14.6961  229501
14.6968  176880
14.699  148986
14.699  177600
14.7021  168270
14.704  120744
14.7152  159120
14.72  269490
14.7219  168270
14.7252  168270
14.7281  246980
14.7338  168696
14.734  177600
14.7359  168270
14.7388  168696
14.745  168270
14.7588  159120
14.761  314084
14.7622  268812
14.765  157440
14.7691  170400
14.7789  164220
14.782  164220
14.7889  246980
14.7898  176880
14.797  213360
14.7989  148986
14.7991  177600
14.807  165816
14.8098  170400
14.8108  314084
14.8129  269490
14.822  168270
14.8249  168270
14.827  168270
14.8299  165816
14.833  168270
14.8411  164220
14.842  168696
14.853  176880
14.8671  168300
14.8811  177600
14.8821  164220
14.8859  160080
14.9009  241920
14.904  164667
14.9059  168300
14.9069  236640
14.9171  159120
14.924  165816
14.9291  164220
14.9329  168270
14.936  269490
14.9441  156332
14.9441  164220
14.9488  177600
14.9491  268812
14.95  165816
14.951  168270
14.957  168696
14.9579  239040
14.9641  156960
14.9641  176880
14.966  177600
14.967  164220
14.967  268812
14.9691  118272
14.972  167520
14.9729  168270
14.9729  268812
14.9739  168270
14.977  161520
14.9779  156332
14.9782  175680
14.9789  168270
14.9808  164220
14.982  176880
14.9829  168270
14.998  164220
15.0049  229501
15.007  176880
15.0092  177600
15.0101  167520
15.017  168270
15.034  165816
15.0402  156332
15.0509  177600
15.0559  269490
15.0621  165816
15.0621  165816
15.063  269490
15.0728  167520
15.089  177600
15.0928  268812
15.095  269490
15.0971  165816
15.1088  161520
15.12  177600
15.121  176880
15.1291  170400
15.132  168270
15.136  168696
15.1439  171360
15.1441  168270
15.1441  168270
15.1451  164667
15.1451  177600
15.1498  165816
15.1501  156332
15.151  168270
15.1582  168270
15.162  269490
15.167  176880
15.1711  168270
15.1739  165816
15.1758  156960
15.177  269490
15.1789  165816
15.182  156332
15.182  235440
15.1842  269490
15.187  176880
15.1908  177600
15.193  177600
15.1958  156332
15.202  168270
15.209  161520
15.209  177600
15.2109  168270
15.214  269490
15.2171  176880
15.218  167520
15.219  168270
15.219  246980
15.2242  156332
15.2268  171360
15.2271  177600
15.2311  168300
15.2371  168270
15.244  177600
15.2471  176880
15.2509  269490
15.2531  177600
15.2569  168270
15.2609  177600
15.2631  156332
15.265  171360
15.2671  176880
15.2738  168270
15.2779  167520
15.2829  237120
15.2831  276720
15.2841  168696
15.2841  171360
15.2991  242778
15.3  170400
15.3031  177600
15.3069  167960
15.3098  272052
15.312  168300
15.3129  272052
15.3148  272052
15.316  156960
15.317  168270
15.317  168696
15.3172  250838
15.3201  161520
15.321  168270
15.3239  168696
15.3239  177600
15.3248  168696
15.327  164667
15.331  177600
15.3339  168696
15.3458  167960
15.347  168696
15.348  170400
15.3501  168270
15.3511  170400
15.352  167508
15.352  168270
15.3549  168270
15.3549  168696
15.3558  134880
15.3558  268812
15.3561  168270
15.3568  168696
15.368  170400
15.3692  168270
15.3711  161520
15.3711  167508
15.3711  242730
15.3751  246980
15.378  168300
15.378  177600
15.3861  177600
15.3871  170400
15.388  250328
15.3918  165816
15.3921  168270
15.393  177600
15.3971  167960
15.3971  168270
15.4021  167508
15.4021  246980
15.4099  246980
15.4121  168270
15.414  176880
15.4178  168270
15.4181  221382
15.4209  176880
15.4221  247200
15.4238  167508
15.425  168270
15.425  168270
15.4271  168696
15.429  177600
15.4319  168270
15.4319  177600
15.434  177600
15.439  161520
15.44  177600
15.4409  168270
15.445  176880
15.4462  167508
15.4469  176880
15.449  168270
15.449  314084
15.45  168270
15.45  168696
15.451  158160
15.4541  168270
15.455  168270
15.455  176880
15.456  177600
15.4569  168696
15.4569  170400
15.46  168300
15.4612  168270
15.4622  269490
15.4629  168270
15.4631  156960
15.465  177600
15.4669  168270
15.4691  168270
15.47  177600
15.4722  168270
15.4741  161520
15.4741  165816
15.4769  168270
15.4769  168696
15.4779  167508
15.481  168300
15.4822  168270
15.4829  314084
15.486  168270
15.4872  177600
15.4881  177600
15.4929  168270
15.4929  168270
15.4948  177600
15.497  168270
15.4979  170400
15.4989  177600
15.4991  168270
15.501  168270
15.501  168696
15.506  168270
15.5079  168270
15.5089  170400
15.511  168696
15.511  246980
15.5151  177600
15.516  168270
15.518  168270
15.521  164220
15.521  168696
15.523  168270
15.5251  168270
15.5261  176880
15.5299  168270
15.5299  168300
15.532  165816
15.532  168270
15.532  168270
15.5361  167508
15.5361  177600
15.537  168270
15.538  168270
15.538  168270
15.5389  168270
15.543  168270
15.543  168270
15.5449  168696
15.548  177600
15.5489  170400
15.5492  177600
15.5499  168270
15.5499  314084
15.552  168270
15.553  168270
15.554  177600
15.5549  168270
15.5551  177600
15.5571  168270
15.5571  176880
15.558  167508
15.559  168696
15.5599  170400
15.5599  177600
15.5609  168270
15.5649  177600
15.5659  177600
15.5668  170400
15.5668  246980
15.5699  138000
15.5718  167508
15.573  170400
15.574  176880
15.5742  168696
15.5742  177600
15.5761  168270
15.5768  168270
15.5768  177600
15.578  168270
15.578  168696
15.579  177600
15.579  177600
15.5809  170400
15.5828  168270
15.583  168270
15.5859  168270
15.5869  177600
15.5909  171360
15.5921  165816
15.5931  168270
15.5931  177600
15.5931  177600
15.595  168270
15.5971  168270
15.599  168270
15.599  168270
15.599  177600
15.599  177600
15.6009  168270
15.6021  165816
15.6028  168270
15.6071  177600
15.609  176880
15.6102  177600
15.6121  170400
15.614  168270
15.614  176880
15.615  168270
15.6152  159120
15.6169  177600
15.6188  176880
15.619  168270
15.62  168270
15.6229  168270
15.6231  269490
15.626  168270
15.6329  168270
15.6331  168270
15.6331  168300
15.6338  176880
15.635  168696
15.6369  168270
15.64  258240
15.6419  168270
15.6438  168300
15.6441  165816
15.6441  177600
15.6472  170400
15.6538  167508
15.656  168270
15.6591  177600
15.6648  170400
15.666  168270
15.666  169669
15.6682  167508
15.6691  167508
15.6691  246240
15.671  177600
15.6739  177600
15.6751  168696
15.6779  168270
15.6779  177600
15.6789  168270
15.6801  168270
15.6801  168270
15.681  167508
15.682  168696
15.6829  165816
15.6829  176880
15.692  171360
15.6929  177600
15.6939  168270
15.6939  177600
15.6951  168270
15.697  177600
15.698  176880
15.6999  283920
15.7008  168270
15.702  165816
15.703  165816
15.7058  250328
15.712  168270
15.712  177600
15.712  272052
15.7158  168270
15.718  176880
15.7242  161520
15.7371  168270
15.7371  168270
15.738  168270
15.7392  168270
15.7461  168270
15.7471  177600
15.748  168270
15.748  168270
15.753  177600
15.754  168270
15.7561  168270
15.759  168270
15.759  176880
15.7652  177600
15.769  168270
15.77  177600
15.774  177600
15.774  177600
15.784  177600
15.785  168270
15.7859  177600
15.7871  177600
15.7971  168270
15.7988  168270
15.801  168270
15.8019  168270
15.8021  167508
15.805  270240
15.8122  168270
15.8138  176880
15.816  159120
15.816  167520
15.8169  167508
15.8181  168270
15.8181  168270
15.8181  176880
15.8191  159120
15.8198  177600
15.8229  168270
15.8231  168270
15.826  177600
15.8279  168270
15.8398  161520
15.8448  176880
15.8501  177600
15.852  168270
15.8532  176880
15.8539  168270
15.8558  168270
15.856  177600
15.8598  168270
15.866  177600
15.867  177600
15.8749  159120
15.8749  177600
15.8839  177600
15.8858  177600
15.887  170400
15.8899  177600
15.8911  168270
15.8939  177600
15.8999  168270
15.8999  177600
15.9009  168270
15.908  168270
15.9121  168270
15.913  177600
15.9149  177600
15.9171  144144
15.9211  177600
15.9221  229440
15.923  177600
15.9268  177600
15.928  168270
15.928  246980
15.929  177600
15.9321  314084
15.939  165816
15.9421  170400
15.9428  168270
15.944  177600
15.9481  168300
15.954  177600
15.9569  269490
15.959  177600
15.96  168270
15.965  177600
15.9678  219840
15.9681  177600
15.969  177600
15.97  168696
15.97  177600
15.9719  168270
15.9791  168270
15.98  177600
15.9841  159120
15.9881  168270
15.991  168270
15.9979  165816
15.9991  246980
16.001  177600
16.0019  168270
16.0041  134880
16.011  177600
16.012  168270
16.0131  168270
16.0148  168270
16.0182  168270
16.0182  168270
16.021  168270
16.022  134880
16.0339  168270
16.0348  170400
16.047  168270
16.048  168270
16.0511  274800
16.053  168270
16.057  177600
16.078  253440
16.0871  168270
16.0892  246980
16.093  314084
16.0968  177600
16.1009  168270
16.1011  168270
16.1068  177600
16.1159  177600
16.1209  177600
16.1221  177600
16.1231  165816
16.13  177600
16.1381  165816
16.139  250328
16.144  165816
16.1469  177600
16.1581  168270
16.1619  246980
16.1898  177600
16.197  168270
16.1979  246980
16.2029  168270
16.2129  246980
16.2139  343689
16.223  168270
16.2258  168270
16.2511  168270
16.2621  168270
16.2659  177600
16.279  246980
16.2821  115200
16.2909  137040
16.2911  177600
16.3081  253200
16.3331  168270
16.3391  168270
16.3429  177600
16.345  177600
16.356  272052
16.3822  153972
16.387  245000
16.392  177600
16.392  95836
16.4239  144144
16.4351  177600
16.494  249424
16.505  168270
16.536  269490
16.5401  269490
16.547  168270
16.578  144144
16.5782  314084
16.5889  268812
16.6221  209760
16.6268  256053
16.674  246980
16.6872  246980
16.691  273840
16.6948  232653
16.7031  269490
16.7141  314084
16.7179  246980
16.7561  213840
16.7918  269490
16.7952  250328
16.8021  269490
16.8171  269490
16.819  167508
16.88  246980
16.881  314084
16.8839  269490
16.9311  234960
16.978  359010
16.989  171360
17.0062  314084
17.0152  269490
17.0181  115200
17.0619  269490
17.071  246980
17.0741  168270
17.0751  246980
17.0951  199920
17.1452  246980
17.1499  314084
17.1521  177600
17.19  268812
17.2091  314084
17.2138  144144
17.2181  269490
17.236  168270
17.247  269490
17.256  271680
17.2889  250328
17.292  268812
17.3101  314084
17.3631  314084
17.369  230160
17.3838  176880
17.3888  246980
17.437  269490
17.4539  246980
17.5128  314084
17.5319  283410
17.5531  269490
17.5648  246980
17.5819  204960
17.5891  250328
17.6191  349575
17.6289  246980
17.6291  168270
17.6618  314084
17.7081  205440
17.7691  246980
17.801  177600
17.802  314084
17.807  133440
17.812  268812
17.8409  334161
17.8502  168270
17.8812  314084
17.8978  246980
17.911  314084
17.915  269490
17.9191  246980
17.9379  314084
17.9451  314084
17.9689  314084
17.972  314084
18.0018  170400
18.0089  314084
18.039  314084
18.0428  314084
18.0502  246980
18.0519  245820
18.055  250328
18.059  168270
18.0759  177600
18.0819  171360
18.095  314084
18.1201  314084
18.1229  168270
18.126  314084
18.1429  314084
18.1451  314084
18.1501  202800
18.1658  314084
18.177  250328
18.189  168270
18.2259  160080
18.2261  269490
18.2369  246980
18.239  268812
18.2409  314084
18.245  168270
18.2762  149556
18.291  246980
18.292  246980
18.2939  314084
18.3051  246980
18.3442  158160
18.3568  314084
18.3718  268812
18.3749  246980
18.3911  246980
18.3918  177600
18.4331  168270
18.4331  334161
18.435  314084
18.441  269490
18.4419  168270
18.4798  246980
18.4898  246980
18.5051  159120
18.5299  233217
18.532  314084
18.544  223399
18.5468  246980
18.5478  246980
18.5752  167960
18.5878  210480
18.609  246980
18.616  177600
18.6298  266160
18.6398  228352
18.6429  246980
18.6658  268812
18.6689  246980
18.671  250328
18.6751  246980
18.6911  269490
18.7061  269490
18.7192  268812
18.7221  246980
18.7321  269490
18.748  250328
18.749  246980
18.7552  246980
18.7681  246980
18.784  314084
18.815  314084
18.8558  165816
18.8711  159120
18.8739  246980
18.878  246980
18.889  246980
18.8899  246980
18.899  246980
18.908  177600
18.9259  250328
18.961  246980
18.966  269490
18.976  201600
18.9779  462168
18.9791  269490
18.9879  246980
18.9879  246980
18.9939  245862
19.001  462168
19.0051  246980
19.006  246980
19.0089  177600
19.0108  272052
19.0151  229758
19.017  246980
19.021  269490
19.0299  246980
19.0411  246980
19.043  203520
19.057  246980
19.0659  269490
19.0749  250328
19.0852  246980
19.0871  246980
19.0911  177600
19.1009  246980
19.1228  250328
19.1278  314084
19.1331  246980
19.134  250328
19.1431  230160
19.1491  246980
19.1572  250328
19.1619  228608
19.172  246980
19.1879  246980
19.1932  462168
19.1941  254184
19.1991  246980
19.208  269490
19.2208  255360
19.2609  229416
19.2728  246980
19.274  314084
19.2831  246980
19.2981  274080
19.3  269490
19.351  224934
19.3748  268812
19.3841  246980
19.388  246980
19.3889  246980
19.3951  250328
19.408  250328
19.408  314084
19.4149  314084
19.423  314084
19.428  314084
19.4352  246980
19.4359  269490
19.438  246980
19.4409  235920
19.4471  268812
19.4502  287760
19.453  246980
19.4571  139230
19.484  228352
19.49  269490
19.491  236640
19.506  215760
19.5079  269490
19.537  201120
19.542  246980
19.5701  269490
19.5749  272052
19.5861  268812
19.6059  314084
19.6078  268812
19.609  212880
19.6199  269490
19.623  462168
19.63  269490
19.6559  217496
19.659  268812
19.66  269490
19.6609  269490
19.665  134880
19.666  202080
19.6691  246980
19.6979  269490
19.726  246980
19.7289  314084
19.7301  287760
19.7361  246980
19.7411  250328
19.7551  250328
19.7599  246980
19.779  227205
19.784  246980
19.7868  250328
19.789  314084
19.8219  214320
19.8221  269490
19.8271  246980
19.8319  314084
19.8359  246980
19.8421  269490
19.8541  249120
19.8588  269490
19.8598  269490
19.865  204480
19.8691  208080
19.877  250328
19.8789  287760
19.917  203280
19.922  220000
19.922  246980
19.922  269490
19.9292  269490
19.9521  246980
19.9611  221382
19.9621  287760
19.963  228096
19.98  246980
19.9969  399516
20.0059  246980
20.0071  250328
20.0121  268812
20.016  246980
20.052  223920
20.0579  246980
20.0589  246980
20.0639  229501
20.0748  246980
20.077  246980
20.0789  314084
20.088  268812
20.0908  215040
20.0911  314084
20.092  246980
20.103  314084
20.1149  213840
20.118  228096
20.1201  246980
20.1209  250328
20.124  272052
20.1261  230652
20.1271  314084
20.128  314084
20.139  246980
20.143  246980
20.1821  246980
20.205  272052
20.206  268812
20.21  246980
20.225  269490
20.2279  314084
20.2298  167508
20.2351  268812
20.2382  246980
20.2389  269490
20.2489  269490
20.263  268812
20.2711  287760
20.2761  250328
20.277  224917
20.3071  246980
20.3099  204480
20.3111  268812
20.3152  269490
20.3218  268812
20.33  272052
20.3311  250328
20.3338  268812
20.335  207360
20.3369  272052
20.3402  246980
20.3459  246980
20.3469  227460
20.355  250328
20.3609  227205
20.366  246980
20.3741  246980
20.376  246980
20.376  268812
20.3869  250328
20.3888  246980
20.396  250328
20.401  246980
20.4089  228352
20.4101  246980
20.412  250328
20.4139  250328
20.4151  246980
20.4151  462168
20.4232  269490
20.442  246980
20.4439  246980
20.463  246980
20.4771  246980
20.493  246980
20.4959  246980
20.4999  246980
20.5019  246980
20.503  227205
20.5071  228352
20.5171  314084
20.52  246980
20.5331  314084
20.5491  269490
20.5588  269490
20.57  246980
20.5729  238073
20.5829  246980
20.587  260160
20.602  269490
20.611  246980
20.6139  246980
20.623  246980
20.6242  246980
20.653  246980
20.6549  246980
20.658  246980
20.659  246980
20.659  246980
20.6771  246980
20.679  227840
20.679  250328
20.6819  269490
20.6869  250328
20.689  246980
20.69  269490
20.6931  250328
20.694  269490
20.6981  399516
20.7  246980
20.7012  246980
20.7088  246980
20.71  246980
20.7162  246980
20.72  246980
20.7281  246980
20.7391  246980
20.7419  230652
20.7431  241680
20.7479  228352
20.7489  229244
20.7541  222480
20.7589  246980
20.772  246980
20.7789  220000
20.7829  246980
20.787  268812
20.793  246980
20.798  246980
20.7999  246980
20.8001  314084
20.807  246980
20.808  246980
20.8151  250328
20.8299  246980
20.839  246980
20.8399  246980
20.8411  246980
20.844  246980
20.8449  246980
20.8561  246980
20.8561  246980
20.8609  246980
20.8681  227460
20.8721  314084
20.88  250328
20.8831  246980
20.8831  268812
20.889  246980
20.891  246980
20.8941  399516
20.9  246980
20.9022  314084
20.9081  269490
20.9141  246980
20.916  246980
20.92  250328
20.925  262080
20.9422  272052
20.9429  246980
20.9451  462168
20.946  247491
20.9522  269490
20.9541  272052
20.956  246980
20.957  269490
20.962  246980
20.9711  268812
20.9742  246980
20.9758  227205
20.977  246980
20.9789  250328
20.9851  246980
20.987  269490
20.988  246980
20.997  243360
20.998  239280
21.0018  246980
21.004  246980
21.0121  209520
21.013  246980
21.0161  246980
21.018  268812
21.0199  314084
21.0209  246980
21.024  272052
21.0261  246980
21.0359  246980
21.0369  246980
21.0371  218622
21.045  246980
21.045  268812
21.0509  246980
21.0509  268812
21.0519  230136
21.0719  246980
21.0869  246980
21.0872  272052
21.0938  250328
21.096  231028
21.101  250328
21.112  246980
21.1148  246980
21.1279  250328
21.147  272052
21.153  246980
21.1549  250328
21.1601  246980
21.1651  246980
21.167  229501
21.172  229758
21.173  269490
21.1792  268812
21.1871  246980
21.194  250328
21.198  250328
21.204  269490
21.2049  246980
21.214  272052
21.225  246980
21.229  269490
21.2379  246980
21.2471  232440
21.2491  246980
21.251  269490
21.2519  246980
21.265  250328
21.2698  250328
21.2898  314084
21.3091  246980
21.3249  242176
21.3251  250328
21.3358  250328
21.3408  226314
21.3418  246980
21.349  227840
21.3521  246980
21.3661  314084
21.3721  268812
21.3799  250328
21.3909  269490
21.3959  245040
21.3971  246980
21.3981  246980
21.404  250328
21.4059  245040
21.4071  250328
21.4159  221040
21.419  314084
21.436  246980
21.4369  250328
21.4391  227460
21.446  250328
21.4601  246980
21.4808  246980
21.4829  246980
21.4851  246980
21.4958  246980
21.502  231805
21.5082  268812
21.518  246980
21.524  246980
21.5311  239700
21.5371  250328
21.5399  250328
21.5399  250328
21.5518  269490
21.56  242944
21.5631  250328
21.5678  269490
21.5731  250328
21.5769  250328
21.59  246980
21.5909  228096
21.5919  230652
21.5931  229501
21.595  231546
21.596  250328
21.615  243360
21.6331  269490
21.6351  250328
21.636  241995
21.637  269490
21.6658  269490
21.678  314084
21.682  269490
21.7009  272052
21.7021  227840
21.7311  285600
21.733  230910
21.734  242060
21.7419  230652
21.7459  269490
21.7559  314084
21.76  229758
21.76  250328
21.765  334161
21.7781  246980
21.7829  269490
21.795  250328
21.8041  250328
21.805  230015
21.827  247167
21.831  231287
21.8341  269490
21.836  243122
21.847  252720
21.8489  269490
21.8558  250328
21.8711  241680
21.8818  269490
21.8821  277440
21.894  269490
21.8959  276192
21.9049  269490
21.9059  228608
21.9259  250328
21.9269  230652
21.9269  250328
21.951  250328
21.9538  230394
21.9851  269490
21.986  250328
21.9922  230652
21.9941  269490
22.0001  220000
22.0029  227424
22.006  462168
22.0079  269490
22.012  246240
22.0199  252480
22.0211  269490
22.0311  314084
22.0389  230394
22.042  230136
22.053  229244
22.053  246980
22.0549  268812
22.0551  250328
22.058  244080
22.0652  230652
22.069  232323
22.0799  399516
22.0809  246980
22.085  314084
22.0909  269490
22.0919  269490
22.094  232440
22.0952  225600
22.0959  399516
22.1012  269490
22.1019  330759
22.1021  269490
22.1078  269490
22.1081  250328
22.1109  244150
22.114  229244
22.13  247260
22.1341  269490
22.14  268812
22.15  269490
22.1651  269490
22.172  228352
22.193  228987
22.1939  237600
22.2039  269490
22.207  269490
22.2108  252720
22.2201  229501
22.2208  269490
22.222  230910
22.223  268812
22.2242  269490
22.2299  229244
22.239  250328
22.2521  228730
22.2631  228608
22.2712  228608
22.275  269490
22.2831  250328
22.2921  269490
22.2991  314084
22.3091  269490
22.315  269490
22.3172  229501
22.3322  256088
22.347  269490
22.352  248688
22.356  268812
22.362  250328
22.372  287760
22.3758  229758
22.3842  243840
22.392  268812
22.3958  269490
22.404  269490
22.404  269490
22.4061  230652
22.408  269490
22.4099  268812
22.4261  269490
22.434  230652
22.4621  272052
22.4631  255819
22.48  269490
22.4822  314084
22.4988  269490
22.507  231805
22.5079  314084
22.516  269490
22.5189  268812
22.5461  269490
22.5542  268812
22.5551  269490
22.5601  268812
22.573  314084
22.608  269490
22.6109  269490
22.613  246980
22.62  269490
22.6221  268812
22.6231  314084
22.629  269490
22.6331  231346
22.64  240480
22.6471  243840
22.6669  269490
22.6738  314084
22.681  269490
22.682  314084
22.6929  247234
22.7242  268812
22.7492  272052
22.754  272052
22.758  269490
22.7609  269490
22.7721  268812
22.7752  314084
22.779  399516
22.79  268812
22.799  243600
22.8121  314084
22.8181  314084
22.819  269490
22.8279  268812
22.8341  269490
22.8341  269490
22.8429  268812
22.8779  223440
22.8789  276240
22.8958  269490
22.8989  240611
22.913  269490
22.917  268812
22.923  269490
22.929  319016
22.9299  229501
22.939  314084
22.9461  269490
22.9468  269490
23.066  462168
23.0711  314084
23.082  230163
23.082  256560
23.0899  243360
23.129  268080
23.133  314084
23.1409  314084
23.1581  253092
23.164  287760
23.176  247483
23.1988  269490
23.206  247746
23.2301  269490
23.247  314084
23.2649  314084
23.2801  272052
23.3061  246980
23.3159  264537
23.3381  286560
23.3588  314084
23.3772  314084
23.387  272052
23.4692  314084
23.4859  314084
23.5  268812
23.526  314084
23.5739  314084
23.5851  232650
23.613  314084
23.6161  280320
23.618  314084
23.649  279600
23.6621  253650
23.6702  225360
23.6988  272052
23.7  314084
23.7329  314084
23.7589  314084
23.7629  314084
23.8242  314084
23.8349  272052
23.8459  314084
23.876  314084
23.8779  268080
23.881  254400
23.8941  287760
23.9141  287760
23.9182  287760
23.9601  462168
23.962  272052
23.9651  274320
24.009  247920
24.013  314084
24.014  314084
24.0319  246980
24.0431  253917
24.061  314084
24.0681  314084
24.0879  287760
24.0891  314084
24.096  279070
24.121  236262
24.1499  314084
24.164  314084
24.188  311696
24.2131  334161
24.214  462168
24.226  314084
24.2341  287760
24.236  462168
24.241  268800
24.286  314084
24.3099  314084
24.3299  314084
24.3411  271679
24.354  279360
24.405  314084
24.4341  314084
24.4451  272880
24.4591  240336
24.4701  258480
24.492  254640
24.5161  314084
24.5168  243002
24.5461  279360
24.55  310437
24.586  314084
24.6  314084
24.6139  277680
24.627  314084
24.6329  314084
24.6499  314084
24.6811  314084
24.688  265920
24.694  314084
24.739  314084
24.7929  228420
24.7998  314084
24.8091  258720
24.812  314084
24.816  314084
24.827  246980
24.828  314084
24.8358  334161
24.838  314084
24.9329  287040
24.9531  314084
24.965  314084
24.986  314084
25.013  287760
25.0251  314084
25.0258  314084
25.058  314084
25.0618  230652
25.0881  314084
25.1191  280560
25.1241  267120
25.161  314084
25.1689  314084
25.1861  276480
25.188  314084
25.1961  314084
25.214  263760
25.244  314084
25.2819  314084
25.285  287760
25.2881  314084
25.305  287760
25.3098  314084
25.31  314084
25.3131  230394
25.3289  287760
25.352  314084
25.4149  314084
25.439  462168
25.44  267600
25.475  314084
25.4881  314084
25.5239  281520
25.5349  286320
25.557  314084
25.5971  314084
25.6181  314084
25.6331  314084
25.656  314084
25.6999  222480
25.723  314084
25.7261  314084
25.7661  285840
25.7728  314084
25.8141  314084
25.8431  314084
25.8529  230652
25.8529  287760
25.8551  287760
25.866  266400
25.8958  314084
25.9321  314084
25.9449  557646
25.9609  287760
25.9681  314084
26.0091  314084
26.01  314084
26.0119  314084
26.0329  334161
26.057  314084
26.0711  314084
26.072  403727
26.0868  314084
26.124  314084
26.1321  246980
26.195  314084
26.2098  314084
26.221  314084
26.2239  314084
26.2249  314084
26.233  273120
26.252  462168
26.269  314084
26.273  314084
26.2771  314084
26.3  314084
26.3031  314084
26.304  292899
26.304  314084
26.3138  314084
26.3379  314084
26.3491  314084
26.356  314084
26.3569  314084
26.3581  314084
26.3622  314084
26.3739  314084
26.4101  314084
26.412  314084
26.422  314084
26.428  314084
26.4289  314084
26.432  314084
26.4549  314084
26.4559  314084
26.4678  314084
26.4831  314084
26.4859  314084
26.511  314084
26.516  314084
26.5241  314084
26.5501  314084
26.551  314084
26.5551  314084
26.5589  314084
26.582  314084
26.583  279840
26.587  314084
26.5892  314084
26.5911  314084
26.5949  314084
26.597  314084
26.619  314084
26.623  314084
26.629  314084
26.6299  314084
26.634  314084
26.639  314084
26.6509  314084
26.6562  314084
26.664  314084
26.67  314084
26.6719  314084
26.6759  314084
26.6781  314084
26.6948  314084
26.6969  314084
26.705  314084
26.7069  314084
26.7148  314084
26.715  314084
26.726  314084
26.7398  314084
26.746  314084
26.7529  314084
26.7692  314084
26.777  314084
26.7818  462168
26.7849  314084
26.788  314084
26.7889  314084
26.7978  314084
26.8002  314084
26.804  314084
26.8199  314084
26.825  314084
26.8281  314084
26.8409  314084
26.8481  314084
26.8531  314084
26.8559  314084
26.871  314084
26.876  314084
26.88  314084
26.8891  314084
26.8939  314084
26.897  314084
26.8981  314084
26.911  314084
26.912  314084
26.9301  314084
26.933  314084
26.9341  314084
26.9389  314084
26.943  314084
26.9618  314084
26.962  314084
26.968  314084
26.979  314084
26.9849  314084
27.0112  314084
27.0131  334161
27.0162  314084
27.03  399516
27.065  399516
27.0669  314084
27.0789  314084
27.1659  314084
27.2241  314084
27.2331  314084
27.2501  314084
27.252  314084
27.276  314084
27.2989  314084
27.348  269490
27.3552  314084
27.4351  334161
27.4699  399516
27.487  250328
27.534  314084
27.6411  537312
27.6451  462168
27.9438  399516
28.0609  446556
28.084  314084
28.1081  314084
28.1639  351345
28.218  399516
28.4798  462168
28.8401  271539
28.877  314084
29.0341  462168
29.0492  256800
29.0742  678336
29.371  314084
29.5  314084
29.525  314084
29.695  399516
29.7348  399516
29.8569  269490
30.1039  287760
30.2181  314084
30.2401  349272
30.7419  462168
30.776  691398
30.8139  399516
30.817  399516
30.875  314084
30.9451  462168
30.9598  341715
30.9832  462168
31.0349  462168
31.0462  399516
31.0521  462168
31.2459  314084
31.348  314084
31.384  462168
31.4119  462168
31.4541  399516
31.508  314084
31.6248  314084
31.642  399516
32.516  399516
32.6931  399516
32.7048  462168
32.743  399516
32.7442  399516
32.7702  462168
32.876  523156
32.9201  399516
32.934  462168
33.0141  462168
33.087  399516
33.145  399516
33.246  786192
33.52  412680
33.6471  771792
33.7119  462168
33.9348  462168
33.972  637514
34.0431  462168
34.0631  730020
34.308  462168
34.806  462168
34.946  462168
35.4919  462168
35.799  732763
35.805  462168
35.8229  681876
36.0022  399516
36.021  462168
36.4311  462168
37.009  782148
37.1101  462168
37.113  462168
37.2159  462168
37.4701  462168
37.5042  462168
37.5319  462168
37.5659  462168
37.6301  462168
37.6949  462168
37.7049  643610
37.7831  462168
37.7929  462168
37.8101  462168
37.818  462168
37.838  462168
37.858  462168
37.8649  462168
37.91  462168
38.002  462168
38.192  462168
38.379  462168
38.4459  506745
38.5141  697843
38.62  926136
39.4468  883788
39.453  859301
39.669  890945
39.8741  897495
40.1311  495918
40.313  462343
40.436  738700
40.792  824648
40.9632  945960
40.9639  470928
40.9739  967016
40.9899  889704
41.0531  658962
41.332  905724
41.4581  467404
41.6739  846115
41.6939  980681
41.7509  996084
41.796  988960
41.841  996867
41.9729  1007018
42.084  995488
42.285  533350
42.3181  997596
42.5169  962802
42.5351  999625
42.6261  811016
42.6791  985385
42.7151  495910
43.1159  1006964
43.1428  1004150
43.1862  1021091
43.2189  993777
43.237  968616
43.283  1047126
43.3009  996867
43.3819  998246
43.3891  995488
43.509  1040295
43.5438  1026898
43.555  950106
43.56  462168
43.597  942420
43.6358  999571
43.7241  1007020
43.8461  703116
43.916  996519
44.0021  528878
44.1492  1007701
44.173  977325
44.2832  577824
44.389  966730
44.404  994680
44.4889  745714
44.5821  1073716
44.6439  998894
44.744  854156
44.78  959158
44.801  1090262
44.8031  999706
44.812  753192
44.9262  996138
45.002  545280
45.0251  1000182
45.099  1005604
45.1128  814068
45.2471  960474
45.2509  1118086
45.3188  994760
45.3391  957288
45.378  1083312
45.4021  1061946
45.418  1088364
45.6219  1094640
45.675  1004886
45.8121  771792
45.8171  1120938
45.908  989972
45.923  968316
45.9349  1071793
45.959  1000356
46.011  994760
46.0601  1001818
46.0641  996084
46.1011  994760
46.1831  1098888
46.2449  1141920
46.34  996867
46.345  989100
46.382  1001736
46.5181  1003654
46.586  787176
46.6411  1122964
46.7691  1011098
46.9451  1115880
46.9971  994596
47.143  1140660
47.164  1136045
47.1809  1141254
47.3089  995409
47.327  1144908
47.375  1127196
47.3781  817104
47.411  996786
47.539  1126872
47.559  996867
47.6  506172
47.653  1137495
47.6692  1136045
47.693  1007000
47.7991  1148240
47.8189  1133452
47.8511  991676
47.8921  999625
47.9782  1156140
48.0108  998976
48.0189  991278
48.0218  963456
48.0728  1165440
48.1071  1129332
48.116  1133760
48.131  1128204
48.1322  1153832
48.177  1164640
48.197  1104552
48.2299  1136820
48.233  987372
48.2481  1159416
48.2731  1160576
48.291  1026214
48.3439  885975
48.4362  1175223
48.4788  995488
48.5032  1120024
48.5311  1108092
48.6331  998976
48.6398  1162428
48.6591  1165440
48.6648  1118222
48.701  1067424
48.7731  990608
48.836  993777
48.8939  1146324
48.9001  652128
49.0859  1146660
49.135  1131012
49.207  991201
49.279  628949
49.2899  1085097
49.293  1128312
49.3081  1141203
49.3629  1149688
49.4061  1080990
49.412  602736
49.448  1014784
49.4671  1128384
49.51  1239038
49.5372  732416
49.5479  1129918
49.5989  1128008
49.634  1117276
49.6581  1144491
49.695  1096056
49.751  1130860
49.794  1091808
49.7959  1063116
49.8168  1126530
49.825  1128366
49.8798  1152495
49.8991  676212
49.9148  672277
49.999  1127916
50.045  1110216
50.1142  1107384
50.2009  1001052
50.204  1141920
50.2269  998174
50.2388  748432
50.2751  1165440
50.2789  1108800
50.329  601300
50.4081  1145616
50.4229  1194200
50.4239  1128384
50.554  1107384
50.595  1220558
50.5991  1067544
50.643  1076940
50.6561  1125918
50.699  1028025
50.7131  994508
50.7221  1128276
50.8029  1134996
50.8211  1162296
50.848  1165440
50.9081  1054992
50.956  1222568
50.9839  996867
51.0602  1160880
51.1429  1158569
51.1689  1122432
51.2431  1220339
51.2619  1113048
51.302  1165440
51.302  911768
51.3508  1032102
51.3539  1081896
51.4009  1101720
51.414  1153764
51.4719  1139013
51.5051  1237600
51.6028  995880
51.6551  1110924
51.6582  1268760
51.6648  778164
51.76  1121591
51.774  1099596
51.779  1109592
51.832  1101720
51.856  1109508
51.8601  1106676
51.8789  1117170
51.909  1270926
51.935  1210973
51.954  1110924
51.9769  750573
51.986  1288881
52.187  636322
52.2251  1092516
52.248  1128168
52.2802  1190754
52.2971  992190
52.3019  1153104
52.335  1122252
52.3672  1128384
52.47  1165440
52.474  894720
52.4752  1157952
52.557  1155330
52.5849  1106676
52.7198  1113285
52.7241  683000
52.726  987162
52.731  1272532
52.788  1128456
52.789  944778
52.8421  1128348
52.846  922596
52.8691  1164150
52.887  1288440
52.9032  1154070
52.928  1127448
53.0109  1275320
53.0269  652140
53.122  941569
53.2279  1213416
53.278  1211196
53.4508  1128096
53.4918  1248440
53.508  1134805
53.525  985296
53.637  945252
53.6852  996867
53.71  1123295
53.715  738320
53.7789  1153707
53.7951  1190039
53.859  990626
53.915  1121361
53.9269  989883
53.93  996138
54.029  1147573
54.059  1326231
54.086  880698
54.2018  1141116
54.2378  994760
54.2819  1190719
54.307  1134288
54.559  1216280
54.5659  1123668
54.6  994800
54.625  1195224
54.673  1348011
54.677  669282
54.759  1180098
54.7659  1214640
54.81  1185948
54.8968  1001578
54.904  996216
54.944  1270400
54.9541  1310670
55.0401  1322959
55.2421  733182
55.254  860013
55.285  996849
55.5079  715152
55.5301  1154040
55.6669  1368774
55.721  996867
55.757  997516
55.7752  962952
55.7911  994760
55.865  736546
55.8839  1307394
55.8901  813269
55.9151  1303808
55.9161  1003654
55.918  1113048
55.97  996867
56.02  994032
56.0501  1099596
56.0648  1151928
56.082  1000356
56.082  1003654
56.1481  1029606
56.2  1333200
56.2181  859546
56.227  1199370
56.237  1228105
56.2999  719478
56.361  1360933
56.4129  1016210
56.4198  1270090
56.618  997516
56.6509  1351962
56.7448  962666
56.7739  994760
56.7939  1114194
56.9038  964224
56.9601  987732
56.9689  1008976
57.0691  1017862
57.0729  835092
57.1289  1354120
57.1399  984826
57.147  954456
57.1861  621879
57.1921  1308437
57.214  1003290
57.3499  1223064
57.379  1013928
57.3978  1326456
57.404  999783
57.4739  1154820
57.4951  1272874
57.503  998804
57.5609  993304
57.5681  1322388
57.6458  1398714
57.6491  941456
57.6739  1267120
57.6782  991910
57.7118  1160855
57.7338  1368320
57.7662  996701
57.8229  1287525
57.8392  969210
57.9059  1014090
57.9851  1005845
57.9851  994760
58.0258  996138
58.0311  965076
58.038  1421067
58.0668  1004325
58.1479  1290796
58.1629  996944
58.1908  1002239
58.2039  999706
58.2731  990666
58.3041  1000356
58.3291  1242062
58.424  1001278
58.5401  995488
58.5868  1377180
58.5949  952332
58.6319  941155
58.646  1050004
58.671  1119834
58.6929  1453570
58.8169  1003636
58.949  1001596
59.072  1110924
59.1888  746336
59.2048  1001736
59.206  993382
59.2291  993046
59.2909  997571
59.3278  967461
59.4079  1046338
59.4521  1243026
59.4549  998246
59.526  970008
59.552  954852
59.643  1004226
59.6449  912810
59.664  995409
59.6871  984900
59.8478  816396
59.968  1404720
59.9949  993382
60.0059  1464688
60.0171  992189
60.046  956580
60.1649  1000200
60.2069  1126500
60.2679  1002293
60.298  1128721
60.354  1004940
60.4069  991676
60.415  1112340
60.534  994032
60.545  1033434
60.55  992730
60.5519  962478
60.5631  803448
60.591  1111632
60.709  1001736
60.7219  1389762
60.735  1477168
60.7419  1156488
60.7729  1275502
60.796  1477852
60.864  1115288
60.9112  996867
61.0199  1092516
61.0449  988738
61.0819  994032
61.1608  1159232
61.2438  1003654
61.451  833280
61.537  1046795
61.5389  992004
61.6179  995310
61.6291  1110216
61.656  995488
61.676  994032
61.722  957615
61.7518  1162129
61.7669  1146324
61.826  1267634
61.826  883970
61.939  836612
61.96  1115323
62.062  1345121
62.0852  1103136
62.0921  998786
62.1011  834813
62.1231  1089684
62.1731  1164992
62.2001  993382
62.2439  1044423
62.366  1068885
62.4001  1127502
62.4659  933110
62.49  1192797
62.499  998894
62.525  989100
62.552  1165440
62.577  961437
62.629  996138
62.66  799863
62.6628  1150072
62.6659  998840
62.6662  1000436
62.68  1413629
62.701  992315
62.721  1117940
62.7229  808871
62.7239  804473
62.7902  966126
62.8071  1155020
62.845  1159528
62.979  1108800
62.995  1019620
63.123  1507590
63.128  1432900
63.1731  1101720
63.19  1128240
63.2041  1161192
63.2071  1126679
63.2222  1108092
63.2319  1155904
63.283  1008468
63.3841  1117438
63.4511  1494090
63.494  1092960
63.5169  1108800
63.55  1466280
63.556  919030
63.5571  965396
63.561  803544
63.633  1093932
63.6561  1114614
63.688  1503252
63.76  994416
63.7982  1145400
63.8142  1086144
63.8142  989248
63.8239  1028088
63.895  1554300
63.9069  1128096
63.9451  970623
63.9458  999589
64.0011  1550952
64.0171  953748
64.0502  1098180
64.064  1105260
64.0781  1517472
64.0831  992004
64.1181  1169764
64.1282  1137538
64.146  1502406
64.152  998127
64.2121  835586
64.229  1550952
64.3981  964404
64.4491  994508
64.4519  1002549
64.477  1127640
64.5249  1109508
64.538  1550952
64.5499  1573510
64.5521  1165440
64.5559  1513386
64.5852  1117629
64.6331  1121406
64.651  1517472
64.6589  1112340
64.6658  993046
64.702  1002293
64.8551  995239
64.862  1270116
64.8751  1271699
64.8789  944544
64.9281  991278
64.9362  1165440
64.939  1175820
64.9471  988606
64.9509  1094640
64.9819  1151400
65.0258  993951
65.032  1504440
65.0458  1126270
65.0599  1148370
65.069  1227760
65.1112  1121847
65.1209  1159614
65.1219  1433544
65.1228  1128384
65.1321  1550952
65.1472  1001818
65.1579  1141740
65.2189  1142265
65.2232  1598224
65.2361  1577736
65.2931  1606752
65.3522  998772
65.4089  1164150
65.4609  1150094
65.4688  1162582
65.5661  1126116
65.5951  1108800
65.603  1177760
65.6049  1165440
65.6312  995409
65.6519  1104552
65.6641  1149948
65.7041  1121544
65.7499  976116
65.7742  1588187
65.794  1606752
65.7969  1001004
65.8309  1139760
65.8338  1550952
65.8758  1108092
65.9192  1608030
65.9389  1220594
65.963  1247772
65.9709  1550952
66.046  1112823
66.0501  1189335
66.051  1512288
66.097  1576620
66.1099  1502640
66.195  1580274
66.226  1164256
66.2339  1608984
66.241  1149820
66.2861  991351
66.2961  994760
66.2968  1198986
66.33  1588194
66.34  1606752
66.361  1596222
66.364  1606752
66.3819  1146510
66.4179  1038100
66.4392  1256728
66.442  1598688
66.4511  1490436
66.4642  1608984
66.498  1587042
66.56  1145344
66.577  1128384
66.5879  1550952
66.6039  1606752
66.607  995409
66.6111  1553364
66.6161  1503414
66.654  1181840
66.7021  998163
66.7081  1128258
66.7291  996138
66.735  1503540
66.7391  1110924
66.7601  1106676
66.7641  1165440
66.7799  998246
66.792  979180
66.8221  1050738
66.829  1595106
66.9219  997596
66.9751  965999
67.0798  990626
67.09  996786
67.0991  1503162
67.121  1596510
67.1461  1144200
67.153  866583
67.179  1000184
67.189  999625
67.2641  1019463
67.266  829302
67.2679  992801
67.3611  1128366
67.379  1230037
67.3819  1606752
67.3859  1140616
67.409  1128384
67.4119  1145940
67.4622  993382
67.513  1169920
67.5821  994836
67.605  1206440
67.6079  992637
67.6291  1001614
67.6651  1581228
67.668  1269594
67.7459  1148130
67.7621  1037556
67.7831  1588806
67.7931  1172000
67.7941  999540
67.8039  995880
67.858  997596
67.862  996867
67.8661  995952
67.8742  1578852
67.9021  1102428
67.91  1187103
67.9309  1164732
67.9598  1606446
67.9791  1128294
68.006  1167408
68.059  1149123
68.0661  994760
68.0728  968296
68.089  1580940
68.0959  996138
68.105  1581282
68.11  1104552
68.126  1419594
68.13  1016667
68.1939  1585890
68.2099  955872
68.2139  1001158
68.2509  1392264
68.2559  1577656
68.2561  1128384
68.264  998246
68.3091  1581768
68.326  1000863
68.332  1110216
68.3589  1600689
68.378  1105968
68.49  1139894
68.491  1228135
68.495  968064
68.5151  1128330
68.517  994760
68.553  1611216
68.5651  987480
68.568  994109
68.5811  1111347
68.5959  1118600
68.6312  968796
68.696  1160772
68.702  964640
68.716  1108092
68.7249  1104048
68.8112  1080480
68.819  1598940
68.8241  986922
68.8519  985632
68.8529  1000356
68.8879  1579248
68.9631  1606752
68.9759  1082457
68.9759  970845
68.98  1115172
69.011  1133124
69.016  1665900
69.047  1214870
69.0691  1041687
69.0749  1118004
69.0761  1108092
69.1261  1128078
69.154  1130588
69.1879  1275320
69.2151  1608984
69.2189  1608624
69.2961  945960
69.3059  1186200
69.319  1068146
69.4041  1620792
69.407  1108800
69.4249  1000436
69.4711  1142912
69.479  994760
69.4921  1155424
69.5238  1606752
69.6151  1102428
69.6311  1150799
69.6549  1551660
69.6568  1115887
69.6719  1366612
69.7229  1034986
69.7422  1323948
69.7501  1217424
69.7839  1296215
69.7951  1204750
69.8371  1112340
69.8981  1380672
69.9039  1126314
69.9179  994760
69.9899  1124064
70.0071  1004940
70.03  1559880
70.061  998840
70.0622  1009134
70.065  1116588
70.076  1254088
70.0829  1134484
70.1089  996867
70.1289  1183168
70.1292  999553
70.1511  1130970
70.174  1127646
70.179  1624266
70.2448  1280994
70.2541  984900
70.2572  994109
70.286  1158798
70.3151  1140621
70.3211  1259336
70.3211  990552
70.3211  996138
70.3411  1219560
70.38  996612
70.3878  963936
70.4129  1026932
70.4379  1606752
70.4401  990306
70.4839  1127448
70.4889  996290
70.5051  1692684
70.507  1608984
70.514  993222
70.5161  1055151
70.518  998246
70.569  1150072
70.5981  1599894
70.631  1582182
70.6389  996867
70.6499  928968
70.673  995488
70.7042  953671
70.7219  1158795
70.7319  994724
70.7769  1153707
70.8022  1198240
70.8592  1203160
70.864  1542024
70.909  966249
70.9291  1634364
70.935  962270
70.9441  1253124
70.9801  1138902
70.982  1090392
71.0618  965999
71.0678  1606752
71.08  1644588
71.1181  996138
71.1579  996138
71.249  1086852
71.2571  1077238
71.269  1061112
71.2941  1606752
71.2979  996138
71.3189  957771
71.3639  1360029
71.3739  1009129
71.3761  1157720
71.3911  990626
71.3921  1158062
71.408  1293118
71.4102  991351
71.419  989972
71.4419  1625940
71.5208  994182
71.5721  994760
71.573  1021008
71.5759  988848
71.594  1137495
71.6271  937464
71.6319  995488
71.671  962940
71.6751  996084
71.6829  1590390
71.6949  993382
71.7342  994032
71.7509  1581282
71.7552  951216
71.7561  1119020
71.7621  996056
71.7661  1139167
71.775  1104552
71.789  1549818
71.8029  1152126
71.8501  994680
71.852  1166569
71.882  996701
71.8839  944900
71.8911  991201
71.9099  1081556
71.9831  993866
72.0351  1113048
72.0401  1165440
72.0539  967707
72.057  1134484
72.0811  1000272
72.1161  1003123
72.1529  1153340
72.202  1002204
72.289  1165440
72.3619  1606752
72.391  1103136
72.4411  996867
72.453  1217920
72.587  1355260
72.5899  1100790
72.5989  1136360
72.6771  934495
72.6831  994032
72.6922  953748
72.7072  998976
72.7251  1416165
72.727  1165932
72.7291  1154682
72.742  1519704
72.7508  1320310
72.757  969324
72.7801  1140622
72.794  1175681
72.825  1292068
72.907  998145
73.015  948084
73.035  1274046
73.0548  975726
73.0691  1126500
73.072  1760454
73.107  1745748
73.1359  1625652
73.1368  1143312
73.1568  962244
73.164  995409
73.1821  1606752
73.1831  996138
73.1959  1073024
73.2138  980560
73.2651  1020686
73.3018  1000218
73.3199  1016172
73.3359  1749240
73.369  996138
73.3831  1165440
73.3891  1065610
73.4849  1128096
73.493  1007755
73.4951  965733
73.504  1108800
73.5459  1104552
73.5621  983745
73.5788  1310766
73.606  991764
73.6611  1000272
73.6818  1145940
73.6949  972501
73.7031  985551
73.7071  1163439
73.7128  964064
73.7278  1142580
73.735  998894
73.74  1001087
73.746  1164040
73.772  996138
73.781  1127772
73.884  1212804
73.911  997066
73.9119  994760
73.916  1180404
73.9551  962068
73.9832  1108092
73.9951  1034290
74.0161  1278600
74.033  994760
74.048  995488
74.0631  964184
74.1341  1136154
74.137  1148380
74.137  996786
74.141  996138
74.1479  995488
74.1608  994706
74.1818  1000863
74.2469  1220304
74.261  1165440
74.2688  1006861
74.2779  1097472
74.2831  995409
74.301  1624626
74.3539  1103136
74.3589  1077648
74.3911  972920
74.4381  998664
74.4538  997516
74.4669  1080480
74.4681  991676
74.4689  1609578
74.477  1193320
74.4898  1045914
74.517  1000356
74.5709  1187790
74.5771  979108
74.5811  1145827
74.6069  1125792
74.6069  1597320
74.6241  992493
74.6379  999504
74.6431  980172
74.6641  984826
74.671  1152312
74.6891  1088976
74.7359  1757466
74.7418  994091
74.7759  1148230
74.821  1136457
74.8341  998976
74.8549  1035752
74.8661  997516
74.868  1115172
74.8701  1071028
74.8892  1108800
74.949  1357749
74.95  972864
74.9559  996138
74.9719  1009756
74.9998  976848
75.001  1159416
75.0329  1757466
75.052  1128440
75.0601  966730
75.0761  1145690
75.0999  1789218
75.1781  996867
75.187  1003672
75.2831  997056
75.2881  1077648
75.3071  998076
75.31  1789614
75.3181  984568
75.3491  1138220
75.3651  1144776
75.3899  1211360
75.4249  998976
75.433  1178543
75.448  1751868
75.4499  993382
75.4759  1550952
75.5088  1071498
75.5329  1142784
75.5689  984101
75.5789  1789776
75.6099  1001736
75.6631  1720584
75.6669  1005622
75.6688  1833804
75.6719  992655
75.6819  1102428
75.6831  1268358
75.711  980334
75.717  1141740
75.736  992049
75.7461  994908
75.758  1151766
75.789  1000356
75.8121  1348716
75.8531  1546884
75.86  1219362
75.9299  995409
75.959  1757466
75.9799  979776
76.0281  1277691
76.0341  1158912
76.035  1008999
76.041  1422426
76.051  1090392
76.112  1222965
76.1199  1107760
76.1759  1210212
76.1769  1197849
76.195  998808
76.2191  1768194
76.2291  1724364
76.2379  1149354
76.277  1121150
76.283  1148968
76.287  991278
76.324  1177920
76.3278  999571
76.36  1105968
76.3609  1064262
76.39  1182339
76.3979  1418460
76.4241  1119420
76.452  1127208
76.4811  1093224
76.4999  992004
76.54  1000356
76.5669  1109508
76.575  1108800
76.6292  1171350
76.6318  1095975
76.642  1757502
76.6878  1864584
76.73  1521936
76.767  1312834
76.771  1284462
76.8108  1088658
76.894  993866
76.895  1128438
76.9949  1112340
76.9958  1110924
77.069  1624032
77.1379  1152696
77.1482  1788084
77.189  1000356
77.2021  1831068
77.2221  1045678
77.28  996867
77.2831  1404543
77.2839  1090392
77.297  1831068
77.328  1052412
77.3549  1877112
77.3621  1157980
77.3971  1118028
77.405  1019418
77.4109  1624878
77.4131  1211543
77.4958  1089354
77.507  1842228
77.5111  1831068
77.5931  1210212
77.6129  1079613
77.682  1138536
77.687  1146972
77.6951  1428585
77.7071  1165440
77.7249  1110924
77.733  1235319
77.734  1260068
77.7419  1092516
77.9009  1489811
77.9688  1064916
77.9819  1550952
77.9901  1106676
77.9951  1177960
78.0251  1273572
78.0518  1788300
78.069  1252422
78.0969  1200555
78.1131  1008378
78.15  1513785
78.2559  1870506
78.2759  1104110
78.2812  1016011
78.3181  1292096
78.3291  1380227
78.388  1889784
78.4061  1112340
78.419  1273680
78.4581  1110216
78.5251  1935972
78.568  1880658
78.588  1022481
78.5911  1199880
78.594  1203160
78.6362  1214006
78.6388  1792008
78.661  1173582
78.6881  1117296
78.6901  1364342
78.7041  1893042
78.7411  1869408
78.7609  1204874
78.851  1120689
78.872  1125084
78.8839  1892736
78.9301  1966104
78.939  1083312
78.9769  1191648
78.9859  1108092
79.0009  1893330
79.0141  1038408
79.0181  1113756
79.035  1579464
79.056  1157952
79.0672  1434518
79.102  1406272
79.1612  1940130
79.206  1876032
79.215  1080404
79.226  1160762
79.246  1118290
79.2751  1624824
79.2911  1863072
79.3042  1967220
79.3121  1410696
79.36  1144620
79.375  1150856
79.432  1163306
79.4499  1147645
79.4649  1967220
79.4692  1894410
79.4711  1171200
79.4919  1149688
79.5069  1893366
79.509  1106950
79.5119  1165148
79.5169  1239670
79.5231  1970568
79.53  995409
79.535  1103136
79.5372  1074108
79.5391  1184565
79.5538  1139084
79.561  1129080
79.6402  1161104
79.6468  1091100
79.6561  1954782
79.679  1900296
79.705  1505196
79.7169  1144580
79.766  1368990
79.788  1968336
79.802  1146318
79.819  1009992
79.88  1105968
79.8819  1962072
79.9031  1134360
79.9091  1977264
79.9289  1966104
79.9332  1972800
79.9589  1159636
79.9749  1907244
79.994  1964988
80.0061  1136259
80.0071  1969452
80.0159  1966104
80.0171  1190039
80.0312  1080480
80.05  1216221
80.0519  1953828
80.0869  1287612
80.1518  1190892
80.157  1962756
80.183  1143949
80.1868  1893348
80.2441  1074108
80.2639  1327625
80.266  1108092
80.292  1209720
80.303  1464228
80.3049  1072692
80.3411  1970100
80.3809  1900170
80.3878  1971684
80.39  1967220
80.411  1105968
80.426  1151880
80.4398  1788102
80.441  1956060
80.4551  1926432
80.4608  1971846
80.492  1968336
80.513  1157329
80.5321  1083312
80.5399  1893420
80.549  1985076
80.5552  1130040
80.5931  1152480
80.601  1123668
80.6301  2000844
80.6351  1096764
80.6582  1963872
80.6742  1996236
80.678  1098180
80.6801  1058890
80.683  1970568
80.6921  1924146
80.6959  1089306
80.6978  1145802
80.7021  1137915
80.7111  1128132
80.7128  1157598
80.7312  1992888
80.745  1979496
80.755  1084020
80.7581  1109508
80.7729  1147770
80.7741  872141
80.781  1989540
80.8141  1919772
80.8189  1150281
80.8239  1997496
80.828  1076142
80.8332  1995120
80.8411  1930086
80.935  1092516
81.003  1973916
81.0089  1256265
81.012  1969146
81.017  1362978
81.028  1137606
81.0468  1994004
81.053  1139272
81.054  1296411
81.0699  1108800
81.074  1970730
81.0771  1055096
81.0859  1999728
81.0959  2010186
81.0962  1969290
81.1031  1369870
81.1131  2006622
81.1701  1267120
81.188  1987308
81.2099  1127448
81.239  1966104
81.244  1971828
81.2519  1096970
81.2559  1640232
81.259  1097096
81.279  1550952
81.28  1505232
81.295  1103136
81.341  1144476
81.3758  1103832
81.377  1166670
81.377  1934262
81.382  1148121
81.398  1084728
81.399  1901502
81.4011  1108800
81.4049  1976922
81.4121  1116806
81.4178  1978380
81.4519  1089108
81.475  1930986
81.4879  1223383
81.4891  1113756
81.5079  1085180
81.5079  1146240
81.5701  1980756
81.6031  1101720
81.6071  1108092
81.6491  1904778
81.6901  1137120
81.6951  1097472
81.7149  1892970
81.7218  1142289
81.7411  1121544
81.7609  1502856
81.7621  1893132
81.773  1937106
81.8069  1167341
81.8472  1518948
81.8748  1189160
81.893  1091100
81.8951  1143850
81.897  1269378
81.9001  1208080
81.913  1471780
81.9499  1157322
81.9662  1165440
81.9819  1872720
81.9881  1115880
82.016  1165440
82.0539  1106960
82.0589  1165158
82.068  1142733
82.0689  1147164
82.0811  1751184
82.13  1146006
82.13  1624716
82.1402  1152444
82.149  1110924
82.1581  995239
82.1609  1893690
82.1781  1606752
82.2599  1110216
82.299  1145470
82.305  1130040
82.309  1932048
82.3319  1260925
82.381  2000700
82.437  1532800
82.4389  1390432
82.4618  1983600
82.4721  1130748
82.4811  1171256
82.4969  2000700
82.5109  1115172
82.515  1112904
82.5322  1524168
82.541  1374480
82.556  1942758
82.6118  1426428
82.6199  1324520
82.6678  1128402
82.675  1116588
82.691  994760
82.7451  2020914
82.777  1087512
82.7889  2024352
82.803  1107384
82.8161  1503382
82.907  2013300
82.9759  1000863
82.9871  1134446
82.988  1143640
83.015  1128060
83.0412  1106106
83.0569  1229238
83.065  1103844
83.0679  1126080
83.071  1512306
83.0829  1150094
83.0979  2016558
83.1048  1110216
83.133  1323024
83.163  1625760
83.1671  1129918
83.2031  1580346
83.2129  1577736
83.252  2024856
83.317  1162460
83.3211  2022030
83.3528  1128968
83.3619  1606752
83.3669  1113048
83.3769  1128114
83.3771  1157535
83.4041  2042550
83.406  1136463
83.4298  2024604
83.4341  1981926
83.441  1145601
83.4439  2026728
83.4491  2045322
83.497  1137897
83.5111  2027484
83.5118  1962828
83.5159  2021904
83.5261  2039652
83.535  1533690
83.5369  1153952
83.5381  1550952
83.559  1143768
83.564  1150920
83.575  2008836
83.5879  1533474
83.6022  1115880
83.643  2013696
83.688  1477040
83.6949  1177624
83.6971  1113048
83.698  1128402
83.7111  1366886
83.715  2035512
83.7541  1140102
83.792  1125792
83.8149  1596222
83.818  1550952
83.859  1340460
83.9119  1127693
83.9119  1606752
83.9281  1982790
83.936  1127970
83.9841  1554300
84.017  1577736
84.0399  2004102
84.0421  1266360
84.0421  1960524
84.054  1550952
84.0831  1284216
84.0859  2022876
84.0919  1930392
84.105  1150094
84.1072  1151526
84.115  1202570
84.163  1550952
84.2061  2044224
84.2111  1232812
84.2311  1189242
84.245  1149999
84.26  1125946
84.2791  1151008
84.281  1140621
84.3871  2032164
84.393  1156140
84.3959  1141848
84.4121  1155288
84.4171  999706
84.4209  1199880
84.4221  1985472
84.4378  1110924
84.445  1165440
84.4831  1465182
84.486  1159180
84.4891  1006281
84.5349  1826712
84.5392  2044800
84.5702  1143045
84.5711  1581282
84.63  1165440
84.651  1587006
84.6629  1159656
84.7461  1162657
84.7661  1488312
84.78  1141025
84.784  1588176
84.7931  2094858
84.825  1179048
84.8281  1512270
84.8689  1590282
84.8899  998700
84.8908  1003028
84.9171  1127898
84.9791  1165440
85.1409  1128402
85.187  1128114
85.223  1579914
85.2501  1576620
85.3212  1125753
85.3219  995688
85.34  1345766
85.357  1409440
85.3701  1166569
85.4499  1278711
85.5019  2026278
85.506  1507590
85.5219  1164411
85.5269  1521936
85.5291  1165392
85.53  1958688
85.561  1521936
85.5699  1285514
85.577  1165440
85.5808  1232827
85.5901  2035872
85.6051  1557396
85.6431  2040786
85.669  1194740
85.6938  2062854
85.7038  1243118
85.712  1580472
85.7189  1982844
85.7689  1196955
85.793  1148682
85.8169  1156488
85.819  1164417
85.8591  1199642
85.886  1168533
85.896  1503096
85.923  1595143
85.9659  1126500
85.969  1136457
86.0028  1922904
86.0288  1591506
86.05  1150362
86.1099  2063196
86.216  1550952
86.2451  2036412
86.2489  1591416
86.256  2023146
86.2651  1606752
86.2949  1164150
86.2992  1604232
86.3221  1230400
86.3252  1513368
86.35  1200006
86.3569  1353246
86.4439  1503396
86.458  1504476
86.4892  1535850
86.518  1542024
86.5691  1340265
86.5781  1093224
86.581  1203960
86.585  1633986
86.6101  1970730
86.6232  1624302
86.633  1281616
86.643  2094822
86.6461  1553184
86.6711  1601172
86.6978  2154420
86.7472  1502532
86.7491  1503396
86.7541  1918260
86.756  1219548
86.777  1445034
86.8499  2154420
86.8552  1178976
86.875  1194736
86.8752  1156744
86.8869  1996236
86.9291  1458696
86.947  1550952
86.9491  1969254
86.9598  1590282
86.9951  1384854
87.0011  1739772
87.0421  993382
87.0831  1624410
87.1172  1512288
87.1301  1776780
87.2269  1234280
87.2471  1434370
87.2591  2155662
87.271  2095938
87.2719  1623636
87.3029  2155572
87.311  1589292
87.322  2154420
87.3609  1285343
87.395  1201354
87.3981  1953828
87.4059  1557648
87.4162  2154420
87.441  2154222
87.4939  2155986
87.4951  1624410
87.5182  1954944
87.5289  1128420
87.544  1624284
87.5502  2157174
87.579  2050308
87.5821  2154420
87.631  1606752
87.6379  1280240
87.6501  2155536
87.652  1581192
87.6591  1219536
87.6591  1338829
87.6598  1252346
87.6708  2031120
87.733  1216440
87.795  2154456
87.8069  2154492
87.816  2118996
87.821  1503432
87.882  1238955
87.9049  1580796
87.913  2157588
87.9471  2156778
87.9869  2160018
88.0249  1332805
88.0671  1285000
88.084  1624644
88.1121  1588536
88.1481  2155194
88.1848  2154834
88.2142  2155158
88.223  994182
88.238  1610100
88.239  2160234
88.2571  1565928
88.259  1580328
88.263  2154420
88.2821  1552068
88.295  2154078
88.3219  1606752
88.3632  1426013
88.403  1611216
88.4092  2095272
88.4109  2156382
88.4321  2154978
88.4559  1550952
88.491  1317996
88.496  1350357
88.5179  1600902
88.5549  1577736
88.5561  1822518
88.573  2155428
88.5892  2160756
88.6259  2154420
88.629  2158020
88.63  2158218
88.66  2154420
88.6669  1284462
88.7089  2154654
88.727  2154420
88.7301  2154420
88.8009  2037312
88.8381  1200900
88.851  2158470
88.876  1606752
88.881  1550952
88.9008  1590264
88.9261  1967400
88.9611  2154420
88.9649  2156544
88.9668  2155284
88.9881  2154420
88.99  2157876
89.0188  1612332
89.0288  1625418
89.0419  1918458
89.045  2155248
89.067  2159838
89.0691  2154420
89.0801  1668403
89.0961  2160468
89.124  1273084
89.1461  2155842
89.1571  2154384
89.1581  1502748
89.1769  1580310
89.1922  1269594
89.215  2159928
89.2191  2159190
89.2291  2161440
89.2322  1524996
89.237  2158902
89.2849  1580364
89.3049  2158200
89.3481  1594332
89.35  1503162
89.359  1482876
89.381  2154420
89.397  2155878
89.433  2055384
89.498  1409580
89.5  1555416
89.5569  1550952
89.5829  2157876
89.5998  2154150
89.6051  1626408
89.6308  2154420
89.637  2159766
89.654  2155590
89.6711  1216180
89.7021  2160486
89.7231  1280886
89.7701  2156976
89.8099  1579392
89.823  1581408
89.8519  1253920
89.8581  2154384
89.8812  2161440
89.8831  2160684
89.9031  1504512
89.9341  2159604
89.963  2154420
89.9911  2160468
90.003  1244028
90.028  2155230
90.0469  2161026
90.055  1064466
90.0631  1504548
90.0972  2154420
90.122  1507608
90.167  1513386
90.1849  2009952
90.225  2156508
90.2309  1606752
90.234  1606752
90.2441  1587780
90.2479  1570408
90.2572  2158506
90.2579  2154042
90.266  2158200
90.2829  1582200
90.2839  2159136
90.3041  2158308
90.323  2161260
90.3261  2154636
90.359  1588464
90.3769  1557648
90.3928  2161386
90.4028  2153376
90.4069  2158164
90.4729  1611216
90.497  1606752
90.5061  1694196
90.5221  1892844
90.555  1524600
90.569  1342530
90.5809  1203466
90.5919  1263803
90.6811  1503252
90.7319  1577736
90.744  2160918
90.7562  1241460
90.759  1246386
90.7669  2160504
90.7722  2160396
90.781  2157138
90.8148  2158146
90.8301  1266300
90.8339  1591488
90.862  2158254
90.9319  2156472
90.9359  1558854
90.9369  2161296
90.9481  1811304
90.9832  1580130
90.987  2155590
91.012  2155698
91.022  2122344
91.0251  2006172
91.028  2161242
91.043  1453374
91.1691  1606752
91.1901  1292925
91.207  1091808
91.2108  1589310
91.3448  1550952
91.351  1621512
91.4059  2153466
91.4381  1307672
91.5029  2159712
91.594  1597374
91.603  1284501
91.66  1247760
91.7051  1757448
91.8539  2153160
91.8629  1606752
91.8691  1484046
91.9821  1606752
91.9909  1885536
92.0382  1624338
92.1071  1274139
92.1171  1819638
92.1462  1252434
92.1521  1606824
92.181  1627578
92.195  2154600
92.2382  1384920
92.2401  1131897
92.2461  1607634
92.2499  2033928
92.2539  1536102
92.288  1521936
92.294  1550952
92.2959  1606752
92.3431  1582200
92.351  1550952
92.4351  1362618
92.4759  1296630
92.4768  1550952
92.556  1503216
92.5572  1606752
92.5729  1606752
92.6101  1527948
92.6578  2154420
92.6859  1768518
92.7219  1443940
92.7289  1450935
92.7298  1591020
92.7451  1606752
92.803  1503720
92.8121  2160054
92.8171  1591128
92.8609  1550952
92.8922  1398778
92.9379  2156130
92.994  2023110
93.0049  1825434
93.009  2154690
93.0109  1757484
93.0469  2160594
93.056  1522044
93.0669  1554300
93.107  1521936
93.1559  1968336
93.2021  1553184
93.3051  2156274
93.308  1606752
93.3161  2156508
93.4598  2155482
93.483  1871622
93.4861  1606752
93.487  1583658
93.538  1323008
93.55  1504512
93.5519  1271784
93.5588  1579734
93.6019  2154420
93.642  1768734
93.6871  2155932
93.739  1568808
93.7738  1143120
93.802  1503234
93.8239  2160270
93.9891  1550952
93.992  1566576
94.173  1296940
94.173  2158758
94.1958  1136986
94.316  1587888
94.3329  1468799
94.3351  1550952
94.3849  1590390
94.491  2160972
94.492  1535850
94.507  1406544
94.5299  1590408
94.5539  1997352
94.5561  1321737
94.573  1756152
94.578  1885122
94.593  1397835
94.6128  1550952
94.6391  1412891
94.7399  1578852
94.759  1154560
94.8112  1506818
94.8169  1859574
94.825  2156202
94.8441  1922094
94.8579  1564344
95.0081  1789506
95.01  1581048
95.0501  2156310
95.0849  1585548
95.1302  2160288
95.1538  1750212
95.1779  1788030
95.2189  2161440
95.2489  1612332
95.2621  1719468
95.279  1494054
95.3388  1155345
95.382  1831068
95.4189  1512306
95.432  1757466
95.49  1606752
95.5009  1095285
95.5181  2154528
95.54  1757466
95.557  1485270
95.557  1609704
95.5698  1520226
95.634  1595298
95.674  1535850
95.7031  2095650
95.717  1878498
95.8719  1606752
95.9129  1504404
95.9251  2150028
95.958  1521936
95.969  1892790
95.9871  1174320
95.9949  1591434
96.0181  1810872
96.0591  1581624
96.0729  1210224
96.0801  2158038
96.0898  2154492
96.0932  1550952
96.173  1969650
96.241  1611216
96.2999  1533438
96.3039  1581138
96.3271  1550952
96.3378  1789488
96.4131  2020266
96.4592  1378248
96.4639  1579968
96.4658  1542024
96.4921  1165440
96.4959  1606752
96.5259  2039022
96.56  1788012
96.5819  1720584
96.5948  2159838
96.5998  1344122
96.607  1951992
96.6311  1515240
96.6401  1620558
96.6711  1788948
96.693  1289755
96.6949  1606752
96.714  1624320
96.72  1585548
96.786  1961640
96.8392  2152332
96.868  1757466
96.9419  1512450
96.9448  1607868
96.956  1843308
96.987  1385370
96.9901  1363572
96.997  1591488
97.0051  1988424
97.059  1971882
97.0931  1917396
97.1329  1845036
97.2271  1624680
97.259  1609812
97.2619  1503684
97.2638  1757520
97.286  1893222
97.2941  1757448
97.3449  1983042
97.3451  1550952
97.373  1935252
97.3921  1610658
97.3949  1607940
97.4081  1809000
97.4159  1606752
97.4371  1589922
97.4851  1751832
97.497  2017764
97.5442  1893186
97.6059  1179794
97.6379  1578852
97.646  1788516
97.6741  1894248
97.6982  1910556
97.7509  1815390
97.79  2157984
97.8091  2158128
97.8129  1944180
97.816  2042424
97.8179  1788930
97.821  1487934
97.8429  1978650
97.856  1846926
97.8611  1638720
98.0749  1503234
98.0849  2113992
98.0928  1503990
98.0968  1808406
98.0971  1132923
98.1109  1974096
98.1691  1929798
98.2149  1581552
98.2389  1518336
98.2409  1949832
98.2988  1732500
98.341  1578852
98.4011  1391116
98.4039  1606752
98.4068  1983276
98.413  1357356
98.4571  1591470
98.4671  1912932
98.4838  1944900
98.4931  1577736
98.525  2023038
98.6319  1526652
98.6581  1584774
98.69  1757466
98.722  1533384
98.7501  1757502
98.7759  1822410
98.8021  1860660
98.8462  1757484
98.9029  2037636
98.9401  1580166
98.9401  1720584
98.9611  1379900
98.9809  2159676
99.036  1720584
99.071  1344066
99.103  1753344
99.277  1803492
99.313  1905930
99.334  1841886
99.4022  1521936
99.407  1976148
99.436  1811304
99.443  1550952
99.443  1873836
99.484  1606752
99.55  1874952
99.561  1193320
99.6442  1968336
99.6501  1980612
99.6981  2095452
99.751  1966104
99.7651  1893024
99.838  1971684
99.8671  1904004
99.895  1550952
99.951  2023290
99.973  1151721
100.045  1595682
100.051  1788174
100.069  2036124
100.08  1920852
100.093  1539605
100.095  1415136
100.099  1893960
100.149  1976148
100.166  2154402
100.191  1911420
100.23  2017908
100.268  1442680
100.327  1535850
100.353  2020788
100.393  1892718
100.398  1892520
100.443  1606752
100.458  1972800
100.462  1624770
100.464  1921860
100.485  2022570
100.517  1969452
100.535  1968336
100.545  1732464
100.641  1504304
100.676  1732428
100.684  1578852
100.69  1972800
100.695  2031516
100.766  1881648
100.776  1592244
100.784  1956474
100.802  2003076
100.845  2011068
100.859  1867104
100.864  1831068
100.879  2161440
100.979  1905120
100.997  1967220
101.14  1961640
101.143  1624626
101.179  1551078
101.194  1503180
101.251  1893474
101.267  1610100
101.305  1535832
101.327  1998468
101.33  1968336
101.331  1518480
101.341  1503864
101.36  1908468
101.38  1578852
101.467  1986192
101.57  1550952
101.574  1580382
101.588  1752354
101.602  2010960
101.63  1974096
101.632  1607238
101.689  1520154
101.708  1503810
101.708  1901772
101.722  1972800
101.731  1941498
101.76  2156724
101.787  1956114
101.804  2003004
101.807  2047644
101.819  1603476
101.841  2159118
101.86  1514917
101.88  2052180
101.898  1514826
101.911  1966104
101.941  1754100
101.985  1902690
102.034  2115108
102.037  2051118
102.053  1918206
102.091  1520064
102.091  1809936
102.109  1606752
102.137  1970568
102.147  1216280
102.147  1583298
102.181  2072232
102.219  2158074
102.223  1803492
102.225  1937952
102.255  1521036
102.338  1943784
102.343  1836810
102.443  1897164
102.652  1976148
102.654  1354500
102.666  1919592
102.684  2022192
102.701  2040336
102.721  2037798
102.738  1971846
102.761  1981728
102.799  1985220
102.835  1985076
102.867  1902708
102.891  1930302
102.922  1784196
102.952  1606752
102.963  1593360
102.985  2161332
102.988  1606752
103.021  2006640
103.035  2008764
103.074  1598940
103.078  1881702
103.101  2004372
103.105  1956114
103.116  2158092
103.119  1486548
103.138  2034900
103.144  1909494
103.151  2012256
103.151  2156634
103.18  1551078
103.193  1971864
103.202  1624698
103.228  1918170
103.277  2042298
103.287  1958292
103.314  1732464
103.318  1582542
103.323  1982844
103.429  1732392
103.437  2159928
103.453  2117808
103.459  1845414
103.493  1582038
103.552  1508823
103.561  1971684
103.571  1819530
103.647  1991772
103.649  1550952
103.678  1586664
103.755  2043378
103.785  1505160
103.795  1894680
103.892  1866078
103.897  2023146
103.903  1518786
103.944  1757520
103.944  1893132
103.956  2000700
104.01  1914102
104.022  2158092
104.137  2154978
104.14  2012328
104.146  2001024
104.153  1624194
104.176  2050236
104.182  2023812
104.198  1980396
104.243  1969452
104.251  1757502
104.285  2094912
104.301  1624320
104.303  1580400
104.303  1788156
104.305  1606752
104.34  1623924
104.408  1931778
104.417  1900728
104.441  1893276
104.462  2048346
104.471  1999116
104.535  2014866
104.554  1606752
104.6  1550952
104.644  2157876
104.646  1757466
104.658  1746288
104.666  1963152
104.711  2160252
104.76  2000700
104.799  2024046
104.815  1981854
104.834  1591728
104.859  1936476
104.867  2017584
104.884  2158380
104.888  2042064
104.924  1803492
104.946  1889928
104.973  1343748
104.978  2154042
104.999  2155572
105.007  2013156
105.016  1916280
105.047  1607868
105.081  1620594
105.085  2157966
105.097  1370388
105.1  1862748
105.11  1894212
105.115  2036736
105.158  1995984
105.167  2037456
105.196  2154420
105.225  1975230
105.297  1997676
105.4  1961640
105.407  1927440
105.43  1494664
105.456  1979496
105.502  1931508
105.511  2152512
105.601  2015532
105.611  2023326
105.672  1788714
105.696  2001600
105.705  1892556
105.713  1520064
105.726  2155770
105.734  1966104
105.754  2040354
105.784  1503216
105.808  1936566
105.81  1639008
105.828  1822572
105.834  1952712
105.843  1901646
105.85  1735290
105.918  1847556
105.97  1580580
105.978  1485108
106.002  1763964
106.023  2028924
106.027  1606752
106.068  1972800
106.086  2025072
106.088  2000700
106.092  2025864
106.118  2062080
106.272  1878192
106.329  1328298
106.329  2001816
106.348  1515420
106.356  2154492
106.372  1986192
106.435  1557396
106.449  2154042
106.465  1744614
106.473  1916460
106.486  2009436
106.499  2013768
106.546  2026692
106.554  2009178
106.575  2154492
106.586  2000214
106.587  1508364
106.633  1988424
106.645  2156850
106.659  1988424
106.672  1917126
106.686  1884114
106.706  1578852
106.708  2037006
106.712  1746288
106.719  1553310
106.722  2155356
106.738  2000538
106.754  1883664
106.797  1764270
106.83  2154420
106.874  2155068
106.89  2018538
106.944  2155626
106.973  2154420
106.979  2155806
106.995  1998270
107.021  2157696
107.029  2044008
107.066  2039130
107.081  1732770
107.124  2031858
107.154  1503972
107.159  2160108
107.171  2117880
107.198  2160450
107.253  2158092
107.258  1508364
107.317  1952712
107.326  2154420
107.354  1979694
107.382  2041038
107.385  1893456
107.386  2157372
107.452  1607868
107.538  1994274
107.559  1591552
107.572  1550952
107.586  2154744
107.615  2156328
107.627  2018178
107.648  2154096
107.653  1751346
107.666  1994004
107.676  2160666
107.709  1557396
107.712  1566705
107.785  1890774
107.832  2161404
107.913  1994004
107.93  1609272
107.937  2043432
107.941  1893924
107.949  1967220
107.962  1610100
107.973  1935270
107.987  1902438
107.995  2159586
108.014  2043162
108.033  1608966
108.047  1993806
108.054  1866618
108.088  1519884
108.095  2012184
108.097  1757466
108.097  2088864
108.133  2159082
108.176  1578744
108.192  2154420
108.24  2156562
108.305  1551078
108.329  2158146
108.331  2155140
108.364  2154420
108.478  1625292
108.488  1582830
108.529  2001816
108.613  1521144
108.712  2154366
108.747  2010582
108.757  1974114
108.761  1936872
108.805  2036844
108.828  1757448
108.835  1981908
108.868  1880514
108.881  2153286
108.882  2059848
108.884  1833912
108.9  2157084
108.964  2155842
108.966  2156076
108.967  2154420
108.974  2161062
108.986  2160180
108.99  1893888
109.013  2095092
109.014  2154420
109.044  1968336
109.046  2156400
109.048  2154420
109.051  1914192
109.074  2160162
109.076  2028132
109.092  2156346
109.108  1518624
109.116  2161242
109.136  1624518
109.181  1974312
109.193  1894284
109.198  1841598
109.236  2156400
109.259  1983024
109.298  2158092
109.311  2154420
109.32  2154420
109.35  2155932
109.388  2157822
109.417  2017026
109.417  2156112
109.418  2063196
109.422  2008224
109.429  2151972
109.437  2155680
109.455  2159172
109.468  2156454
109.476  1568250
109.518  2153646
109.53  2156670
109.561  1620612
109.571  2160936
109.572  2158470
109.588  2158668
109.625  1757502
109.64  2156508
109.651  2154420
109.694  1972998
109.701  1744056
109.706  1999584
109.714  2160378
109.722  2154420
109.749  2154420
109.762  1887606
109.768  2158740
109.781  1624824
109.811  1624896
109.858  1972980
109.859  1607868
109.86  1863144
109.88  2155626
109.883  2156310
109.888  1766628
109.888  1788228
109.902  2155464
109.959  1927332
109.973  2154420
110.024  1624590
110.044  2155986
110.077  2158722
110.107  2061792
110.137  1788300
110.182  2154420
110.202  1583028
110.218  2154276
110.233  1981926
110.261  1624662
110.261  2156490
110.301  2154420
110.31  2154420
110.364  1519938
110.373  2154420
110.379  2009952
110.385  2159460
110.386  2155842
110.405  2160738
110.409  2015874
110.412  2040606
110.422  1998414
110.428  1983006
110.459  1966104
110.476  1595464
110.479  1918494
110.495  1912842
110.512  2022480
110.539  2014722
110.542  1996272
110.549  1606752
110.554  2160018
110.604  2155212
110.607  2155644
110.608  2155338
110.61  1898352
110.613  2039616
110.622  2156004
110.625  2155338
110.705  2155392
110.715  2154420
110.718  2154420
110.746  2094768
110.77  1582002
110.772  1962720
110.791  2156256
110.809  2158074
110.854  2156742
110.863  1563228
110.87  2064834
110.871  1336012
110.916  1609344
110.92  1788966
110.921  1979496
110.933  1757448
110.94  2156922
110.999  2158362
111.002  1584450
111.002  2155932
111.029  2156220
111.049  2155212
111.06  2154420
111.089  1742940
111.1  2056500
111.103  1582308
111.112  2155950
111.12  1962756
111.183  1996686
111.235  2155356
111.239  2024190
111.268  1649988
111.271  2155140
111.283  2155914
111.29  2030472
111.298  2023020
111.335  1606752
111.393  2095488
111.419  2154420
111.459  1891674
111.461  2154708
111.475  1980738
111.535  2155806
111.54  1624356
111.545  1972998
111.57  2154204
111.585  1984104
111.591  1743480
111.594  2160738
111.603  1625346
111.608  1999584
111.612  2155950
111.618  1893420
111.642  2156274
111.657  2154186
111.701  2156562
111.707  2158290
111.72  2153574
111.74  2008836
111.746  1863738
111.761  2158722
111.762  2161350
111.812  1583838
111.914  2007720
111.916  1816560
111.918  1624842
111.954  2013174
111.991  2160396
112.023  1581894
112.034  2160756
112.04  1605636
112.059  1956114
112.062  1901322
112.117  2158038
112.119  1765062
112.131  1985202
112.172  2159640
112.188  2154420
112.209  1616700
112.225  2157174
112.241  2156616
112.242  1996560
112.248  2067984
112.31  2155608
112.321  2013372
112.321  2036466
112.321  2155986
112.436  2156274
112.439  2012976
112.454  2156094
112.542  2041668
112.543  2158290
112.55  1994472
112.6  2160972
112.603  1974114
112.649  2153988
112.676  2155320
112.7  2156004
112.717  1612980
112.727  1952712
112.783  1935252
112.789  2156670
112.824  1945890
112.847  2155680
112.851  1442720
112.854  1965186
112.855  2158956
112.859  2156220
112.884  1744272
112.89  2161440
112.969  2096640
112.991  2154420
112.996  1970568
113.023  2158884
113.049  1844586
113.06  2033658
113.064  2123460
113.103  1720584
113.129  2154420
113.159  1915614
113.162  2156292
113.164  2160738
113.203  1624572
113.217  2158884
113.224  2160378
113.227  1624500
113.274  2158434
113.291  1865304
113.297  1982844
113.302  1969794
113.329  2158992
113.334  1625328
113.358  1748052
113.432  1848636
113.46  2154420
113.514  1503270
113.529  1821888
113.603  2155680
113.607  2158956
113.642  2044098
113.706  1998468
113.708  2159604
113.71  2158110
113.769  2161260
113.789  1803240
113.809  2161440
113.838  1582740
113.894  2159532
113.9  2155770
113.934  2154420
113.953  2155788
113.999  2039562
114.015  1654830
114.031  1963872
114.038  2154420
114.063  2154420
114.094  2157552
114.14  1836198
114.176  2154294
114.22  2024892
114.222  1999584
114.222  2158092
114.265  2154420
114.272  2154420
114.307  1968336
114.344  2161440
114.358  2154420
114.383  2156004
114.418  2157606
114.429  1956114
114.465  1930536
114.469  2154420
114.511  1939788
114.529  2156472
114.543  2060748
114.576  2154420
114.585  2000826
114.593  2154690
114.633  2161440
114.638  2158110
114.652  2155518
114.683  2159766
114.707  2066868
114.717  2155896
114.734  2154420
114.734  2161440
114.756  1916208
114.763  2155320
114.824  2161440
114.836  2160738
114.839  1763658
114.867  2154420
114.871  1980792
114.897  1893456
114.9  2159550
114.909  2161134
114.988  2154960
115.03  2159154
115.031  2158776
115.072  1654740
115.072  2155878
115.072  2160270
115.076  2043396
115.095  1990656
115.131  1962756
115.154  2155032
115.184  2156526
115.198  2157444
115.205  2154618
115.231  2159946
115.27  2155320
115.315  1968516
115.337  2154420
115.365  1866780
115.366  1987308
115.371  2154168
115.399  2156076
115.421  1939914
115.454  1803492
115.454  1974870
115.481  2041506
115.506  2044134
115.523  2007792
115.524  2155788
115.582  2153052
115.664  2160774
115.665  2154420
115.7  2156778
115.703  2021526
115.749  2154420
115.754  2066760
115.78  1973556
115.809  1879848
115.832  2161440
115.839  2154654
115.867  1626210
115.958  2158812
115.965  2154420
115.966  1903608
116.005  2159946
116.012  1975392
116.055  2154942
116.058  1917000
116.062  2154564
116.066  2160756
116.07  1970568
116.075  1996632
116.078  1986192
116.109  2154420
116.125  1577961
116.223  2161440
116.244  2154420
116.287  2020824
116.291  2155428
116.299  2154420
116.304  1775268
116.348  2157642
116.354  2160270
116.361  2154420
116.413  2161440
116.488  2158416
116.544  2155860
116.554  2156094
116.564  1984086
116.718  2156508
116.765  2154420
116.819  2154420
116.88  2154762
116.885  1964988
116.922  1893348
116.923  1970478
116.949  2157462
116.989  1734408
117.009  2161440
117.022  1983474
117.044  2154420
117.06  2024298
117.117  1956114
117.121  1869408
117.135  1980774
117.141  2154420
117.159  2156562
117.162  2160846
117.289  2161440
117.376  1580724
117.404  2156580
117.482  1758672
117.489  2155932
117.494  1861362
117.508  1780596
117.53  2158956
117.57  2160072
117.591  2154438
117.594  1968336
117.598  2154546
117.656  1848762
117.664  2155500
117.678  2158848
117.709  2161440
117.713  2023596
117.736  1835478
117.764  2154420
117.774  2154420
117.938  2153412
117.951  2012256
118.002  2161386
118.063  2154780
118.064  2154420
118.135  2059740
118.177  2159820
118.219  2161440
118.247  2154942
118.275  2161404
118.297  2154420
118.327  2160810
118.332  2154744
118.362  1914048
118.399  1992690
118.461  2154114
118.478  2154420
118.479  1861884
118.497  2160756
118.636  1979010
118.639  1754748
118.672  2154636
118.674  2157840
118.685  2024514
118.709  2154654
118.738  1861938
118.742  2074860
118.772  2154420
118.865  2160648
118.913  2160162
118.92  2033388
118.921  2158092
118.924  2120112
118.926  2158776
119.017  1516032
119.247  1740006
119.254  2161440
119.287  1947906
119.288  1834722
119.295  2154420
119.304  2155734
119.343  2021382
119.343  2155158
119.349  1893294
119.404  2154420
119.415  1757520
119.419  1893384
119.458  2161440
119.562  1916730
119.596  2155356
119.599  2096352
119.621  1798956
119.628  2154420
119.661  2159064
119.667  2154618
119.715  2157840
119.726  1876536
119.77  2155230
119.793  2154420
119.795  1778454
119.797  2154816
119.822  2155248
119.822  2156418
119.874  1793124
119.892  2158722
119.904  2154600
119.97  2156022
120.016  2154420
120.018  2026080
120.071  2154420
120.084  2161062
120.094  2157588
120.107  1774746
120.141  1533258
120.199  2154420
120.288  2043666
120.315  2029338
120.381  2161350
120.387  1735308
120.422  1924110
120.474  1550952
120.483  2160180
120.559  2051352
120.672  1585122
120.718  1996020
120.757  2154420
120.848  2161440
120.861  2160792
120.874  1961640
120.923  2160972
120.982  2030382
121.027  2154420
121.063  2159784
121.082  2155248
121.107  1972944
121.212  2159172
121.225  2156184
121.271  2156436
121.277  2157030
121.286  2160756
121.322  2160396
121.404  2154348
121.42  2159694
121.442  1843344
121.475  2155122
121.481  2155860
121.539  2065230
121.555  2154420
121.681  1951596
121.73  1893996
121.755  2161152
121.776  2154060
121.793  1975032
121.798  2095236
121.849  2154420
121.927  1925406
122  2154924
122.026  2032596
122.194  2026008
122.258  1852272
122.271  1980972
122.337  1850526
122.345  2154420
122.383  1893006
122.389  2124036
122.424  2160234
122.436  1788300
122.444  2155608
122.471  2033802
122.679  2156868
122.689  1868022
122.735  1893420
122.797  1823652
122.837  1971540
123.148  1859742
123.251  2123460
123.27  2161440
123.281  1862622
123.3  1893060
123.346  2154870
123.372  2058750
123.418  1925406
123.484  2095002
123.543  2159910
123.604  1895112
123.624  2019888
123.626  2154222
123.63  2158956
123.668  1915380
123.672  2158830
123.679  1757484
123.702  2157552
123.706  2154942
123.722  1881234
123.772  1999728
123.808  1972008
123.868  2154420
123.909  2156562
123.912  2075598
123.918  1880334
123.919  1891332
124.024  2157642
124.052  2157948
124.075  2157894
124.132  2155914
124.236  2160846
124.369  2156724
124.432  1864854
124.518  1893060
124.641  2154402
124.686  1572156
124.821  1889982
124.833  1968642
124.862  1592892
124.879  2154204
124.882  1893474
125.013  2156220
125.016  1910700
125.07  2158794
125.071  1977660
125.155  2032164
125.195  2156580
125.307  2154474
125.331  2050110
125.333  2155158
125.333  2156868
125.435  1888290
125.471  1893726
125.472  2158416
125.489  1880892
125.54  2047572
125.612  2160756
125.639  1914048
125.646  1971864
125.909  1997352
126.018  2007846
126.093  1893240
126.127  2155806
126.188  1975428
126.36  1958292
126.402  1892952
126.428  2095614
126.483  2154420
126.557  2152980
126.611  1983042
126.624  1962702
126.636  2158560
126.657  1961532
127.083  2041992
127.144  2154420
127.356  1894014
127.385  2160324
127.406  1893762
127.528  2161440
127.562  2158560
127.609  1879182
127.709  1893402
127.784  2154150
127.965  2160414
127.999  1900206
128.15  2160666
128.193  1766160
128.205  2154546
128.308  1906434
128.351  1882224
128.359  2093256
128.488  1980612
128.488  2034630
128.489  1974312
128.585  1974132
128.621  2154420
128.631  1962684
128.638  1877526
128.825  2102184
128.842  1892664
129.017  2160396
129.029  2160054
129.118  2158074
129.518  1950876
129.524  2161008
129.59  1914048
129.628  1920744
129.673  1970568
129.718  2035854
129.848  2161440
129.959  1970964
129.984  1979406
130.023  2156778
130.371  2160684
130.447  2161044
130.494  2030526
130.507  1988820
130.611  2062386
130.662  1981908
130.75  1964502
130.968  1956114
131.084  1963872
131.116  2159730
131.192  2056050
131.352  2155680
131.395  2156544
131.712  1624968
131.783  2053998
131.885  1749636
131.946  1984752
131.955  2051370
132.046  2001672
132.14  2156616
132.185  1871442
132.274  2052702
132.689  2159298
133.169  1969344
133.178  2161008
133.702  2158416
133.856  2152836
133.869  2057742
133.883  2028708
133.983  2158092
134.047  2154096
134.073  2156472
134.243  2027592
134.644  2122344
134.704  2156652
134.916  2158866
134.921  2158128
135.255  2153322
135.287  2157930
135.538  2153232
135.912  2159406
135.936  2160702
135.937  2157120
135.962  2158074
136.137  2152260
136.171  2158074
136.316  2155590
136.463  2154420
136.536  2152188
137.117  2160306
137.729  2160072
137.746  2154420
137.956  2120112
138.008  2131848
138.224  2158038
138.264  2159442
138.384  2153754
139.36  2156832
139.366  1893366
139.406  2157804
139.602  2154798
139.609  1884978
139.698  2161080
139.955  2158488
140.041  2159712
140.542  2151414
140.588  1900224
140.714  1969452
140.764  1928520
140.793  2160612
140.886  2154420
141.783  2036106
142.611  2156868
142.964  2156436
143.406  2157768
143.413  2157966
144.081  2156130
144.89  2079810
145.954  1964160
146.303  2073600
146.406  1878228
146.788  1894014
149.519  2158092
151.103  2077380
151.786  2077758
151.862  2160342
152.353  2156562
153.221  2155680
154.581  2160612
156.658  2055024
157.676  2158056
165.809  2153484
