0.000463 52.144100
0.000925 52.185100
0.001388 52.219200
0.001851 52.286900
0.002314 52.288100
0.002776 52.357000
0.003239 52.377900
0.003702 52.395800
0.004165 52.404900
0.004627 52.409900
0.005090 52.449000
0.005553 52.470000
0.006016 52.490900
0.006478 52.502200
0.006941 52.545100
0.007404 52.606100
0.007867 52.613000
0.008329 52.638100
0.008792 52.645000
0.009255 52.674100
0.009718 52.677900
0.010180 52.681900
0.010643 52.700000
0.011106 52.703900
0.011569 52.712000
0.012031 52.714100
0.012494 52.727900
0.012957 52.732900
0.013420 52.752000
0.013882 52.812800
0.014345 52.826900
0.014808 52.826900
0.015271 52.829000
0.015733 52.850000
0.016196 52.868800
0.016659 52.876900
0.017122 52.876900
0.017584 52.882900
0.018047 52.894100
0.018510 52.921100
0.018973 52.928900
0.019435 52.979900
0.019898 52.991200
0.020361 53.000000
0.020824 53.010900
0.021286 53.031000
0.021749 53.034100
0.022212 53.065100
0.022675 53.080100
0.023137 53.089100
0.023600 53.092000
0.024063 53.094100
0.024526 53.099200
0.024988 53.130900
0.025451 53.131800
0.025914 53.133000
0.026377 53.137100
0.026839 53.139000
0.027302 53.146800
0.027765 53.149000
0.028228 53.174000
0.028690 53.180000
0.029153 53.187800
0.029616 53.194000
0.030079 53.213100
0.030541 53.213100
0.031004 53.244800
0.031467 53.246000
0.031930 53.260100
0.032392 53.273900
0.032855 53.280800
0.033318 53.292000
0.033781 53.293900
0.034243 53.299900
0.034706 53.299900
0.035169 53.324200
0.035632 53.335000
0.036094 53.353100
0.036557 53.394100
0.037020 53.416000
0.037483 53.420100
0.037945 53.440800
0.038408 53.448000
0.038871 53.478000
0.039334 53.494000
0.039796 53.498000
0.040259 53.502100
0.040722 53.514000
0.041185 53.551000
0.041647 53.598900
0.042110 53.606000
0.042573 53.612000
0.043036 53.656100
0.043498 53.662100
0.043961 53.665900
0.044424 53.669000
0.044887 53.690000
0.045349 53.703100
0.045812 53.708100
0.046275 53.741900
0.046738 53.745000
0.047200 53.769100
0.047663 53.794100
0.048126 53.798900
0.048589 53.803900
0.049051 53.823900
0.049514 53.854000
0.049977 53.879000
0.050440 53.900000
0.050902 53.901900
0.051365 53.906000
0.051828 53.907900
0.052291 53.941000
0.052753 53.949100
0.053216 53.963900
0.053679 53.993000
0.054142 53.993900
0.054604 54.026100
0.055067 54.034000
0.055530 54.055900
0.055993 54.078100
0.056455 54.129100
0.056918 54.132900
0.057381 54.153000
0.057844 54.166800
0.058306 54.189900
0.058769 54.205900
0.059232 54.225000
0.059695 54.234000
0.060157 54.235000
0.060620 54.235900
0.061083 54.281000
0.061546 54.315100
0.062008 54.359000
0.062471 54.364000
0.062934 54.373000
0.063397 54.407800
0.063859 54.431900
0.064322 54.446000
0.064785 54.467000
0.065248 54.487900
0.065710 54.508000
0.066173 54.518000
0.066636 54.524900
0.067099 54.524900
0.067561 54.559000
0.068024 54.562100
0.068487 54.580000
0.068950 54.586200
0.069412 54.647000
0.069875 54.654100
0.070338 54.677000
0.070801 54.683000
0.071263 54.689200
0.071726 54.698000
0.072189 54.724900
0.072652 54.734000
0.073114 54.737100
0.073577 54.739000
0.074040 54.743100
0.074503 54.751200
0.074965 54.770000
0.075428 54.773800
0.075891 54.777100
0.076354 54.782900
0.076816 54.808900
0.077279 54.816000
0.077742 54.822000
0.078205 54.855100
0.078667 54.925900
0.079130 54.943100
0.079593 54.951900
0.080056 54.968800
0.080518 54.975000
0.080981 54.988900
0.081444 54.992000
0.081907 55.007000
0.082369 55.015100
0.082832 55.017900
0.083295 55.028900
0.083758 55.053900
0.084220 55.081800
0.084683 55.093100
0.085146 55.135000
0.085609 55.136900
0.086071 55.137200
0.086534 55.140000
0.086997 55.177000
0.087460 55.209200
0.087922 55.213900
0.088385 55.218000
0.088848 55.222000
0.089311 55.236100
0.089773 55.258000
0.090236 55.290000
0.090699 55.293100
0.091161 55.298100
0.091624 55.325000
0.092087 55.328100
0.092550 55.340100
0.093012 55.352000
0.093475 55.365100
0.093938 55.387000
0.094401 55.388900
0.094863 55.417100
0.095326 55.418000
0.095789 55.424000
0.096252 55.429900
0.096714 55.468100
0.097177 55.479000
0.097640 55.488100
0.098103 55.511000
0.098565 55.515100
0.099028 55.516000
0.099491 55.564900
0.099954 55.615200
0.100416 55.622100
0.100879 55.630000
0.101342 55.675000
0.101805 55.681000
0.102267 55.683900
0.102730 55.702000
0.103193 55.735100
0.103656 55.756800
0.104118 55.757000
0.104581 55.773000
0.105044 55.776100
0.105507 55.795200
0.105969 55.820000
0.106432 55.839100
0.106895 55.860000
0.107358 55.861900
0.107820 55.865000
0.108283 55.878900
0.108746 55.893900
0.109209 55.898000
0.109671 55.901100
0.110134 55.912000
0.110597 55.921100
0.111060 55.921100
0.111522 55.936800
0.111985 55.952100
0.112448 55.954000
0.112911 55.975000
0.113373 55.996900
0.113836 55.996900
0.114299 56.009100
0.114762 56.018800
0.115224 56.038900
0.115687 56.047200
0.116150 56.066000
0.116613 56.093000
0.117075 56.102000
0.117538 56.104900
0.118001 56.114000
0.118464 56.125200
0.118926 56.149000
0.119389 56.156900
0.119852 56.162100
0.120315 56.170900
0.120777 56.175000
0.121240 56.188800
0.121703 56.194100
0.122166 56.202900
0.122628 56.209800
0.123091 56.285900
0.123554 56.301800
0.124017 56.304000
0.124479 56.304000
0.124942 56.325900
0.125405 56.338100
0.125868 56.345900
0.126330 56.365000
0.126793 56.366000
0.127256 56.369100
0.127719 56.370000
0.128181 56.375000
0.128644 56.376900
0.129107 56.381900
0.129570 56.382900
0.130032 56.388100
0.130495 56.402000
0.130958 56.419100
0.131421 56.422000
0.131883 56.428200
0.132346 56.448900
0.132809 56.458000
0.133272 56.479000
0.133734 56.490900
0.134197 56.498100
0.134660 56.524000
0.135123 56.566000
0.135585 56.576000
0.136048 56.582000
0.136511 56.608200
0.136974 56.630800
0.137436 56.633000
0.137899 56.633900
0.138362 56.639900
0.138825 56.661100
0.139287 56.695000
0.139750 56.701200
0.140213 56.720000
0.140676 56.728800
0.141138 56.746000
0.141601 56.753900
0.142064 56.757000
0.142527 56.771000
0.142989 56.772900
0.143452 56.784900
0.143915 56.803900
0.144378 56.829900
0.144840 56.830200
0.145303 56.852100
0.145766 56.859000
0.146229 56.864000
0.146691 56.875000
0.147154 56.893100
0.147617 56.899800
0.148080 56.922200
0.148542 56.933900
0.149005 56.938900
0.149468 56.968000
0.149931 56.976100
0.150393 56.978900
0.150856 57.002100
0.151319 57.017100
0.151782 57.030000
0.152244 57.035000
0.152707 57.037100
0.153170 57.047100
0.153633 57.065000
0.154095 57.066900
0.154558 57.071000
0.155021 57.084100
0.155484 57.095800
0.155946 57.107900
0.156409 57.143000
0.156872 57.143900
0.157335 57.163000
0.157797 57.169200
0.158260 57.173000
0.158723 57.181100
0.159186 57.191100
0.159648 57.193000
0.160111 57.218100
0.160574 57.235000
0.161037 57.241900
0.161499 57.273900
0.161962 57.283200
0.162425 57.286000
0.162888 57.287000
0.163350 57.296000
0.163813 57.301000
0.164276 57.305100
0.164739 57.326100
0.165201 57.344000
0.165664 57.354000
0.166127 57.379000
0.166590 57.390900
0.167052 57.390900
0.167515 57.406900
0.167978 57.416900
0.168441 57.443900
0.168903 57.452000
0.169366 57.454800
0.169829 57.465800
0.170292 57.472900
0.170754 57.488900
0.171217 57.501100
0.171680 57.504200
0.172143 57.537100
0.172605 57.553100
0.173068 57.575900
0.173531 57.609100
0.173994 57.619800
0.174456 57.621000
0.174919 57.660100
0.175382 57.672000
0.175845 57.677000
0.176307 57.694900
0.176770 57.705900
0.177233 57.708000
0.177696 57.743100
0.178158 57.763100
0.178621 57.786000
0.179084 57.786900
0.179547 57.797200
0.180009 57.853000
0.180472 57.859900
0.180935 57.861800
0.181398 57.877100
0.181860 57.883000
0.182323 57.885200
0.182786 57.891100
0.183248 57.892800
0.183711 57.920900
0.184174 57.949100
0.184637 57.956900
0.185099 58.004100
0.185562 58.028900
0.186025 58.032000
0.186488 58.035900
0.186950 58.041100
0.187413 58.074000
0.187876 58.081900
0.188339 58.085000
0.188801 58.085900
0.189264 58.095900
0.189727 58.100000
0.190190 58.113100
0.190652 58.122900
0.191115 58.152900
0.191578 58.190100
0.192041 58.202000
0.192503 58.203000
0.192966 58.219900
0.193429 58.249000
0.193892 58.267100
0.194354 58.270900
0.194817 58.276900
0.195280 58.278100
0.195743 58.321000
0.196205 58.342200
0.196668 58.351000
0.197131 58.359900
0.197594 58.394900
0.198056 58.402100
0.198519 58.409000
0.198982 58.411100
0.199445 58.422800
0.199907 58.445000
0.200370 58.502900
0.200833 58.512900
0.201296 58.512900
0.201758 58.512900
0.202221 58.550800
0.202684 58.578000
0.203147 58.584900
0.203609 58.594900
0.204072 58.620000
0.204535 58.633100
0.204998 58.648800
0.205460 58.664100
0.205923 58.667200
0.206386 58.667900
0.206849 58.679100
0.207311 58.680100
0.207774 58.690100
0.208237 58.737000
0.208700 58.737000
0.209162 58.738000
0.209625 58.789000
0.210088 58.795200
0.210551 58.808100
0.211013 58.808800
0.211476 58.867900
0.211939 58.874800
0.212402 58.893000
0.212864 58.896100
0.213327 58.900100
0.213790 58.904200
0.214253 58.914900
0.214715 58.926800
0.215178 58.933000
0.215641 58.949900
0.216104 58.969000
0.216566 58.987900
0.217029 58.990000
0.217492 59.008800
0.217955 59.071100
0.218417 59.078000
0.218880 59.109900
0.219343 59.110200
0.219806 59.116800
0.220268 59.120200
0.220731 59.149000
0.221194 59.152800
0.221657 59.156900
0.222119 59.156900
0.222582 59.176000
0.223045 59.210100
0.223508 59.255100
0.223970 59.261100
0.224433 59.289200
0.224896 59.309000
0.225359 59.313100
0.225821 59.339000
0.226284 59.344100
0.226747 59.356000
0.227210 59.374100
0.227672 59.376000
0.228135 59.380100
0.228598 59.381000
0.229061 59.446100
0.229523 59.459000
0.229986 59.472100
0.230449 59.482100
0.230912 59.482100
0.231374 59.483100
0.231837 59.491200
0.232300 59.507800
0.232763 59.535000
0.233225 59.556000
0.233688 59.564800
0.234151 59.578900
0.234614 59.584900
0.235076 59.632100
0.235539 59.637100
0.236002 59.638000
0.236465 59.639000
0.236927 59.656900
0.237390 59.665000
0.237853 59.671200
0.238316 59.676900
0.238778 59.711900
0.239241 59.724100
0.239704 59.745800
0.240167 59.746000
0.240629 59.747000
0.241092 59.764900
0.241555 59.784900
0.242018 59.814000
0.242480 59.825200
0.242943 59.836900
0.243406 59.849000
0.243869 59.862900
0.244331 59.884100
0.244794 59.885000
0.245257 59.890000
0.245720 59.891000
0.246182 59.900000
0.246645 59.907900
0.247108 59.926000
0.247571 59.950800
0.248033 59.953900
0.248496 59.956100
0.248959 60.030000
0.249422 60.047900
0.249884 60.064100
0.250347 60.108200
0.250810 60.120800
0.251273 60.124900
0.251735 60.144200
0.252198 60.172100
0.252661 60.198800
0.253124 60.220000
0.253586 60.237900
0.254049 60.247900
0.254512 60.252900
0.254975 60.268200
0.255437 60.287000
0.255900 60.296100
0.256363 60.336100
0.256826 60.337800
0.257288 60.363100
0.257751 60.406000
0.258214 60.449100
0.258677 60.450100
0.259139 60.472000
0.259602 60.507100
0.260065 60.524900
0.260528 60.529900
0.260990 60.534000
0.261453 60.571000
0.261916 60.581000
0.262379 60.582900
0.262841 60.631000
0.263304 60.644900
0.263767 60.645100
0.264230 60.666800
0.264692 60.677100
0.265155 60.698000
0.265618 60.704000
0.266081 60.706100
0.266543 60.722100
0.267006 60.729000
0.267469 60.735000
0.267932 60.777900
0.268394 60.795100
0.268857 60.827000
0.269320 60.849000
0.269783 60.863000
0.270245 60.897100
0.270708 60.913100
0.271171 60.915900
0.271634 60.946000
0.272096 60.981000
0.272559 60.988900
0.273022 61.023000
0.273484 61.035900
0.273947 61.036100
0.274410 61.057100
0.274873 61.065900
0.275335 61.088100
0.275798 61.091900
0.276261 61.147900
0.276724 61.186100
0.277186 61.192000
0.277649 61.203000
0.278112 61.207100
0.278575 61.235200
0.279037 61.264000
0.279500 61.273100
0.279963 61.296000
0.280426 61.299100
0.280888 61.325100
0.281351 61.330100
0.281814 61.335100
0.282277 61.336000
0.282739 61.343900
0.283202 61.351100
0.283665 61.357000
0.284128 61.362000
0.284590 61.366800
0.285053 61.376100
0.285516 61.379900
0.285979 61.435000
0.286441 61.450000
0.286904 61.458800
0.287367 61.507000
0.287830 61.530100
0.288292 61.530800
0.288755 61.547000
0.289218 61.567100
0.289681 61.568000
0.290143 61.579900
0.290606 61.601200
0.291069 61.621000
0.291532 61.621200
0.291994 61.652900
0.292457 61.664100
0.292920 61.669100
0.293383 61.681000
0.293845 61.686000
0.294308 61.687900
0.294771 61.697000
0.295234 61.713000
0.295696 61.744900
0.296159 61.840100
0.296622 61.847000
0.297085 61.872000
0.297547 61.883900
0.298010 61.893900
0.298473 61.899900
0.298936 61.902000
0.299398 61.904200
0.299861 61.930900
0.300324 61.932100
0.300787 61.933000
0.301249 61.939000
0.301712 61.954000
0.302175 61.965000
0.302638 61.979100
0.303100 61.986000
0.303563 61.988100
0.304026 61.991000
0.304489 62.024800
0.304951 62.030100
0.305414 62.049200
0.305877 62.058000
0.306340 62.077000
0.306802 62.080100
0.307265 62.096100
0.307728 62.100200
0.308191 62.114000
0.308653 62.126900
0.309116 62.156000
0.309579 62.160000
0.310042 62.169800
0.310504 62.169800
0.310967 62.194100
0.311430 62.200100
0.311893 62.205100
0.312355 62.218200
0.312818 62.249900
0.313281 62.249900
0.313744 62.254000
0.314206 62.256800
0.314669 62.282100
0.315132 62.289000
0.315595 62.311900
0.316057 62.316200
0.316520 62.316900
0.316983 62.332200
0.317446 62.350000
0.317908 62.385100
0.318371 62.391000
0.318834 62.401100
0.319297 62.429000
0.319759 62.430100
0.320222 62.484000
0.320685 62.485900
0.321148 62.493100
0.321610 62.497100
0.322073 62.506900
0.322536 62.522900
0.322999 62.539100
0.323461 62.546000
0.323924 62.552000
0.324387 62.587000
0.324850 62.609200
0.325312 62.659000
0.325775 62.662800
0.326238 62.712900
0.326701 62.714100
0.327163 62.722900
0.327626 62.747000
0.328089 62.803000
0.328552 62.812100
0.329014 62.826200
0.329477 62.845000
0.329940 62.850000
0.330403 62.855000
0.330865 62.894800
0.331328 62.909800
0.331791 62.918900
0.332254 62.918900
0.332716 62.933200
0.333179 62.938000
0.333642 62.940100
0.334105 62.942000
0.334567 62.967100
0.335030 62.976800
0.335493 62.979000
0.335956 62.987100
0.336418 62.988000
0.336881 62.990000
0.337344 63.010000
0.337807 63.028100
0.338269 63.071000
0.338732 63.087900
0.339195 63.087900
0.339658 63.094900
0.340120 63.106100
0.340583 63.118900
0.341046 63.147800
0.341509 63.150900
0.341971 63.161100
0.342434 63.170900
0.342897 63.189000
0.343360 63.190000
0.343822 63.195000
0.344285 63.210000
0.344748 63.241000
0.345211 63.264100
0.345673 63.278900
0.346136 63.280100
0.346599 63.298000
0.347062 63.299900
0.347524 63.307000
0.347987 63.324000
0.348450 63.337100
0.348913 63.342100
0.349375 63.343000
0.349838 63.345000
0.350301 63.370000
0.350764 63.370000
0.351226 63.401900
0.351689 63.404100
0.352152 63.405000
0.352615 63.408100
0.353077 63.422900
0.353540 63.428900
0.354003 63.444100
0.354466 63.445100
0.354928 63.448000
0.355391 63.455100
0.355854 63.463000
0.356317 63.470100
0.356779 63.477000
0.357242 63.478000
0.357705 63.484900
0.358168 63.490900
0.358630 63.492100
0.359093 63.504900
0.359556 63.525900
0.360019 63.542800
0.360481 63.550000
0.360944 63.551900
0.361407 63.585000
0.361870 63.610800
0.362332 63.633900
0.362795 63.638900
0.363258 63.643000
0.363720 63.652000
0.364183 63.653000
0.364646 63.681800
0.365109 63.686800
0.365571 63.711900
0.366034 63.725000
0.366497 63.734100
0.366960 63.741000
0.367422 63.757900
0.367885 63.828900
0.368348 63.835900
0.368811 63.898100
0.369273 63.906000
0.369736 63.921000
0.370199 63.923100
0.370662 63.955100
0.371124 63.959100
0.371587 63.985800
0.372050 63.988900
0.372513 63.997000
0.372975 64.008000
0.373438 64.009000
0.373901 64.024000
0.374364 64.049000
0.374826 64.052100
0.375289 64.056200
0.375752 64.056900
0.376215 64.068100
0.376677 64.079000
0.377140 64.084100
0.377603 64.108800
0.378066 64.118900
0.378528 64.131000
0.378991 64.132900
0.379454 64.170800
0.379917 64.177000
0.380379 64.181100
0.380842 64.184200
0.381305 64.197800
0.381768 64.216100
0.382230 64.216900
0.382693 64.220200
0.383156 64.233100
0.383619 64.239000
0.384081 64.240900
0.384544 64.248100
0.385007 64.297000
0.385470 64.331100
0.385932 64.347000
0.386395 64.353000
0.386858 64.356100
0.387321 64.364900
0.387783 64.389900
0.388246 64.400000
0.388709 64.406900
0.389172 64.408100
0.389634 64.423100
0.390097 64.423100
0.390560 64.464800
0.391023 64.490100
0.391485 64.495100
0.391948 64.508900
0.392411 64.557100
0.392874 64.582800
0.393336 64.586900
0.393799 64.626900
0.394262 64.640000
0.394725 64.652900
0.395187 64.665100
0.395650 64.688900
0.396113 64.721100
0.396576 64.723000
0.397038 64.731100
0.397501 64.754000
0.397964 64.786900
0.398427 64.810000
0.398889 64.817000
0.399352 64.817900
0.399815 64.847000
0.400278 64.853900
0.400740 64.857000
0.401203 64.861100
0.401666 64.863900
0.402129 64.883000
0.402591 64.899900
0.403054 64.931900
0.403517 64.934000
0.403980 64.938100
0.404442 64.938100
0.404905 64.953800
0.405368 64.967200
0.405831 64.976900
0.406293 64.983100
0.406756 64.990000
0.407219 64.997900
0.407682 65.012000
0.408144 65.027000
0.408607 65.028000
0.409070 65.050800
0.409533 65.069900
0.409995 65.071100
0.410458 65.076100
0.410921 65.089900
0.411384 65.099000
0.411846 65.119000
0.412309 65.125900
0.412772 65.129000
0.413235 65.144100
0.413697 65.146200
0.414160 65.155000
0.414623 65.162900
0.415086 65.216100
0.415548 65.229900
0.416011 65.235100
0.416474 65.239000
0.416937 65.250900
0.417399 65.265900
0.417862 65.296900
0.418325 65.299000
0.418788 65.307100
0.419250 65.343100
0.419713 65.344100
0.420176 65.352000
0.420639 65.352900
0.421101 65.359100
0.421564 65.367900
0.422027 65.389200
0.422490 65.398000
0.422952 65.403200
0.423415 65.417100
0.423878 65.424000
0.424341 65.426100
0.424803 65.426100
0.425266 65.431100
0.425729 65.433000
0.426192 65.441100
0.426654 65.445200
0.427117 65.470900
0.427580 65.472100
0.428043 65.473100
0.428505 65.477800
0.428968 65.496000
0.429431 65.502200
0.429894 65.530100
0.430356 65.531000
0.430819 65.537900
0.431282 65.537900
0.431745 65.546000
0.432207 65.547000
0.432670 65.583900
0.433133 65.597100
0.433596 65.602100
0.434058 65.638100
0.434521 65.639000
0.434984 65.648100
0.435447 65.661200
0.435909 65.681000
0.436372 65.684800
0.436835 65.691000
0.437298 65.702200
0.437760 65.712000
0.438223 65.713200
0.438686 65.717900
0.439149 65.721000
0.439611 65.737000
0.440074 65.745100
0.440537 65.757000
0.441000 65.763000
0.441462 65.774900
0.441925 65.784000
0.442388 65.815000
0.442851 65.826900
0.443313 65.835000
0.443776 65.851000
0.444239 65.862900
0.444702 65.866000
0.445164 65.874100
0.445627 65.881000
0.446090 65.893900
0.446553 65.910800
0.447015 65.919900
0.447478 65.927000
0.447941 65.929900
0.448404 65.949200
0.448866 65.949900
0.449329 65.954900
0.449792 65.968000
0.450255 65.981900
0.450717 65.985200
0.451180 66.009000
0.451643 66.016000
0.452106 66.022200
0.452568 66.025000
0.453031 66.034100
0.453494 66.043900
0.453957 66.055100
0.454419 66.059100
0.454882 66.067900
0.455345 66.077900
0.455807 66.083000
0.456270 66.092000
0.456733 66.095800
0.457196 66.106100
0.457658 66.110100
0.458121 66.176900
0.458584 66.181900
0.459047 66.196900
0.459509 66.196900
0.459972 66.213800
0.460435 66.239800
0.460898 66.244100
0.461360 66.258900
0.461823 66.267000
0.462286 66.271100
0.462749 66.295900
0.463211 66.310900
0.463674 66.323000
0.464137 66.355000
0.464600 66.358100
0.465062 66.363100
0.465525 66.375000
0.465988 66.375000
0.466451 66.414800
0.466913 66.415100
0.467376 66.417900
0.467839 66.429900
0.468302 66.431000
0.468764 66.433000
0.469227 66.444200
0.469690 66.467000
0.470153 66.471100
0.470615 66.490900
0.471078 66.512100
0.471541 66.525900
0.472004 66.528100
0.472466 66.529000
0.472929 66.532900
0.473392 66.548100
0.473855 66.551200
0.474317 66.561900
0.474780 66.596000
0.475243 66.604900
0.475706 66.616100
0.476168 66.619900
0.476631 66.628900
0.477094 66.642000
0.477557 66.643000
0.478019 66.651100
0.478482 66.652100
0.478945 66.655900
0.479408 66.663000
0.479870 66.667100
0.480333 66.667100
0.480796 66.685000
0.481259 66.699000
0.481721 66.731000
0.482184 66.737200
0.482647 66.740000
0.483110 66.741000
0.483572 66.746000
0.484035 66.746000
0.484498 66.765100
0.484961 66.772900
0.485423 66.777900
0.485886 66.780100
0.486349 66.788000
0.486812 66.791100
0.487274 66.798000
0.487737 66.813000
0.488200 66.828000
0.488663 66.834900
0.489125 66.854000
0.489588 66.860000
0.490051 66.860900
0.490514 66.868100
0.490976 66.887100
0.491439 66.889000
0.491902 66.905000
0.492365 66.909800
0.492827 66.921000
0.493290 66.962000
0.493753 66.974200
0.494216 66.978200
0.494678 66.988000
0.495141 66.991800
0.495604 66.993000
0.496067 67.002100
0.496529 67.012800
0.496992 67.016800
0.497455 67.030900
0.497918 67.035900
0.498380 67.040000
0.498843 67.041900
0.499306 67.054000
0.499769 67.077900
0.500231 67.093100
0.500694 67.098100
0.501157 67.113900
0.501620 67.153000
0.502082 67.153900
0.502545 67.160100
0.503008 67.169000
0.503471 67.179000
0.503933 67.210900
0.504396 67.210900
0.504859 67.223100
0.505322 67.245000
0.505784 67.252900
0.506247 67.267900
0.506710 67.278900
0.507173 67.289100
0.507635 67.294800
0.508098 67.296000
0.508561 67.303900
0.509024 67.343000
0.509486 67.360900
0.509949 67.369900
0.510412 67.385900
0.510875 67.391900
0.511337 67.416000
0.511800 67.416900
0.512263 67.421200
0.512726 67.440000
0.513188 67.447900
0.513651 67.493000
0.514114 67.499200
0.514577 67.530900
0.515039 67.531100
0.515502 67.532800
0.515965 67.534900
0.516428 67.536100
0.516890 67.536800
0.517353 67.541800
0.517816 67.555200
0.518279 67.609100
0.518741 67.618800
0.519204 67.630100
0.519667 67.637900
0.520130 67.653900
0.520592 67.655100
0.521055 67.658900
0.521518 67.663900
0.521981 67.664900
0.522443 67.687000
0.522906 67.692000
0.523369 67.694900
0.523832 67.696100
0.524294 67.700100
0.524757 67.723000
0.525220 67.749000
0.525683 67.754000
0.526145 67.757800
0.526608 67.760000
0.527071 67.775000
0.527534 67.805100
0.527996 67.824100
0.528459 67.826000
0.528922 67.840800
0.529385 67.876100
0.529847 67.880900
0.530310 67.886800
0.530773 67.893000
0.531236 67.896100
0.531698 67.899900
0.532161 67.900900
0.532624 67.907100
0.533087 67.908000
0.533549 67.911900
0.534012 67.912800
0.534475 67.915900
0.534938 67.925000
0.535400 67.929000
0.535863 67.951900
0.536326 67.963800
0.536789 67.965000
0.537251 67.975000
0.537714 67.979100
0.538177 67.999100
0.538640 68.007900
0.539102 68.024900
0.539565 68.025100
0.540028 68.053000
0.540491 68.058000
0.540953 68.071100
0.541416 68.071100
0.541879 68.074900
0.542342 68.086100
0.542804 68.108100
0.543267 68.113100
0.543730 68.121000
0.544193 68.146900
0.544655 68.152000
0.545118 68.152900
0.545581 68.172000
0.546043 68.174800
0.546506 68.188900
0.546969 68.203000
0.547432 68.213000
0.547894 68.238000
0.548357 68.240900
0.548820 68.273100
0.549283 68.273100
0.549745 68.276900
0.550208 68.290000
0.550671 68.300000
0.551134 68.309100
0.551596 68.309100
0.552059 68.311000
0.552522 68.327200
0.552985 68.334800
0.553447 68.353900
0.553910 68.370100
0.554373 68.375800
0.554836 68.383900
0.555298 68.386100
0.555761 68.389200
0.556224 68.391800
0.556687 68.394900
0.557149 68.399000
0.557612 68.405200
0.558075 68.408000
0.558538 68.413000
0.559000 68.421100
0.559463 68.423000
0.559926 68.434000
0.560389 68.451900
0.560851 68.459000
0.561314 68.460900
0.561777 68.463100
0.562240 68.464000
0.562702 68.469000
0.563165 68.486000
0.563628 68.490000
0.564091 68.496900
0.564553 68.508100
0.565016 68.517900
0.565479 68.548900
0.565942 68.571800
0.566404 68.574900
0.566867 68.589000
0.567330 68.590900
0.567793 68.611900
0.568255 68.615900
0.568718 68.632100
0.569181 68.638800
0.569644 68.654100
0.570106 68.658100
0.570569 68.663100
0.571032 68.676000
0.571495 68.721100
0.571957 68.722000
0.572420 68.723000
0.572883 68.743000
0.573346 68.744900
0.573808 68.759000
0.574271 68.761100
0.574734 68.765900
0.575197 68.774000
0.575659 68.799000
0.576122 68.799000
0.576585 68.813100
0.577048 68.861000
0.577510 68.872000
0.577973 68.893900
0.578436 68.921800
0.578899 68.943000
0.579361 68.954000
0.579824 68.958000
0.580287 68.965000
0.580750 68.989000
0.581212 68.992100
0.581675 69.001000
0.582138 69.003100
0.582601 69.045100
0.583063 69.045100
0.583526 69.062900
0.583989 69.083900
0.584452 69.086100
0.584914 69.106100
0.585377 69.107100
0.585840 69.116800
0.586303 69.119900
0.586765 69.120900
0.587228 69.121100
0.587691 69.136900
0.588154 69.188100
0.588616 69.190000
0.589079 69.191000
0.589542 69.191000
0.590005 69.195000
0.590467 69.210100
0.590930 69.216000
0.591393 69.217000
0.591856 69.218200
0.592318 69.227900
0.592781 69.242000
0.593244 69.261800
0.593707 69.315000
0.594169 69.347900
0.594632 69.367200
0.595095 69.371900
0.595558 69.392900
0.596020 69.404100
0.596483 69.500000
0.596946 69.502100
0.597409 69.505000
0.597871 69.521900
0.598334 69.523100
0.598797 69.536900
0.599260 69.555000
0.599722 69.559100
0.600185 69.572900
0.600648 69.589100
0.601111 69.601800
0.601573 69.603200
0.602036 69.604200
0.602499 69.609900
0.602962 69.612000
0.603424 69.621100
0.603887 69.624200
0.604350 69.651100
0.604813 69.654900
0.605275 69.659000
0.605738 69.669000
0.606201 69.690000
0.606664 69.706200
0.607126 69.716900
0.607589 69.717200
0.608052 69.732900
0.608515 69.735100
0.608977 69.754100
0.609440 69.755800
0.609903 69.757900
0.610366 69.773000
0.610828 69.793900
0.611291 69.819000
0.611754 69.819900
0.612217 69.821100
0.612679 69.838000
0.613142 69.863100
0.613605 69.878800
0.614068 69.881900
0.614530 69.899800
0.614993 69.901000
0.615456 69.937000
0.615919 69.945100
0.616381 69.963000
0.616844 69.973900
0.617307 69.977000
0.617770 69.979000
0.618232 69.984000
0.618695 69.993000
0.619158 70.009000
0.619621 70.025000
0.620083 70.030000
0.620546 70.041900
0.621009 70.042100
0.621472 70.047900
0.621934 70.075000
0.622397 70.094100
0.622860 70.112900
0.623323 70.134900
0.623785 70.169900
0.624248 70.196200
0.624711 70.203100
0.625174 70.223100
0.625636 70.244100
0.626099 70.251000
0.626562 70.254100
0.627025 70.264100
0.627487 70.277900
0.627950 70.291000
0.628413 70.303000
0.628876 70.316100
0.629338 70.329900
0.629801 70.335100
0.630264 70.365900
0.630727 70.378100
0.631189 70.429100
0.631652 70.462900
0.632115 70.464100
0.632578 70.480100
0.633040 70.483000
0.633503 70.503000
0.633966 70.541900
0.634429 70.542100
0.634891 70.557100
0.635354 70.558100
0.635817 70.560200
0.636280 70.565000
0.636742 70.572100
0.637205 70.605000
0.637668 70.618900
0.638130 70.636000
0.638593 70.658200
0.639056 70.664200
0.639519 70.679900
0.639981 70.685900
0.640444 70.686100
0.640907 70.699200
0.641370 70.732800
0.641832 70.743100
0.642295 70.744000
0.642758 70.752100
0.643221 70.790100
0.643683 70.799100
0.644146 70.821000
0.644609 70.828900
0.645072 70.836100
0.645534 70.839200
0.645997 70.853000
0.646460 70.908100
0.646923 70.931900
0.647385 70.940000
0.647848 70.944100
0.648311 70.952900
0.648774 70.955000
0.649236 71.003900
0.649699 71.023200
0.650162 71.028000
0.650625 71.050200
0.651087 71.069000
0.651550 71.077800
0.652013 71.101000
0.652476 71.107900
0.652938 71.124100
0.653401 71.134100
0.653864 71.146000
0.654327 71.152000
0.654789 71.182000
0.655252 71.224900
0.655715 71.241900
0.656178 71.253100
0.656640 71.257100
0.657103 71.264000
0.657566 71.291000
0.658029 71.312000
0.658491 71.369900
0.658954 71.371100
0.659417 71.387100
0.659880 71.414000
0.660342 71.415900
0.660805 71.424000
0.661268 71.445000
0.661731 71.461000
0.662193 71.468100
0.662656 71.496000
0.663119 71.499800
0.663582 71.503200
0.664044 71.549900
0.664507 71.560100
0.664970 71.561800
0.665433 71.564900
0.665895 71.572100
0.666358 71.586100
0.666821 71.600200
0.667284 71.605000
0.667746 71.613100
0.668209 71.623100
0.668672 71.623100
0.669135 71.632100
0.669597 71.648100
0.670060 71.656000
0.670523 71.661000
0.670986 71.678900
0.671448 71.705100
0.671911 71.706100
0.672374 71.720100
0.672837 71.742800
0.673299 71.757100
0.673762 71.769000
0.674225 71.790900
0.674688 71.798100
0.675150 71.806000
0.675613 71.812200
0.676076 71.826000
0.676539 71.836900
0.677001 71.857900
0.677464 71.867000
0.677927 71.878900
0.678390 71.893000
0.678852 71.898000
0.679315 71.924900
0.679778 71.937100
0.680241 71.949000
0.680703 71.970900
0.681166 71.972100
0.681629 71.978100
0.682092 72.047900
0.682554 72.050100
0.683017 72.070800
0.683480 72.073000
0.683943 72.096800
0.684405 72.098000
0.684868 72.116900
0.685331 72.130000
0.685794 72.138100
0.686256 72.144000
0.686719 72.147800
0.687182 72.166900
0.687645 72.178100
0.688107 72.196000
0.688570 72.198200
0.689033 72.204100
0.689496 72.206000
0.689958 72.212000
0.690421 72.219800
0.690884 72.243900
0.691347 72.246100
0.691809 72.256100
0.692272 72.269000
0.692735 72.269000
0.693198 72.274000
0.693660 72.281800
0.694123 72.291100
0.694586 72.307100
0.695049 72.310000
0.695511 72.337900
0.695974 72.361900
0.696437 72.463000
0.696900 72.464900
0.697362 72.468000
0.697825 72.494000
0.698288 72.498100
0.698751 72.503100
0.699213 72.552900
0.699676 72.583200
0.700139 72.588000
0.700602 72.594900
0.701064 72.631100
0.701527 72.633000
0.701990 72.646900
0.702453 72.654000
0.702915 72.661900
0.703378 72.721000
0.703841 72.776100
0.704304 72.780800
0.704766 72.790900
0.705229 72.794000
0.705692 72.802100
0.706155 72.804900
0.706617 72.821100
0.707080 72.849000
0.707543 72.850900
0.708006 72.856200
0.708468 72.865000
0.708931 72.872900
0.709394 72.938200
0.709857 72.945100
0.710319 72.946100
0.710782 72.952000
0.711245 72.994900
0.711708 73.031200
0.712170 73.033800
0.712633 73.059100
0.713096 73.068100
0.713559 73.087900
0.714021 73.123900
0.714484 73.135900
0.714947 73.158000
0.715410 73.160900
0.715872 73.185000
0.716335 73.185900
0.716798 73.188100
0.717261 73.221000
0.717723 73.222200
0.718186 73.284100
0.718649 73.288900
0.719112 73.290100
0.719574 73.331800
0.720037 73.339000
0.720500 73.342100
0.720963 73.350900
0.721425 73.374000
0.721888 73.399100
0.722351 73.414100
0.722814 73.441000
0.723276 73.452000
0.723739 73.510200
0.724202 73.515200
0.724665 73.530000
0.725127 73.559000
0.725590 73.573800
0.726053 73.609100
0.726516 73.618900
0.726978 73.638000
0.727441 73.708100
0.727904 73.720000
0.728366 73.734000
0.728829 73.751900
0.729292 73.788200
0.729755 73.795100
0.730217 73.814200
0.730680 73.816100
0.731143 73.823900
0.731606 73.837000
0.732068 73.849900
0.732531 73.856100
0.732994 73.857100
0.733457 73.868000
0.733919 73.877800
0.734382 73.898100
0.734845 73.921200
0.735308 73.932200
0.735770 73.957000
0.736233 73.967900
0.736696 73.997000
0.737159 73.998900
0.737621 74.000100
0.738084 74.009900
0.738547 74.029900
0.739010 74.033000
0.739472 74.054000
0.739935 74.055200
0.740398 74.065900
0.740861 74.078100
0.741323 74.118100
0.741786 74.125100
0.742249 74.137900
0.742712 74.172000
0.743174 74.188000
0.743637 74.210900
0.744100 74.218000
0.744563 74.243100
0.745025 74.283800
0.745488 74.297900
0.745951 74.315100
0.746414 74.333000
0.746876 74.368000
0.747339 74.394900
0.747802 74.398000
0.748265 74.408100
0.748727 74.446000
0.749190 74.457900
0.749653 74.497000
0.750116 74.503900
0.750578 74.509100
0.751041 74.515100
0.751504 74.533000
0.751967 74.549200
0.752429 74.556800
0.752892 74.574900
0.753355 74.590900
0.753818 74.605900
0.754280 74.628100
0.754743 74.646900
0.755206 74.676000
0.755669 74.682000
0.756131 74.705800
0.756594 74.706100
0.757057 74.710800
0.757520 74.720900
0.757982 74.736800
0.758445 74.737100
0.758908 74.765200
0.759371 74.765900
0.759833 74.768100
0.760296 74.770200
0.760759 74.785000
0.761222 74.816000
0.761684 74.840100
0.762147 74.846000
0.762610 74.848900
0.763073 74.924000
0.763535 74.930900
0.763998 74.976000
0.764461 74.979100
0.764924 75.001000
0.765386 75.001000
0.765849 75.038000
0.766312 75.060100
0.766775 75.088000
0.767237 75.111200
0.767700 75.115900
0.768163 75.123100
0.768626 75.125000
0.769088 75.142900
0.769551 75.169100
0.770014 75.187200
0.770477 75.198900
0.770939 75.247000
0.771402 75.316200
0.771865 75.321000
0.772328 75.331000
0.772790 75.333800
0.773253 75.342900
0.773716 75.351000
0.774179 75.360100
0.774641 75.368200
0.775104 75.387000
0.775567 75.428000
0.776030 75.428000
0.776492 75.450900
0.776955 75.461100
0.777418 75.472100
0.777881 75.509100
0.778343 75.521000
0.778806 75.562000
0.779269 75.577000
0.779732 75.580800
0.780194 75.625900
0.780657 75.645000
0.781120 75.645900
0.781583 75.650000
0.782045 75.656900
0.782508 75.675000
0.782971 75.681200
0.783434 75.695000
0.783896 75.742000
0.784359 75.747000
0.784822 75.747000
0.785285 75.748000
0.785747 75.753900
0.786210 75.770100
0.786673 75.778000
0.787136 75.799900
0.787598 75.800900
0.788061 75.827800
0.788524 75.851000
0.788987 75.868800
0.789449 75.877000
0.789912 75.891000
0.790375 75.893900
0.790838 75.905100
0.791300 75.905800
0.791763 75.933000
0.792226 75.979000
0.792689 76.037200
0.793151 76.054100
0.793614 76.065100
0.794077 76.104200
0.794540 76.113000
0.795002 76.142100
0.795465 76.149000
0.795928 76.157100
0.796391 76.172800
0.796853 76.174000
0.797316 76.211000
0.797779 76.214100
0.798242 76.250100
0.798704 76.265100
0.799167 76.273900
0.799630 76.319900
0.800093 76.328000
0.800555 76.334000
0.801018 76.349000
0.801481 76.418900
0.801944 76.544000
0.802406 76.601000
0.802869 76.643000
0.803332 76.650100
0.803795 76.653000
0.804257 76.679000
0.804720 76.777000
0.805183 76.831100
0.805646 76.845900
0.806108 76.873100
0.806571 76.883100
0.807034 76.899100
0.807497 76.904100
0.807959 76.906000
0.808422 76.934800
0.808885 76.945100
0.809348 76.952000
0.809810 76.965100
0.810273 76.969100
0.810736 76.973000
0.811199 76.993900
0.811661 77.030200
0.812124 77.033000
0.812587 77.134800
0.813050 77.152000
0.813512 77.158900
0.813975 77.168900
0.814438 77.177000
0.814901 77.182100
0.815363 77.204000
0.815826 77.244000
0.816289 77.266000
0.816752 77.271000
0.817214 77.280000
0.817677 77.292000
0.818140 77.333000
0.818602 77.353000
0.819065 77.355900
0.819528 77.394000
0.819991 77.413100
0.820453 77.426200
0.820916 77.475100
0.821379 77.517000
0.821842 77.575000
0.822304 77.636000
0.822767 77.652900
0.823230 77.725900
0.823693 77.727800
0.824155 77.728000
0.824618 77.862000
0.825081 77.866100
0.825544 77.884900
0.826006 77.931900
0.826469 78.015800
0.826932 78.024900
0.827395 78.038000
0.827857 78.055100
0.828320 78.064000
0.828783 78.068000
0.829246 78.069900
0.829708 78.106900
0.830171 78.178200
0.830634 78.187000
0.831097 78.213900
0.831559 78.225100
0.832022 78.261100
0.832485 78.286900
0.832948 78.320000
0.833410 78.326000
0.833873 78.328800
0.834336 78.380100
0.834799 78.444000
0.835261 78.459000
0.835724 78.473800
0.836187 78.517900
0.836650 78.522900
0.837112 78.526000
0.837575 78.532200
0.838038 78.537900
0.838501 78.537900
0.838963 78.538900
0.839426 78.558900
0.839889 78.578900
0.840352 78.590900
0.840814 78.607100
0.841277 78.608000
0.841740 78.655000
0.842203 78.669100
0.842665 78.703200
0.843128 78.744900
0.843591 78.756100
0.844054 78.758000
0.844516 78.758000
0.844979 78.764200
0.845442 78.769900
0.845905 78.771100
0.846367 78.778000
0.846830 78.883900
0.847293 78.900100
0.847756 78.923000
0.848218 78.949000
0.848681 78.958000
0.849144 79.071000
0.849607 79.085100
0.850069 79.098900
0.850532 79.105100
0.850995 79.157800
0.851458 79.188100
0.851920 79.204100
0.852383 79.214100
0.852846 79.227000
0.853309 79.240100
0.853771 79.253000
0.854234 79.266100
0.854697 79.285900
0.855160 79.352900
0.855622 79.398200
0.856085 79.420100
0.856548 79.434200
0.857011 79.436100
0.857473 79.440100
0.857936 79.440100
0.858399 79.443000
0.858862 79.454200
0.859324 79.455900
0.859787 79.481800
0.860250 79.483000
0.860713 79.484000
0.861175 79.493000
0.861638 79.515000
0.862101 79.549100
0.862564 79.554100
0.863026 79.561900
0.863489 79.573200
0.863952 79.599900
0.864415 79.603200
0.864877 79.667100
0.865340 79.668000
0.865803 79.681200
0.866266 79.698100
0.866728 79.704000
0.867191 79.706900
0.867654 79.712900
0.868117 79.739100
0.868579 79.744100
0.869042 79.773900
0.869505 79.788000
0.869968 79.796100
0.870430 79.846100
0.870893 79.873100
0.871356 79.889100
0.871819 79.932000
0.872281 79.986100
0.872744 80.001100
0.873207 80.004900
0.873670 80.017100
0.874132 80.076000
0.874595 80.102900
0.875058 80.144900
0.875521 80.148000
0.875983 80.164900
0.876446 80.214000
0.876909 80.218100
0.877372 80.234100
0.877834 80.292900
0.878297 80.339000
0.878760 80.375200
0.879223 80.444800
0.879685 80.454100
0.880148 80.468900
0.880611 80.478200
0.881074 80.522100
0.881536 80.530900
0.881999 80.537100
0.882462 80.546100
0.882925 80.581900
0.883387 80.582900
0.883850 80.691100
0.884313 80.700200
0.884776 80.735000
0.885238 80.772900
0.885701 80.783100
0.886164 80.822900
0.886627 80.861100
0.887089 80.864200
0.887552 80.880200
0.888015 80.908100
0.888478 80.925000
0.888940 81.026800
0.889403 81.061800
0.889866 81.116000
0.890329 81.157900
0.890791 81.192000
0.891254 81.270000
0.891717 81.272100
0.892180 81.290000
0.892642 81.297900
0.893105 81.318900
0.893568 81.372000
0.894031 81.373000
0.894493 81.388000
0.894956 81.433100
0.895419 81.438800
0.895882 81.458800
0.896344 81.496000
0.896807 81.525100
0.897270 81.553000
0.897733 81.557000
0.898195 81.559900
0.898658 81.601900
0.899121 81.636000
0.899584 81.637900
0.900046 81.659100
0.900509 81.712000
0.900972 81.713000
0.901435 81.731800
0.901897 81.738900
0.902360 81.743000
0.902823 81.771100
0.903286 81.775900
0.903748 81.785000
0.904211 81.847200
0.904674 81.852000
0.905137 81.886100
0.905599 81.908000
0.906062 81.910100
0.906525 81.989000
0.906988 82.059900
0.907450 82.078900
0.907913 82.087000
0.908376 82.102100
0.908839 82.143100
0.909301 82.170000
0.909764 82.244900
0.910227 82.260100
0.910689 82.281800
0.911152 82.283000
0.911615 82.296100
0.912078 82.299900
0.912540 82.309000
0.913003 82.336900
0.913466 82.341900
0.913929 82.355000
0.914391 82.377900
0.914854 82.422000
0.915317 82.425100
0.915780 82.432000
0.916242 82.463000
0.916705 82.526900
0.917168 82.536000
0.917631 82.598000
0.918093 82.625200
0.918556 82.664000
0.919019 82.695000
0.919482 82.708100
0.919944 82.720000
0.920407 82.738900
0.920870 82.748900
0.921333 82.872900
0.921795 82.925100
0.922258 82.946100
0.922721 82.948200
0.923184 82.968000
0.923646 82.988000
0.924109 82.999900
0.924572 83.027100
0.925035 83.028100
0.925497 83.030000
0.925960 83.059100
0.926423 83.109900
0.926886 83.205000
0.927348 83.212900
0.927811 83.222200
0.928274 83.222200
0.928737 83.222900
0.929199 83.241000
0.929662 83.255100
0.930125 83.256000
0.930588 83.273900
0.931050 83.336100
0.931513 83.344900
0.931976 83.387900
0.932439 83.396900
0.932901 83.435100
0.933364 83.478000
0.933827 83.479900
0.934290 83.541900
0.934752 83.552800
0.935215 83.566900
0.935678 83.628900
0.936141 83.666100
0.936603 83.696800
0.937066 83.823900
0.937529 83.826100
0.937992 83.888100
0.938454 83.927900
0.938917 83.951000
0.939380 84.013000
0.939843 84.141000
0.940305 84.186100
0.940768 84.197000
0.941231 84.200100
0.941694 84.264000
0.942156 84.265900
0.942619 84.424000
0.943082 84.446900
0.943545 84.461900
0.944007 84.534900
0.944470 84.594000
0.944933 84.599000
0.945396 84.696100
0.945858 84.739900
0.946321 84.760000
0.946784 84.818100
0.947247 84.830000
0.947709 84.937100
0.948172 84.939000
0.948635 84.948100
0.949098 84.968800
0.949560 85.003100
0.950023 85.036000
0.950486 85.079900
0.950949 85.095900
0.951411 85.121200
0.951874 85.124000
0.952337 85.244900
0.952800 85.368200
0.953262 85.382900
0.953725 85.449900
0.954188 85.470900
0.954651 85.479000
0.955113 85.487800
0.955576 85.537900
0.956039 85.687900
0.956502 85.723200
0.956964 85.791800
0.957427 85.834000
0.957890 85.847100
0.958353 85.901000
0.958815 85.922000
0.959278 85.932000
0.959741 86.036900
0.960204 86.048100
0.960666 86.139000
0.961129 86.152100
0.961592 86.165900
0.962055 86.344000
0.962517 86.367800
0.962980 86.431000
0.963443 86.439100
0.963906 86.503000
0.964368 86.561200
0.964831 86.583100
0.965294 86.609800
0.965757 86.645100
0.966219 86.773900
0.966682 86.827000
0.967145 87.034900
0.967608 87.086200
0.968070 87.128900
0.968533 87.220200
0.968996 87.254000
0.969459 87.506100
0.969921 87.535100
0.970384 87.579000
0.970847 87.582100
0.971310 87.637900
0.971772 87.641000
0.972235 87.700100
0.972698 87.769000
0.973161 87.784100
0.973623 87.842900
0.974086 87.844800
0.974549 87.881100
0.975012 87.933100
0.975474 87.936900
0.975937 88.013900
0.976400 88.144100
0.976863 88.183900
0.977325 88.228000
0.977788 88.289000
0.978251 88.365100
0.978714 88.398900
0.979176 88.422100
0.979639 88.464000
0.980102 88.543900
0.980565 88.644000
0.981027 88.650000
0.981490 88.667900
0.981953 88.689800
0.982416 88.815000
0.982878 88.842900
0.983341 88.858800
0.983804 89.018800
0.984267 89.103900
0.984729 89.130200
0.985192 89.328100
0.985655 89.455800
0.986118 89.693100
0.986580 89.951000
0.987043 90.091000
0.987506 90.228100
0.987969 90.544000
0.988431 90.570000
0.988894 90.639100
0.989357 90.836000
0.989820 90.946900
0.990282 91.313100
0.990745 92.105200
0.991208 92.200000
0.991671 92.504000
0.992133 92.619900
0.992596 93.599100
0.993059 93.858000
0.993522 93.863000
0.993984 94.054000
0.994447 94.083800
0.994910 94.244000
0.995373 94.296900
0.995835 94.658100
0.996298 95.552000
0.996761 95.809000
0.997224 96.162100
0.997686 97.004900
0.998149 100.227000
0.998612 100.992000
0.999075 101.707000
0.999537 103.801000
1.000000 116.093000
