0.006579 50.497100
0.013158 50.663000
0.019737 51.415900
0.026316 51.517000
0.032895 51.729200
0.039474 51.775900
0.046053 52.037000
0.052632 52.133100
0.059211 52.179100
0.065789 52.354100
0.072368 52.695000
0.078947 52.871900
0.085526 53.236000
0.092105 53.298000
0.098684 53.440800
0.105263 53.963900
0.111842 54.027100
0.118421 54.096900
0.125000 54.150100
0.131579 54.330100
0.138158 54.340100
0.144737 54.643900
0.151316 54.656000
0.157895 54.775000
0.164474 55.001000
0.171053 55.035100
0.177632 55.120900
0.184211 55.146000
0.190789 55.419900
0.197368 55.479000
0.203947 55.543900
0.210526 55.986900
0.217105 56.164000
0.223684 56.314900
0.230263 56.355000
0.236842 56.361000
0.243421 56.373800
0.250000 56.536900
0.256579 56.693100
0.263158 56.837100
0.269737 57.292000
0.276316 57.616000
0.282895 57.744000
0.289474 57.876800
0.296053 58.028000
0.302632 58.245900
0.309211 58.437800
0.315789 58.485000
0.322368 58.488800
0.328947 58.639000
0.335526 58.690100
0.342105 58.753000
0.348684 58.890800
0.355263 58.894900
0.361842 59.083000
0.368421 59.255800
0.375000 59.578900
0.381579 59.646800
0.388158 59.685000
0.394737 60.555900
0.401316 60.611000
0.407895 60.690900
0.414474 61.027100
0.421053 61.327000
0.427632 61.327900
0.434211 61.456200
0.440789 61.485100
0.447368 61.498900
0.453947 61.500100
0.460526 61.667000
0.467105 61.749000
0.473684 61.862000
0.480263 62.179100
0.486842 62.218900
0.493421 62.315900
0.500000 62.508800
0.506579 62.777000
0.513158 63.001900
0.519737 63.110800
0.526316 63.298000
0.532895 63.625100
0.539474 64.012100
0.546053 64.891100
0.552632 65.019100
0.559211 65.052000
0.565789 65.557000
0.572368 65.729900
0.578947 65.779900
0.585526 66.160000
0.592105 66.211000
0.598684 66.217900
0.605263 66.598200
0.611842 66.901000
0.618421 67.049000
0.625000 67.463200
0.631579 67.625000
0.638158 67.666100
0.644737 67.915000
0.651316 68.019200
0.657895 68.056100
0.664474 68.062100
0.671053 68.309100
0.677632 68.447100
0.684211 69.114000
0.690789 69.116100
0.697368 69.251100
0.703947 69.273900
0.710526 69.369100
0.717105 69.493100
0.723684 69.593000
0.730263 70.008000
0.736842 70.067900
0.743421 70.285100
0.750000 70.781000
0.756579 71.147900
0.763158 71.189900
0.769737 71.931100
0.776316 72.463000
0.782895 72.469900
0.789474 72.677900
0.796053 73.006900
0.802632 73.092900
0.809211 73.738100
0.815789 73.754100
0.822368 74.289100
0.828947 74.342000
0.835526 74.579000
0.842105 74.974100
0.848684 76.499000
0.855263 76.507100
0.861842 76.978200
0.868421 77.726100
0.875000 78.297900
0.881579 78.535100
0.888158 78.954000
0.894737 79.033100
0.901316 79.253200
0.907895 80.883000
0.914474 81.185100
0.921053 81.406100
0.927632 81.429000
0.934211 81.630900
0.940789 81.718900
0.947368 82.294900
0.953947 82.315900
0.960526 82.408900
0.967105 83.039000
0.973684 84.228000
0.980263 84.298100
0.986842 84.814100
0.993421 85.483100
1.000000 86.758900
