0.020408 49.293000
0.040816 50.577900
0.061224 51.015100
0.081633 51.098100
0.102041 51.140100
0.122449 51.188000
0.142857 51.259000
0.163265 51.556100
0.183673 52.250100
0.204082 52.782100
0.224490 53.477000
0.244898 53.645100
0.265306 54.139900
0.285714 54.181800
0.306122 54.446900
0.326531 54.498000
0.346939 54.920000
0.367347 55.084000
0.387755 55.134100
0.408163 56.253000
0.428571 57.277000
0.448980 57.646000
0.469388 57.851100
0.489796 58.556100
0.510204 60.661100
0.530612 60.872100
0.551020 60.928100
0.571429 61.924000
0.591837 62.307100
0.612245 62.889100
0.632653 63.900000
0.653061 63.941000
0.673469 64.375900
0.693878 65.324100
0.714286 65.388900
0.734694 65.799000
0.755102 66.390000
0.775510 66.548800
0.795918 68.286900
0.816327 70.667000
0.836735 71.004200
0.857143 72.050100
0.877551 72.313800
0.897959 74.068100
0.918367 74.852000
0.938776 75.365100
0.959184 76.232900
0.979592 79.551000
1.000000 86.022100
