0.000950 9.346960
0.001899 9.359120
0.002849 9.361030
0.003799 9.429930
0.004748 9.430890
0.005698 9.449960
0.006648 9.453060
0.007597 9.454010
0.008547 9.454010
0.009497 9.454970
0.010446 9.456160
0.011396 9.463790
0.012346 9.466890
0.013295 9.473090
0.014245 9.475950
0.015195 9.476900
0.016144 9.482860
0.017094 9.490010
0.018044 9.490970
0.018993 9.500980
0.019943 9.503840
0.020893 9.509090
0.021842 9.512900
0.022792 9.513850
0.023742 9.518150
0.024691 9.521960
0.025641 9.522910
0.026591 9.524110
0.027540 9.526010
0.028490 9.528160
0.029440 9.533170
0.030389 9.533880
0.031339 9.536030
0.032289 9.538890
0.033238 9.539840
0.034188 9.539840
0.035138 9.549860
0.036087 9.552000
0.037037 9.552960
0.037987 9.552960
0.038936 9.553910
0.039886 9.559870
0.040836 9.560820
0.041785 9.560820
0.042735 9.563920
0.043685 9.568930
0.044634 9.571790
0.045584 9.574890
0.046534 9.578940
0.047483 9.580140
0.048433 9.581090
0.049383 9.583000
0.050332 9.583000
0.051282 9.583000
0.052232 9.583950
0.053181 9.583950
0.054131 9.589200
0.055081 9.592060
0.056030 9.593010
0.056980 9.601120
0.057930 9.604930
0.058879 9.605880
0.059829 9.609940
0.060779 9.609940
0.061728 9.610890
0.062678 9.611850
0.063628 9.615900
0.064577 9.621860
0.065527 9.623050
0.066477 9.633780
0.067426 9.634020
0.068376 9.637830
0.069326 9.642120
0.070275 9.644990
0.071225 9.648080
0.072175 9.649990
0.073124 9.653090
0.074074 9.659050
0.075024 9.661910
0.075973 9.664060
0.076923 9.665010
0.077873 9.669070
0.078822 9.671930
0.079772 9.675980
0.080722 9.680030
0.081671 9.680990
0.082621 9.684090
0.083571 9.685990
0.084520 9.696960
0.085470 9.701970
0.086420 9.703870
0.087369 9.705070
0.088319 9.708170
0.089269 9.710070
0.090218 9.710070
0.091168 9.716990
0.092118 9.716990
0.093067 9.722950
0.094017 9.727950
0.094967 9.728910
0.095916 9.734870
0.096866 9.739880
0.097816 9.740110
0.098765 9.741780
0.099715 9.746070
0.100665 9.747030
0.101614 9.747980
0.102564 9.749890
0.103514 9.750130
0.104463 9.753940
0.105413 9.760860
0.106363 9.762050
0.107312 9.762050
0.108262 9.768960
0.109212 9.769920
0.110161 9.773970
0.111111 9.775880
0.112061 9.776830
0.113010 9.784940
0.113960 9.785890
0.114910 9.788990
0.115859 9.792090
0.116809 9.793040
0.117759 9.795900
0.118708 9.799000
0.119658 9.799000
0.120608 9.802100
0.121557 9.802100
0.122507 9.806160
0.123457 9.807110
0.124406 9.809970
0.125356 9.812830
0.126306 9.813790
0.127255 9.815930
0.128205 9.815930
0.129155 9.818080
0.130104 9.818080
0.131054 9.819980
0.132004 9.821890
0.132953 9.823080
0.133903 9.824990
0.134853 9.824990
0.135802 9.825940
0.136752 9.827850
0.137702 9.828090
0.138651 9.829040
0.139601 9.829040
0.140551 9.830240
0.141500 9.834050
0.142450 9.836910
0.143400 9.838820
0.144349 9.839060
0.145299 9.840010
0.146249 9.840010
0.147198 9.840970
0.148148 9.840970
0.149098 9.841920
0.150047 9.847880
0.150997 9.849070
0.151947 9.850980
0.152896 9.851930
0.153846 9.851930
0.154796 9.855990
0.155745 9.857180
0.156695 9.857890
0.157645 9.860040
0.158594 9.860990
0.159544 9.860990
0.160494 9.860990
0.161443 9.860990
0.162393 9.860990
0.163343 9.861950
0.164292 9.862900
0.165242 9.866000
0.166192 9.866000
0.167142 9.870050
0.168091 9.871010
0.169041 9.871960
0.169991 9.871960
0.170940 9.872200
0.171890 9.877920
0.172840 9.879830
0.173789 9.881020
0.174739 9.885070
0.175689 9.888890
0.176638 9.895090
0.177588 9.898190
0.178538 9.898900
0.179487 9.900810
0.180437 9.901050
0.181387 9.903910
0.182336 9.907010
0.183286 9.907010
0.184236 9.910110
0.185185 9.912010
0.186135 9.912010
0.187085 9.912970
0.188034 9.916070
0.188984 9.916070
0.189934 9.917020
0.190883 9.917020
0.191833 9.917970
0.192783 9.917970
0.193732 9.919170
0.194682 9.922030
0.195632 9.927990
0.196581 9.927990
0.197531 9.929900
0.198481 9.930130
0.199430 9.930850
0.200380 9.932990
0.201330 9.933950
0.202279 9.938000
0.203229 9.939910
0.204179 9.942050
0.205128 9.942050
0.206078 9.943960
0.207028 9.943960
0.207977 9.944920
0.208927 9.945870
0.209877 9.949920
0.210826 9.950160
0.211776 9.953980
0.212726 9.954930
0.213675 9.956120
0.214625 9.957080
0.215575 9.958030
0.216524 9.960170
0.217474 9.961840
0.218424 9.962080
0.219373 9.964940
0.220323 9.966140
0.221273 9.966850
0.222222 9.969000
0.223172 9.969000
0.224122 9.972810
0.225071 9.972810
0.226021 9.973050
0.226971 9.974960
0.227920 9.977100
0.228870 9.980200
0.229820 9.982110
0.230769 9.982110
0.231719 9.984020
0.232669 9.986880
0.233618 9.989020
0.234568 9.989020
0.235518 9.989980
0.236467 9.990930
0.237417 9.991880
0.238367 9.992120
0.239316 9.992120
0.240266 9.992840
0.241216 9.993080
0.242165 9.993080
0.243115 9.993790
0.244065 9.994980
0.245014 9.999040
0.245964 9.999990
0.246914 9.999990
0.247863 10.000900
0.248813 10.000900
0.249763 10.002100
0.250712 10.009100
0.251662 10.010000
0.252612 10.012100
0.253561 10.012900
0.254511 10.015000
0.255461 10.015000
0.256410 10.016000
0.257360 10.018800
0.258310 10.019100
0.259259 10.020000
0.260209 10.020000
0.261159 10.022900
0.262108 10.023800
0.263058 10.023800
0.264008 10.024100
0.264957 10.026000
0.265907 10.026000
0.266857 10.026900
0.267806 10.027200
0.268756 10.027900
0.269706 10.031000
0.270655 10.033100
0.271605 10.033800
0.272555 10.033800
0.273504 10.037900
0.274454 10.038100
0.275404 10.040000
0.276353 10.042900
0.277303 10.043900
0.278253 10.050100
0.279202 10.050800
0.280152 10.052000
0.281102 10.052000
0.282051 10.061000
0.283001 10.062000
0.283951 10.062000
0.284900 10.062900
0.285850 10.063900
0.286800 10.072900
0.287749 10.072900
0.288699 10.075100
0.289649 10.076000
0.290598 10.077000
0.291548 10.078900
0.292498 10.081100
0.293447 10.082000
0.294397 10.082000
0.295347 10.083200
0.296296 10.084900
0.297246 10.093000
0.298196 10.093000
0.299145 10.095100
0.300095 10.096100
0.301045 10.096100
0.301994 10.097000
0.302944 10.098000
0.303894 10.098900
0.304843 10.098900
0.305793 10.102000
0.306743 10.103900
0.307692 10.105100
0.308642 10.106100
0.309592 10.107000
0.310541 10.107000
0.311491 10.108000
0.312441 10.109900
0.313390 10.109900
0.314340 10.109900
0.315290 10.109900
0.316239 10.113000
0.317189 10.113000
0.318139 10.113000
0.319088 10.114000
0.320038 10.114900
0.320988 10.115900
0.321937 10.116100
0.322887 10.118000
0.323837 10.124000
0.324786 10.124000
0.325736 10.125200
0.326686 10.128000
0.327635 10.129900
0.328585 10.130900
0.329535 10.131800
0.330484 10.132100
0.331434 10.132100
0.332384 10.132100
0.333333 10.134000
0.334283 10.134000
0.335233 10.134900
0.336182 10.138000
0.337132 10.142100
0.338082 10.143000
0.339031 10.144000
0.339981 10.147100
0.340931 10.150900
0.341880 10.151900
0.342830 10.152100
0.343780 10.157100
0.344729 10.159000
0.345679 10.160000
0.346629 10.160900
0.347578 10.161200
0.348528 10.161900
0.349478 10.162800
0.350427 10.163100
0.351377 10.165000
0.352327 10.165900
0.353276 10.168100
0.354226 10.170900
0.355176 10.179000
0.356125 10.181000
0.357075 10.185000
0.358025 10.187100
0.358974 10.188100
0.359924 10.188800
0.360874 10.189100
0.361823 10.190000
0.362773 10.190000
0.363723 10.190000
0.364672 10.192900
0.365622 10.192900
0.366572 10.195000
0.367521 10.196900
0.368471 10.196900
0.369421 10.196900
0.370370 10.203100
0.371320 10.204100
0.372270 10.206000
0.373219 10.206000
0.374169 10.208100
0.375119 10.208800
0.376068 10.209800
0.377018 10.211900
0.377968 10.216000
0.378917 10.217000
0.379867 10.222000
0.380817 10.223200
0.381766 10.224100
0.382716 10.225100
0.383666 10.226000
0.384615 10.226000
0.385565 10.231000
0.386515 10.235100
0.387464 10.235100
0.388414 10.237200
0.389364 10.237200
0.390313 10.237900
0.391263 10.237900
0.392213 10.238200
0.393162 10.242000
0.394112 10.246000
0.395062 10.247000
0.396011 10.249100
0.396961 10.249100
0.397911 10.253000
0.398860 10.253900
0.399810 10.256100
0.400760 10.257000
0.401709 10.258200
0.402659 10.259900
0.403609 10.259900
0.404558 10.261100
0.405508 10.263900
0.406458 10.263900
0.407407 10.267000
0.408357 10.270800
0.409307 10.270800
0.410256 10.271100
0.411206 10.276100
0.412156 10.279200
0.413105 10.283000
0.414055 10.284900
0.415005 10.285100
0.415954 10.285900
0.416904 10.286100
0.417854 10.286100
0.418803 10.287000
0.419753 10.289900
0.420703 10.293000
0.421652 10.293000
0.422602 10.293000
0.423552 10.294000
0.424501 10.294000
0.425451 10.295200
0.426401 10.296100
0.427350 10.296100
0.428300 10.297100
0.429250 10.298000
0.430199 10.299000
0.431149 10.299000
0.432099 10.299900
0.433048 10.302100
0.433998 10.303000
0.434948 10.303000
0.435897 10.304000
0.436847 10.304900
0.437797 10.305900
0.438746 10.305900
0.439696 10.310900
0.440646 10.310900
0.441595 10.314000
0.442545 10.315200
0.443495 10.317100
0.444444 10.319900
0.445394 10.325900
0.446344 10.326900
0.447293 10.330000
0.448243 10.330000
0.449193 10.330900
0.450142 10.337100
0.451092 10.338100
0.452042 10.339000
0.452991 10.340000
0.453941 10.342100
0.454891 10.344000
0.455840 10.345000
0.456790 10.345900
0.457740 10.346900
0.458689 10.346900
0.459639 10.347100
0.460589 10.350900
0.461538 10.350900
0.462488 10.352100
0.463438 10.354000
0.464387 10.355000
0.465337 10.355000
0.466287 10.355900
0.467236 10.361000
0.468186 10.361900
0.469136 10.362100
0.470085 10.364100
0.471035 10.366000
0.471985 10.367900
0.472934 10.371000
0.473884 10.372900
0.474834 10.373100
0.475783 10.376000
0.476733 10.376900
0.477683 10.378100
0.478632 10.380000
0.479582 10.385000
0.480532 10.386000
0.481481 10.386000
0.482431 10.386000
0.483381 10.389100
0.484330 10.390000
0.485280 10.391000
0.486230 10.393100
0.487179 10.393900
0.488129 10.394100
0.489079 10.395100
0.490028 10.396000
0.490978 10.400100
0.491928 10.401000
0.492877 10.402000
0.493827 10.402000
0.494777 10.402000
0.495726 10.402000
0.496676 10.403900
0.497626 10.404100
0.498575 10.404800
0.499525 10.405800
0.500475 10.406000
0.501425 10.407000
0.502374 10.408900
0.503324 10.409100
0.504274 10.412200
0.505223 10.415100
0.506173 10.416000
0.507123 10.423200
0.508072 10.425100
0.509022 10.427000
0.509972 10.427000
0.510921 10.428900
0.511871 10.430800
0.512821 10.435100
0.513770 10.436100
0.514720 10.437000
0.515670 10.438000
0.516619 10.439900
0.517569 10.440800
0.518519 10.443000
0.519468 10.443900
0.520418 10.445100
0.521368 10.448900
0.522317 10.449900
0.523267 10.453900
0.524217 10.455100
0.525166 10.458900
0.526116 10.458900
0.527066 10.464000
0.528015 10.466100
0.528965 10.467100
0.529915 10.472100
0.530864 10.472800
0.531814 10.473000
0.532764 10.474900
0.533713 10.481800
0.534663 10.481800
0.535613 10.485200
0.536562 10.487100
0.537512 10.490900
0.538462 10.490900
0.539411 10.493000
0.540361 10.494900
0.541311 10.498000
0.542260 10.498000
0.543210 10.498000
0.544160 10.500000
0.545109 10.502100
0.546059 10.505000
0.547009 10.505000
0.547958 10.505000
0.548908 10.507100
0.549858 10.509000
0.550807 10.511200
0.551757 10.518100
0.552707 10.520000
0.553656 10.520000
0.554606 10.520900
0.555556 10.523100
0.556505 10.529000
0.557455 10.530000
0.558405 10.531900
0.559354 10.536900
0.560304 10.537100
0.561254 10.543100
0.562203 10.544100
0.563153 10.546000
0.564103 10.547900
0.565052 10.550000
0.566002 10.550000
0.566952 10.556900
0.567901 10.558100
0.568851 10.559100
0.569801 10.561200
0.570750 10.564100
0.571700 10.566900
0.572650 10.572900
0.573599 10.577000
0.574549 10.577000
0.575499 10.580100
0.576448 10.581000
0.577398 10.586000
0.578348 10.586000
0.579297 10.586000
0.580247 10.586000
0.581197 10.587900
0.582146 10.592000
0.583096 10.592900
0.584046 10.592900
0.584995 10.593900
0.585945 10.594800
0.586895 10.595100
0.587844 10.595100
0.588794 10.596000
0.589744 10.597000
0.590693 10.597900
0.591643 10.598200
0.592593 10.598900
0.593542 10.602000
0.594492 10.603900
0.595442 10.605100
0.596391 10.613900
0.597341 10.613900
0.598291 10.616100
0.599240 10.618000
0.600190 10.618900
0.601140 10.618900
0.602089 10.625100
0.603039 10.632000
0.603989 10.633900
0.604938 10.634900
0.605888 10.638000
0.606838 10.639000
0.607787 10.639900
0.608737 10.640900
0.609687 10.641100
0.610636 10.642100
0.611586 10.646100
0.612536 10.646100
0.613485 10.649000
0.614435 10.652100
0.615385 10.652100
0.616334 10.652100
0.617284 10.653000
0.618234 10.656100
0.619183 10.658000
0.620133 10.658000
0.621083 10.658000
0.622032 10.659000
0.622982 10.659000
0.623932 10.662100
0.624881 10.663000
0.625831 10.664000
0.626781 10.664000
0.627730 10.665900
0.628680 10.666100
0.629630 10.669000
0.630579 10.669000
0.631529 10.669900
0.632479 10.670200
0.633428 10.676100
0.634378 10.677800
0.635328 10.682100
0.636277 10.689000
0.637227 10.690900
0.638177 10.695000
0.639126 10.699000
0.640076 10.701200
0.641026 10.704000
0.641975 10.705000
0.642925 10.706900
0.643875 10.716200
0.644824 10.718100
0.645774 10.723800
0.646724 10.728800
0.647673 10.732900
0.648623 10.732900
0.649573 10.736000
0.650522 10.740000
0.651472 10.741000
0.652422 10.742900
0.653371 10.743900
0.654321 10.747200
0.655271 10.751000
0.656220 10.751000
0.657170 10.752000
0.658120 10.753200
0.659069 10.753200
0.660019 10.756000
0.660969 10.772000
0.661918 10.775100
0.662868 10.775100
0.663818 10.778200
0.664767 10.786100
0.665717 10.791100
0.666667 10.791100
0.667616 10.793900
0.668566 10.802000
0.669516 10.807000
0.670465 10.808000
0.671415 10.808000
0.672365 10.812000
0.673314 10.813000
0.674264 10.814200
0.675214 10.814900
0.676163 10.815900
0.677113 10.815900
0.678063 10.819900
0.679012 10.820900
0.679962 10.821100
0.680912 10.822100
0.681861 10.828000
0.682811 10.828000
0.683761 10.829900
0.684710 10.830900
0.685660 10.831100
0.686610 10.839000
0.687559 10.840900
0.688509 10.843000
0.689459 10.844900
0.690408 10.846100
0.691358 10.851900
0.692308 10.860900
0.693257 10.863800
0.694207 10.869000
0.695157 10.874000
0.696106 10.880900
0.697056 10.888100
0.698006 10.889100
0.698955 10.891000
0.699905 10.891000
0.700855 10.896900
0.701804 10.897900
0.702754 10.898100
0.703704 10.900000
0.704653 10.903800
0.705603 10.907900
0.706553 10.921000
0.707502 10.922000
0.708452 10.922200
0.709402 10.927000
0.710351 10.937000
0.711301 10.949100
0.712251 10.950800
0.713200 10.952000
0.714150 10.953900
0.715100 10.957000
0.716049 10.957000
0.716999 10.957000
0.717949 10.961800
0.718898 10.961800
0.719848 10.966100
0.720798 10.978000
0.721747 10.980800
0.722697 10.983900
0.723647 10.999000
0.724596 11.000900
0.725546 11.011100
0.726496 11.014000
0.727445 11.019200
0.728395 11.019900
0.729345 11.032100
0.730294 11.034000
0.731244 11.038100
0.732194 11.038100
0.733143 11.038100
0.734093 11.041900
0.735043 11.044000
0.735992 11.045000
0.736942 11.060000
0.737892 11.066000
0.738841 11.068100
0.739791 11.070000
0.740741 11.071900
0.741690 11.072900
0.742640 11.075000
0.743590 11.078100
0.744539 11.078800
0.745489 11.084100
0.746439 11.084100
0.747388 11.088800
0.748338 11.092900
0.749288 11.105100
0.750237 11.109800
0.751187 11.116000
0.752137 11.120100
0.753086 11.122000
0.754036 11.125800
0.754986 11.127000
0.755935 11.130100
0.756885 11.130800
0.757835 11.131000
0.758784 11.133200
0.759734 11.162000
0.760684 11.178000
0.761633 11.181800
0.762583 11.184000
0.763533 11.184000
0.764482 11.193000
0.765432 11.193000
0.766382 11.199000
0.767331 11.200000
0.768281 11.211200
0.769231 11.211900
0.770180 11.215000
0.771130 11.228100
0.772080 11.230000
0.773029 11.232900
0.773979 11.234000
0.774929 11.240000
0.775878 11.246900
0.776828 11.250000
0.777778 11.263800
0.778727 11.272000
0.779677 11.273900
0.780627 11.277900
0.781576 11.281000
0.782526 11.281000
0.783476 11.287000
0.784425 11.287900
0.785375 11.290800
0.786325 11.293200
0.787274 11.302900
0.788224 11.312000
0.789174 11.318000
0.790123 11.322000
0.791073 11.333000
0.792023 11.338000
0.792972 11.344200
0.793922 11.345900
0.794872 11.352100
0.795821 11.359900
0.796771 11.377100
0.797721 11.377800
0.798670 11.384000
0.799620 11.390000
0.800570 11.391200
0.801519 11.416900
0.802469 11.425000
0.803419 11.429100
0.804368 11.431000
0.805318 11.431000
0.806268 11.439100
0.807217 11.454800
0.808167 11.467900
0.809117 11.490100
0.810066 11.493000
0.811016 11.497000
0.811966 11.508000
0.812915 11.508900
0.813865 11.510800
0.814815 11.511800
0.815764 11.519000
0.816714 11.531800
0.817664 11.533000
0.818613 11.539000
0.819563 11.575900
0.820513 11.602200
0.821462 11.608800
0.822412 11.609100
0.823362 11.612900
0.824311 11.616000
0.825261 11.616900
0.826211 11.621000
0.827160 11.626000
0.828110 11.638900
0.829060 11.656000
0.830009 11.663900
0.830959 11.670800
0.831909 11.681100
0.832858 11.687000
0.833808 11.706100
0.834758 11.709000
0.835708 11.721100
0.836657 11.729000
0.837607 11.741200
0.838557 11.753100
0.839506 11.762100
0.840456 11.762900
0.841406 11.771000
0.842355 11.774100
0.843305 11.778100
0.844255 11.781000
0.845204 11.792200
0.846154 11.797000
0.847104 11.811000
0.848053 11.813200
0.849003 11.813900
0.849953 11.822000
0.850902 11.869900
0.851852 11.875900
0.852802 11.878000
0.853751 11.883000
0.854701 11.889900
0.855651 11.911200
0.856600 11.923100
0.857550 11.930900
0.858500 11.932800
0.859449 11.940000
0.860399 11.941000
0.861349 11.945000
0.862298 11.950000
0.863248 11.967900
0.864198 11.980100
0.865147 11.987000
0.866097 11.987900
0.867047 11.992000
0.867996 12.021100
0.868946 12.038900
0.869896 12.057100
0.870845 12.085900
0.871795 12.090000
0.872745 12.092800
0.873694 12.105000
0.874644 12.105900
0.875594 12.141000
0.876543 12.154100
0.877493 12.170100
0.878443 12.185100
0.879392 12.193000
0.880342 12.211100
0.881292 12.233000
0.882241 12.242100
0.883191 12.290000
0.884141 12.299100
0.885090 12.319800
0.886040 12.347900
0.886990 12.394000
0.887939 12.495000
0.888889 12.605000
0.889839 12.622100
0.890788 12.647900
0.891738 12.694100
0.892688 12.713000
0.893637 12.740900
0.894587 12.762100
0.895537 12.771100
0.896486 12.793100
0.897436 12.802800
0.898386 12.835000
0.899335 12.840000
0.900285 12.894200
0.901235 12.914900
0.902184 13.032000
0.903134 13.072000
0.904084 13.087000
0.905033 13.091800
0.905983 13.160900
0.906933 13.173100
0.907882 13.187900
0.908832 13.202000
0.909782 13.235100
0.910731 13.270900
0.911681 13.367200
0.912631 13.376000
0.913580 13.381000
0.914530 13.382000
0.915480 13.391000
0.916429 13.397900
0.917379 13.453000
0.918329 13.556000
0.919278 13.581000
0.920228 13.588900
0.921178 13.615100
0.922127 13.700000
0.923077 13.707900
0.924027 13.774900
0.924976 13.774900
0.925926 13.811100
0.926876 13.824000
0.927825 13.856900
0.928775 14.007100
0.929725 14.010000
0.930674 14.087900
0.931624 14.173000
0.932574 14.191900
0.933523 14.203800
0.934473 14.205900
0.935423 14.257900
0.936372 14.291000
0.937322 14.293000
0.938272 14.379000
0.939221 14.406000
0.940171 14.421900
0.941121 14.434100
0.942070 14.452000
0.943020 14.482000
0.943970 14.599100
0.944919 14.659200
0.945869 14.718100
0.946819 14.761000
0.947768 14.764100
0.948718 14.780000
0.949668 14.784100
0.950617 14.841100
0.951567 14.967900
0.952517 14.980100
0.953466 15.092800
0.954416 15.102900
0.955366 15.137000
0.956315 15.187000
0.957265 15.209000
0.958215 15.278100
0.959164 15.296900
0.960114 15.384000
0.961064 15.394000
0.962013 15.410200
0.962963 15.425000
0.963913 15.498900
0.964862 15.528000
0.965812 15.554200
0.966762 15.989100
0.967711 16.330000
0.968661 16.788000
0.969611 16.973000
0.970560 17.037900
0.971510 17.046900
0.972460 17.249100
0.973409 17.523100
0.974359 17.547800
0.975309 17.607900
0.976258 17.655100
0.977208 17.876100
0.978158 17.892100
0.979107 17.931000
0.980057 18.180800
0.981007 18.243800
0.981956 18.317900
0.982906 18.410900
0.983856 18.616900
0.984805 18.719900
0.985755 18.970000
0.986705 19.763000
0.987654 19.824000
0.988604 20.100100
0.989554 20.848000
0.990503 21.528000
0.991453 21.863000
0.992403 21.894900
0.993352 21.894900
0.994302 22.110900
0.995252 22.307900
0.996201 22.477100
0.997151 22.603000
0.998101 22.993100
0.999050 23.379100
1.000000 34.966000
