0.000950 48.919900
0.001899 48.920900
0.002849 48.922100
0.003799 48.962800
0.004748 48.974000
0.005698 49.223900
0.006648 49.249200
0.007597 49.258000
0.008547 49.273000
0.009497 49.277800
0.010446 49.294000
0.011396 49.350000
0.012346 49.367000
0.013295 49.412000
0.014245 49.418900
0.015195 49.427000
0.016144 49.460200
0.017094 49.464900
0.018044 49.485000
0.018993 49.505000
0.019943 49.516000
0.020893 49.594900
0.021842 49.602000
0.022792 49.602000
0.023742 49.630900
0.024691 49.643000
0.025641 49.665900
0.026591 49.672100
0.027540 49.686000
0.028490 49.697900
0.029440 49.709800
0.030389 49.716000
0.031339 49.732000
0.032289 49.742000
0.033238 49.752000
0.034188 49.767000
0.035138 49.778900
0.036087 49.786800
0.037037 49.793000
0.037987 49.794900
0.038936 49.799000
0.039886 49.807100
0.040836 49.814200
0.041785 49.825900
0.042735 49.835000
0.043685 49.839000
0.044634 49.887900
0.045584 49.892900
0.046534 49.902000
0.047483 49.917000
0.048433 49.945100
0.049383 49.952000
0.050332 49.959900
0.051282 49.969900
0.052232 49.988000
0.053181 49.989900
0.054131 49.996100
0.055081 50.039100
0.056030 50.052900
0.056980 50.055000
0.057930 50.059100
0.058879 50.059100
0.059829 50.072900
0.060779 50.075100
0.061728 50.097900
0.062678 50.117000
0.063628 50.119900
0.064577 50.120100
0.065527 50.133900
0.066477 50.139000
0.067426 50.167800
0.068376 50.169000
0.069326 50.191200
0.070275 50.197100
0.071225 50.204000
0.072175 50.215000
0.073124 50.218800
0.074074 50.221000
0.075024 50.240000
0.075973 50.242900
0.076923 50.245000
0.077873 50.269800
0.078822 50.274100
0.079772 50.287000
0.080722 50.305800
0.081671 50.309900
0.082621 50.319000
0.083571 50.357100
0.084520 50.359000
0.085470 50.366900
0.086420 50.382900
0.087369 50.385000
0.088319 50.395000
0.089269 50.396000
0.090218 50.403100
0.091168 50.408100
0.092118 50.443900
0.093067 50.450100
0.094017 50.463900
0.094967 50.470100
0.095916 50.498000
0.096866 50.520900
0.097816 50.531900
0.098765 50.555900
0.099715 50.562100
0.100665 50.568800
0.101614 50.570000
0.102564 50.574100
0.103514 50.586900
0.104463 50.587900
0.105413 50.587900
0.106363 50.588100
0.107312 50.588100
0.108262 50.588800
0.109212 50.617000
0.110161 50.630100
0.111111 50.633000
0.112061 50.634100
0.113010 50.642000
0.113960 50.670100
0.114910 50.675200
0.115859 50.684900
0.116809 50.689900
0.117759 50.693000
0.118708 50.697100
0.119658 50.705200
0.120608 50.717100
0.121557 50.737100
0.122507 50.741000
0.123457 50.745000
0.124406 50.750000
0.125356 50.754800
0.126306 50.759100
0.127255 50.779100
0.128205 50.782900
0.129155 50.785100
0.130104 50.795100
0.131054 50.797000
0.132004 50.809100
0.132953 50.809900
0.133903 50.812000
0.134853 50.838900
0.135802 50.851100
0.136752 50.859000
0.137702 50.871100
0.138651 50.880000
0.139601 50.884000
0.140551 50.885900
0.141500 50.893100
0.142450 50.900900
0.143400 50.910000
0.144349 50.912900
0.145299 50.922200
0.146249 50.929100
0.147198 50.934100
0.148148 50.935000
0.149098 50.955100
0.150047 50.970100
0.150997 50.977000
0.151947 50.983000
0.152896 50.986100
0.153846 50.993000
0.154796 50.994200
0.155745 50.996100
0.156695 51.015100
0.157645 51.017000
0.158594 51.017000
0.159544 51.034000
0.160494 51.035900
0.161443 51.049900
0.162393 51.050900
0.163343 51.054000
0.164292 51.067800
0.165242 51.070900
0.166192 51.070900
0.167142 51.091900
0.168091 51.092900
0.169041 51.103100
0.169991 51.107900
0.170940 51.112900
0.171890 51.117200
0.172840 51.134100
0.173789 51.134100
0.174739 51.138900
0.175689 51.149800
0.176638 51.149800
0.177588 51.152900
0.178538 51.167000
0.179487 51.168900
0.180437 51.173000
0.181387 51.177000
0.182336 51.178900
0.183286 51.183000
0.184236 51.184200
0.185185 51.186100
0.186135 51.196800
0.187085 51.209900
0.188034 51.214900
0.188984 51.219000
0.189934 51.226100
0.190883 51.230200
0.191833 51.230900
0.192783 51.232800
0.193732 51.236200
0.194682 51.243100
0.195632 51.245900
0.196581 51.263100
0.197531 51.286200
0.198481 51.294100
0.199430 51.296000
0.200380 51.297900
0.201330 51.301000
0.202279 51.310100
0.203229 51.316000
0.204179 51.322000
0.205128 51.336100
0.206078 51.341100
0.207028 51.344900
0.207977 51.344900
0.208927 51.353900
0.209877 51.355100
0.210826 51.365100
0.211776 51.399900
0.212726 51.405000
0.213675 51.411200
0.214625 51.416200
0.215575 51.417100
0.216524 51.420000
0.217474 51.426200
0.218424 51.430000
0.219373 51.440000
0.220323 51.456000
0.221273 51.458100
0.222222 51.461000
0.223172 51.463100
0.224122 51.471000
0.225071 51.471900
0.226021 51.472900
0.226971 51.476000
0.227920 51.477200
0.228870 51.479100
0.229820 51.499800
0.230769 51.503200
0.231719 51.505800
0.232669 51.508900
0.233618 51.518000
0.234568 51.529900
0.235518 51.531100
0.236467 51.531100
0.237417 51.549000
0.238367 51.549900
0.239316 51.554900
0.240266 51.554900
0.241216 51.559000
0.242165 51.559900
0.243115 51.566100
0.244065 51.590900
0.245014 51.594000
0.245964 51.594000
0.246914 51.595900
0.247863 51.596900
0.248813 51.621900
0.249763 51.641900
0.250712 51.642200
0.251662 51.642900
0.252612 51.646900
0.253561 51.670100
0.254511 51.677000
0.255461 51.693900
0.256410 51.703200
0.257360 51.707000
0.258310 51.715100
0.259259 51.718000
0.260209 51.718000
0.261159 51.729000
0.262108 51.729000
0.263058 51.730200
0.264008 51.736800
0.264957 51.740900
0.265907 51.740900
0.266857 51.752100
0.267806 51.758100
0.268756 51.758100
0.269706 51.759000
0.270655 51.770000
0.271605 51.772800
0.272555 51.779000
0.273504 51.781900
0.274454 51.782800
0.275404 51.783800
0.276353 51.797200
0.277303 51.798100
0.278253 51.801000
0.279202 51.806000
0.280152 51.811000
0.281102 51.816000
0.282051 51.831000
0.283001 51.834100
0.283951 51.842000
0.284900 51.853900
0.285850 51.854800
0.286800 51.859900
0.287749 51.878000
0.288699 51.895900
0.289649 51.897000
0.290598 51.899000
0.291548 51.905900
0.292498 51.922100
0.293447 51.937800
0.294397 51.950900
0.295347 51.959000
0.296296 51.960000
0.297246 51.966900
0.298196 51.971000
0.299145 51.974100
0.300095 51.981900
0.301045 51.997900
0.301994 52.007000
0.302944 52.029100
0.303894 52.038900
0.304843 52.052000
0.305793 52.064200
0.306743 52.073000
0.307692 52.082100
0.308642 52.084000
0.309592 52.096800
0.310541 52.105900
0.311491 52.111900
0.312441 52.125900
0.313390 52.134000
0.314340 52.140000
0.315290 52.141200
0.316239 52.165000
0.317189 52.173100
0.318139 52.179100
0.319088 52.184100
0.320038 52.202900
0.320988 52.222000
0.321937 52.223000
0.322887 52.228900
0.323837 52.230800
0.324786 52.239900
0.325736 52.240800
0.326686 52.245900
0.327635 52.248000
0.328585 52.266800
0.329535 52.285900
0.330484 52.307100
0.331434 52.321200
0.332384 52.321900
0.333333 52.334100
0.334283 52.339100
0.335233 52.341000
0.336182 52.345000
0.337132 52.355100
0.338082 52.357000
0.339031 52.357900
0.339981 52.362000
0.340931 52.373900
0.341880 52.387000
0.342830 52.408900
0.343780 52.426100
0.344729 52.431100
0.345679 52.437100
0.346629 52.449000
0.347578 52.449900
0.348528 52.449900
0.349478 52.457100
0.350427 52.461100
0.351377 52.465000
0.352327 52.465900
0.353276 52.467800
0.354226 52.469000
0.355176 52.470000
0.356125 52.471900
0.357075 52.472800
0.358025 52.479000
0.358974 52.488100
0.359924 52.521000
0.360874 52.525000
0.361823 52.529800
0.362773 52.533900
0.363723 52.556000
0.364672 52.569900
0.365622 52.583900
0.366572 52.611800
0.367521 52.624000
0.368471 52.629000
0.369421 52.635900
0.370370 52.647100
0.371320 52.649000
0.372270 52.656200
0.373219 52.670000
0.374169 52.678100
0.375119 52.684100
0.376068 52.687900
0.377018 52.696000
0.377968 52.696900
0.378917 52.697200
0.379867 52.702200
0.380817 52.709100
0.381766 52.711000
0.382716 52.711000
0.383666 52.715100
0.384615 52.722000
0.385565 52.722900
0.386515 52.738200
0.387464 52.743900
0.388414 52.777100
0.389364 52.808000
0.390313 52.809000
0.391263 52.820900
0.392213 52.844000
0.393162 52.844000
0.394112 52.845000
0.395062 52.881000
0.396011 52.888900
0.396961 52.894100
0.397911 52.897900
0.398860 52.901000
0.399810 52.924200
0.400760 52.956100
0.401709 52.957100
0.402659 52.966100
0.403609 52.971800
0.404558 52.975900
0.405508 52.995200
0.406458 53.004000
0.407407 53.013100
0.408357 53.028100
0.409307 53.042900
0.410256 53.045000
0.411206 53.069100
0.412156 53.069800
0.413105 53.072900
0.414055 53.078900
0.415005 53.083900
0.415954 53.090100
0.416904 53.093900
0.417854 53.094900
0.418803 53.102000
0.419753 53.123000
0.420703 53.131800
0.421652 53.135200
0.422602 53.152100
0.423552 53.156100
0.424501 53.160000
0.425451 53.164000
0.426401 53.177100
0.427350 53.185000
0.428300 53.187800
0.429250 53.188800
0.430199 53.189000
0.431149 53.199100
0.432099 53.206900
0.433048 53.219100
0.433998 53.236000
0.434948 53.244100
0.435897 53.247000
0.436847 53.280800
0.437797 53.283000
0.438746 53.334000
0.439696 53.360000
0.440646 53.363800
0.441595 53.377200
0.442545 53.421000
0.443495 53.422900
0.444444 53.455100
0.445394 53.471100
0.446344 53.472000
0.447293 53.480100
0.448243 53.486100
0.449193 53.499900
0.450142 53.505900
0.451092 53.505900
0.452042 53.526900
0.452991 53.532800
0.453941 53.547100
0.454891 53.549100
0.455840 53.560000
0.456790 53.565000
0.457740 53.572900
0.458689 53.573800
0.459639 53.576000
0.460589 53.576900
0.461538 53.589100
0.462488 53.610100
0.463438 53.617000
0.464387 53.618000
0.465337 53.623000
0.466287 53.623000
0.467236 53.623900
0.468186 53.625100
0.469136 53.635100
0.470085 53.638900
0.471035 53.639900
0.471985 53.642000
0.472934 53.645100
0.473884 53.647000
0.474834 53.656800
0.475783 53.662100
0.476733 53.668000
0.477683 53.689000
0.478632 53.694000
0.479582 53.699000
0.480532 53.710900
0.481481 53.714000
0.482431 53.733100
0.483381 53.742200
0.484330 53.745000
0.485280 53.751000
0.486230 53.790100
0.487179 53.801100
0.488129 53.815100
0.489079 53.838000
0.490028 53.843000
0.490978 53.856100
0.491928 53.885900
0.492877 53.889000
0.493827 53.901000
0.494777 53.902900
0.495726 53.903100
0.496676 53.903800
0.497626 53.916900
0.498575 53.938900
0.499525 53.945800
0.500475 53.949100
0.501425 53.954100
0.502374 53.955800
0.503324 53.956000
0.504274 53.967000
0.505223 53.978900
0.506173 53.983000
0.507123 53.994900
0.508072 54.008000
0.509022 54.014000
0.509972 54.021100
0.510921 54.023000
0.511871 54.029900
0.512821 54.034900
0.513770 54.041100
0.514720 54.047100
0.515670 54.071900
0.516619 54.094100
0.517569 54.096000
0.518519 54.098100
0.519468 54.104100
0.520418 54.112000
0.521368 54.143000
0.522317 54.156100
0.523267 54.189900
0.524217 54.205900
0.525166 54.224000
0.526116 54.224000
0.527066 54.231900
0.528015 54.236900
0.528965 54.246900
0.529915 54.250000
0.530864 54.251000
0.531814 54.257900
0.532764 54.271900
0.533713 54.292200
0.534663 54.297000
0.535613 54.314900
0.536562 54.331100
0.537512 54.349900
0.538462 54.356100
0.539411 54.359000
0.540361 54.372100
0.541311 54.383000
0.542260 54.386100
0.543210 54.404000
0.544160 54.415900
0.545109 54.441200
0.546059 54.455000
0.547009 54.466000
0.547958 54.472000
0.548908 54.474800
0.549858 54.495100
0.550807 54.513000
0.551757 54.543000
0.552707 54.557100
0.553656 54.561100
0.554606 54.590000
0.555556 54.605000
0.556505 54.613800
0.557455 54.621000
0.558405 54.626000
0.559354 54.627900
0.560304 54.635000
0.561254 54.635000
0.562203 54.637000
0.563153 54.660100
0.564103 54.666000
0.565052 54.678000
0.566002 54.686100
0.566952 54.687000
0.567901 54.691100
0.568851 54.696100
0.569801 54.712100
0.570750 54.719200
0.571700 54.725900
0.572650 54.745200
0.573599 54.746900
0.574549 54.756200
0.575499 54.780000
0.576448 54.790000
0.577398 54.807200
0.578348 54.816000
0.579297 54.824800
0.580247 54.830100
0.581197 54.831000
0.582146 54.834100
0.583096 54.837900
0.584046 54.853000
0.584995 54.854900
0.585945 54.871100
0.586895 54.873000
0.587844 54.877000
0.588794 54.879200
0.589744 54.894900
0.590693 54.918100
0.591643 54.933100
0.592593 54.946900
0.593542 54.959100
0.594492 54.977900
0.595442 54.980000
0.596391 54.983100
0.597341 54.992900
0.598291 54.994100
0.599240 54.996000
0.600190 55.011000
0.601140 55.026100
0.602089 55.037000
0.603039 55.038900
0.603989 55.040100
0.604938 55.040800
0.605888 55.046100
0.606838 55.059000
0.607787 55.061100
0.608737 55.069900
0.609687 55.084000
0.610636 55.093100
0.611586 55.107100
0.612536 55.146000
0.613485 55.167200
0.614435 55.170100
0.615385 55.172900
0.616334 55.192000
0.617284 55.209900
0.618234 55.216100
0.619183 55.225800
0.620133 55.229200
0.621083 55.234900
0.622032 55.249000
0.622982 55.249000
0.623932 55.260900
0.624881 55.265900
0.625831 55.270200
0.626781 55.281900
0.627730 55.285900
0.628680 55.290000
0.629630 55.290000
0.630579 55.293100
0.631529 55.295000
0.632479 55.295000
0.633428 55.297100
0.634378 55.306900
0.635328 55.313100
0.636277 55.314100
0.637227 55.319100
0.638177 55.330000
0.639126 55.347900
0.640076 55.352000
0.641026 55.366000
0.641975 55.375800
0.642925 55.380800
0.643875 55.419000
0.644824 55.419900
0.645774 55.447100
0.646724 55.453100
0.647673 55.480000
0.648623 55.480000
0.649573 55.493100
0.650522 55.494100
0.651472 55.501000
0.652422 55.516000
0.653371 55.535800
0.654321 55.539100
0.655271 55.552000
0.656220 55.553900
0.657170 55.557000
0.658120 55.574900
0.659069 55.584000
0.660019 55.589900
0.660969 55.603000
0.661918 55.626900
0.662868 55.628100
0.663818 55.630900
0.664767 55.635000
0.665717 55.640900
0.666667 55.666000
0.667616 55.667200
0.668566 55.667900
0.669516 55.683900
0.670465 55.698900
0.671415 55.762100
0.672365 55.769900
0.673314 55.781800
0.674264 55.804000
0.675214 55.807100
0.676163 55.819000
0.677113 55.835000
0.678063 55.840000
0.679012 55.843800
0.679962 55.848800
0.680912 55.867900
0.681861 55.868900
0.682811 55.872900
0.683761 55.872900
0.684710 55.873200
0.685660 55.877000
0.686610 55.890100
0.687559 55.899100
0.688509 55.907000
0.689459 55.913000
0.690408 55.955200
0.691358 55.964000
0.692308 55.980000
0.693257 55.980000
0.694207 55.989000
0.695157 55.994000
0.696106 56.010000
0.697056 56.026900
0.698006 56.062000
0.698955 56.072000
0.699905 56.077000
0.700855 56.078000
0.701804 56.087000
0.702754 56.088200
0.703704 56.098000
0.704653 56.121100
0.705603 56.151900
0.706553 56.158800
0.707502 56.179000
0.708452 56.196200
0.709402 56.198800
0.710351 56.200000
0.711301 56.214800
0.712251 56.217000
0.713200 56.227000
0.714150 56.247000
0.715100 56.253900
0.716049 56.268900
0.716999 56.285100
0.717949 56.289000
0.718898 56.292100
0.719848 56.322100
0.720798 56.325000
0.721747 56.327100
0.722697 56.330200
0.723647 56.334000
0.724596 56.342100
0.725546 56.350000
0.726496 56.356900
0.727445 56.379100
0.728395 56.386900
0.729345 56.391000
0.730294 56.428000
0.731244 56.428200
0.732194 56.439900
0.733143 56.462000
0.734093 56.473000
0.735043 56.474000
0.735992 56.477100
0.736942 56.482100
0.737892 56.496900
0.738841 56.529000
0.739791 56.533800
0.740741 56.552900
0.741690 56.554100
0.742640 56.583900
0.743590 56.614900
0.744539 56.633000
0.745489 56.659000
0.746439 56.675200
0.747388 56.675900
0.748338 56.679000
0.749288 56.680900
0.750237 56.687100
0.751187 56.700000
0.752137 56.732900
0.753086 56.745100
0.754036 56.769100
0.754986 56.816100
0.755935 56.819900
0.756885 56.832100
0.757835 56.850900
0.758784 56.858100
0.759734 56.859000
0.760684 56.866900
0.761633 56.870900
0.762583 56.883100
0.763533 56.889100
0.764482 56.904100
0.765432 56.923200
0.766382 56.940800
0.767331 56.992100
0.768281 57.004900
0.769231 57.064100
0.770180 57.065000
0.771130 57.067900
0.772080 57.081900
0.773029 57.086900
0.773979 57.091000
0.774929 57.111000
0.775878 57.114800
0.776828 57.119100
0.777778 57.126000
0.778727 57.127000
0.779677 57.148900
0.780627 57.179900
0.781576 57.205000
0.782526 57.221200
0.783476 57.242200
0.784425 57.270100
0.785375 57.282900
0.786325 57.318900
0.787274 57.512000
0.788224 57.513000
0.789174 57.575000
0.790123 57.630100
0.791073 57.657000
0.792023 57.750000
0.792972 57.750900
0.793922 57.756900
0.794872 57.762100
0.795821 57.763100
0.796771 57.765000
0.797721 57.786000
0.798670 57.788100
0.799620 57.883000
0.800570 57.914000
0.801519 58.014200
0.802469 58.024900
0.803419 58.030100
0.804368 58.033900
0.805318 58.033900
0.806268 58.040900
0.807217 58.063000
0.808167 58.085000
0.809117 58.104000
0.810066 58.152900
0.811016 58.194900
0.811966 58.218000
0.812915 58.259000
0.813865 58.308100
0.814815 58.310000
0.815764 58.409000
0.816714 58.409200
0.817664 58.434000
0.818613 58.447800
0.819563 58.450900
0.820513 58.455000
0.821462 58.455000
0.822412 58.459000
0.823362 58.530100
0.824311 58.545800
0.825261 58.574900
0.826211 58.598000
0.827160 58.651900
0.828110 58.706000
0.829060 58.713000
0.830009 58.743000
0.830959 58.751100
0.831909 58.800000
0.832858 58.810900
0.833808 58.820000
0.834758 58.879900
0.835708 58.892000
0.836657 58.973100
0.837607 58.985000
0.838557 58.998800
0.839506 59.081100
0.840456 59.235100
0.841406 59.253000
0.842355 59.330000
0.843305 59.358100
0.844255 59.507800
0.845204 59.531000
0.846154 59.547200
0.847104 59.667800
0.848053 59.705000
0.849003 59.747900
0.849953 59.853800
0.850902 59.876000
0.851852 59.885000
0.852802 59.903900
0.853751 59.996800
0.854701 60.128000
0.855651 60.162100
0.856600 60.178000
0.857550 60.263900
0.858500 60.285100
0.859449 60.346800
0.860399 60.359000
0.861349 60.365000
0.862298 60.381200
0.863248 60.409100
0.864198 60.533000
0.865147 60.583800
0.866097 60.619100
0.867047 60.653900
0.867996 60.654900
0.868946 60.693000
0.869896 60.741900
0.870845 60.965100
0.871795 61.071200
0.872745 61.105000
0.873694 61.117900
0.874644 61.149100
0.875594 61.163900
0.876543 61.219900
0.877493 61.253100
0.878443 61.304100
0.879392 61.395200
0.880342 61.404900
0.881292 61.406100
0.882241 61.414000
0.883191 61.458800
0.884141 61.482000
0.885090 61.515100
0.886040 61.516000
0.886990 61.687000
0.887939 61.727000
0.888889 61.736100
0.889839 61.738000
0.890788 61.804100
0.891738 61.921800
0.892688 61.988100
0.893637 62.001900
0.894587 62.002900
0.895537 62.061800
0.896486 62.098000
0.897436 62.098000
0.898386 62.191000
0.899335 62.203900
0.900285 62.300000
0.901235 62.364100
0.902184 62.565100
0.903134 62.598900
0.904084 62.606100
0.905033 62.632100
0.905983 62.723200
0.906933 62.789000
0.907882 62.804000
0.908832 62.875000
0.909782 63.226000
0.910731 63.451100
0.911681 63.537100
0.912631 63.582900
0.913580 63.694000
0.914530 63.708800
0.915480 63.715900
0.916429 63.753100
0.917379 63.777000
0.918329 63.862800
0.919278 63.890000
0.920228 63.902100
0.921178 63.952900
0.922127 63.972900
0.923077 64.052800
0.924027 64.057100
0.924976 64.198000
0.925926 64.235200
0.926876 64.372100
0.927825 64.389900
0.928775 64.391100
0.929725 64.409000
0.930674 64.410000
0.931624 64.432900
0.932574 64.533900
0.933523 64.587800
0.934473 64.858000
0.935423 64.885900
0.936372 65.044900
0.937322 65.254900
0.938272 65.305900
0.939221 65.344800
0.940171 65.366000
0.941121 65.621100
0.942070 65.684800
0.943020 65.712000
0.943970 65.858100
0.944919 65.937000
0.945869 65.985000
0.946819 66.103200
0.947768 66.139900
0.948718 66.255100
0.949668 66.529000
0.950617 66.581000
0.951567 66.789200
0.952517 66.952000
0.953466 66.999000
0.954416 67.286000
0.955366 67.391200
0.956315 67.564000
0.957265 67.613800
0.958215 67.669200
0.959164 67.702100
0.960114 67.804100
0.961064 68.155100
0.962013 68.279000
0.962963 68.310000
0.963913 68.469000
0.964862 68.736100
0.965812 69.311900
0.966762 69.315000
0.967711 70.222900
0.968661 70.295100
0.969611 70.381900
0.970560 70.383100
0.971510 70.422900
0.972460 70.443900
0.973409 70.618200
0.974359 70.850100
0.975309 70.945000
0.976258 71.007000
0.977208 71.285000
0.978158 72.469000
0.979107 72.640900
0.980057 72.924100
0.981007 73.154000
0.981956 73.169900
0.982906 73.769100
0.983856 73.769100
0.984805 73.987000
0.985755 74.109100
0.986705 74.197100
0.987654 74.641900
0.988604 75.291900
0.989554 76.489200
0.990503 78.473800
0.991453 78.733200
0.992403 79.219100
0.993352 80.481100
0.994302 80.940000
0.995252 81.982100
0.996201 84.634100
0.997151 87.900200
0.998101 90.942900
0.999050 95.208900
1.000000 96.938800
