0.001692 47.081900
0.003384 48.355100
0.005076 48.662200
0.006768 48.776100
0.008460 48.833800
0.010152 49.245800
0.011844 49.276100
0.013536 49.443000
0.015228 49.448000
0.016920 49.490900
0.018613 49.515000
0.020305 49.533800
0.021997 49.541000
0.023689 49.577000
0.025381 49.621800
0.027073 49.623000
0.028765 49.669000
0.030457 49.685000
0.032149 49.758900
0.033841 49.803000
0.035533 49.942000
0.037225 50.011200
0.038917 50.030000
0.040609 50.065000
0.042301 50.130800
0.043993 50.188100
0.045685 50.311100
0.047377 50.322100
0.049069 50.389100
0.050761 50.406200
0.052453 50.429100
0.054146 50.436000
0.055838 50.537800
0.057530 50.686100
0.059222 50.755000
0.060914 50.839900
0.062606 50.861800
0.064298 50.872800
0.065990 50.873000
0.067682 50.985800
0.069374 50.990100
0.071066 51.075900
0.072758 51.093100
0.074450 51.093100
0.076142 51.132900
0.077834 51.155800
0.079526 51.204900
0.081218 51.241200
0.082910 51.266900
0.084602 51.394000
0.086294 51.446000
0.087986 51.446200
0.089679 51.464100
0.091371 51.520100
0.093063 51.520800
0.094755 51.585000
0.096447 51.602100
0.098139 51.610000
0.099831 51.692000
0.101523 51.695800
0.103215 51.715900
0.104907 51.756900
0.106599 51.850100
0.108291 51.966000
0.109983 51.987200
0.111675 52.010800
0.113367 52.025100
0.115059 52.092800
0.116751 52.114000
0.118443 52.151900
0.120135 52.215100
0.121827 52.273000
0.123519 52.404900
0.125212 52.452800
0.126904 52.484000
0.128596 52.505000
0.130288 52.542000
0.131980 52.572000
0.133672 52.584900
0.135364 52.593000
0.137056 52.630900
0.138748 52.666900
0.140440 52.723200
0.142132 52.823100
0.143824 52.851000
0.145516 52.851000
0.147208 52.862200
0.148900 52.892000
0.150592 52.908200
0.152284 52.932000
0.153976 52.987100
0.155668 52.999000
0.157360 53.049100
0.159052 53.058100
0.160745 53.080100
0.162437 53.102000
0.164129 53.112000
0.165821 53.177100
0.167513 53.186200
0.169205 53.218100
0.170897 53.231000
0.172589 53.232200
0.174281 53.286100
0.175973 53.302000
0.177665 53.381900
0.179357 53.539000
0.181049 53.548100
0.182741 53.592900
0.184433 53.614100
0.186125 53.695900
0.187817 53.710200
0.189509 53.774100
0.191201 53.809900
0.192893 53.844900
0.194585 53.870900
0.196277 53.902100
0.197970 53.930000
0.199662 53.988900
0.201354 54.076900
0.203046 54.088800
0.204738 54.146100
0.206430 54.185200
0.208122 54.208000
0.209814 54.212100
0.211506 54.230900
0.213198 54.241900
0.214890 54.271900
0.216582 54.292000
0.218274 54.337000
0.219966 54.346100
0.221658 54.393100
0.223350 54.415000
0.225042 54.416900
0.226734 54.468900
0.228426 54.503900
0.230118 54.525100
0.231810 54.542800
0.233503 54.616000
0.235195 54.775000
0.236887 54.784100
0.238579 54.790000
0.240271 54.801900
0.241963 54.842000
0.243655 54.862000
0.245347 54.871100
0.247039 54.895900
0.248731 54.931200
0.250423 54.965000
0.252115 55.053000
0.253807 55.095000
0.255499 55.124000
0.257191 55.151000
0.258883 55.229200
0.260575 55.236100
0.262267 55.306000
0.263959 55.425200
0.265651 55.439000
0.267343 55.449000
0.269036 55.486000
0.270728 55.515100
0.272420 55.518200
0.274112 55.525100
0.275804 55.666000
0.277496 55.696000
0.279188 55.746100
0.280880 55.767100
0.282572 55.775900
0.284264 55.940200
0.285956 55.971900
0.287648 56.102000
0.289340 56.127100
0.291032 56.166200
0.292724 56.210000
0.294416 56.215000
0.296108 56.242900
0.297800 56.324000
0.299492 56.350000
0.301184 56.390000
0.302876 56.404100
0.304569 56.512100
0.306261 56.549100
0.307953 56.557200
0.309645 56.601000
0.311337 56.632000
0.313029 56.773900
0.314721 56.829900
0.316413 57.009900
0.318105 57.067900
0.319797 57.207100
0.321489 57.208100
0.323181 57.220000
0.324873 57.235000
0.326565 57.305800
0.328257 57.307000
0.329949 57.408100
0.331641 57.498000
0.333333 57.674900
0.335025 57.693000
0.336717 57.746900
0.338409 57.758100
0.340102 57.817900
0.341794 57.821000
0.343486 57.907800
0.345178 58.088100
0.346870 58.167900
0.348562 58.219900
0.350254 58.260900
0.351946 58.270900
0.353638 58.360100
0.355330 58.426100
0.357022 58.459000
0.358714 58.473800
0.360406 58.500100
0.362098 58.554900
0.363790 58.558000
0.365482 58.605900
0.367174 58.618100
0.368866 58.724200
0.370558 58.867900
0.372250 58.933000
0.373942 58.953000
0.375635 58.998100
0.377327 59.041000
0.379019 59.052200
0.380711 59.119000
0.382403 59.126900
0.384095 59.188800
0.385787 59.190000
0.387479 59.212000
0.389171 59.248000
0.390863 59.249900
0.392555 59.249900
0.394247 59.280200
0.395939 59.452100
0.397631 59.510900
0.399323 59.587000
0.401015 59.605800
0.402707 59.616100
0.404399 59.626800
0.406091 59.692100
0.407783 59.698100
0.409475 59.706000
0.411168 59.840900
0.412860 60.072900
0.414552 60.108200
0.416244 60.166100
0.417936 60.331800
0.419628 60.332100
0.421320 60.353000
0.423012 60.365000
0.424704 60.395000
0.426396 60.447000
0.428088 60.457000
0.429780 60.472000
0.431472 60.547800
0.433164 60.575000
0.434856 60.588800
0.436548 60.596900
0.438240 60.597900
0.439932 60.660800
0.441624 60.700200
0.443316 60.797000
0.445008 60.946900
0.446701 60.998900
0.448393 61.057100
0.450085 61.072800
0.451777 61.096200
0.453469 61.174200
0.455161 61.276900
0.456853 61.317900
0.458545 61.416900
0.460237 61.500100
0.461929 61.562100
0.463621 61.809100
0.465313 61.933000
0.467005 61.960900
0.468697 62.085900
0.470389 62.173100
0.472081 62.204800
0.473773 62.209100
0.475465 62.329100
0.477157 62.459000
0.478849 62.467100
0.480541 62.567900
0.482234 62.618000
0.483926 62.698100
0.485618 62.727900
0.487310 62.752000
0.489002 62.839000
0.490694 62.876900
0.492386 62.911000
0.494078 62.975200
0.495770 63.121100
0.497462 63.149900
0.499154 63.180900
0.500846 63.185000
0.502538 63.203100
0.504230 63.276100
0.505922 63.283900
0.507614 63.319900
0.509306 63.391000
0.510998 63.417000
0.512690 63.649900
0.514382 63.732900
0.516074 63.746000
0.517766 63.823900
0.519459 63.912200
0.521151 63.935000
0.522843 64.250900
0.524535 64.254000
0.526227 64.261000
0.527919 64.353900
0.529611 64.482000
0.531303 64.484100
0.532995 64.621000
0.534687 64.755000
0.536379 64.756200
0.538071 64.909900
0.539763 64.925900
0.541455 65.218000
0.543147 65.325000
0.544839 65.335000
0.546531 65.378900
0.548223 65.382000
0.549915 65.438000
0.551607 65.460900
0.553299 65.495000
0.554992 65.527000
0.556684 65.676900
0.558376 65.719100
0.560068 65.762000
0.561760 65.803100
0.563452 65.859100
0.565144 65.876000
0.566836 65.944000
0.568528 65.990000
0.570220 66.004000
0.571912 66.090800
0.573604 66.123000
0.575296 66.148000
0.576988 66.270100
0.578680 66.368100
0.580372 66.406000
0.582064 66.413900
0.583756 66.423200
0.585448 66.436100
0.587140 66.448000
0.588832 66.468000
0.590525 66.607200
0.592217 66.637000
0.593909 66.683100
0.595601 66.770800
0.597293 66.824900
0.598985 66.968000
0.600677 66.976800
0.602369 66.988000
0.604061 67.093800
0.605753 67.101000
0.607445 67.141100
0.609137 67.147000
0.610829 67.189000
0.612521 67.353000
0.614213 67.394000
0.615905 67.416000
0.617597 67.546100
0.619289 67.614100
0.620981 67.656000
0.622673 67.670100
0.624365 67.677000
0.626058 67.682000
0.627750 67.708000
0.629442 67.817000
0.631134 67.823200
0.632826 67.829800
0.634518 67.943100
0.636210 67.955000
0.637902 68.017000
0.639594 68.159100
0.641286 68.185800
0.642978 68.193000
0.644670 68.201100
0.646362 68.217000
0.648054 68.358900
0.649746 68.490000
0.651438 68.491200
0.653130 68.558000
0.654822 68.650000
0.656514 68.684100
0.658206 68.697000
0.659898 68.856000
0.661591 68.869100
0.663283 68.948000
0.664975 68.954900
0.666667 69.011000
0.668359 69.193100
0.670051 69.246100
0.671743 69.264900
0.673435 69.317100
0.675127 69.401000
0.676819 69.456100
0.678511 69.484900
0.680203 69.491900
0.681895 69.526000
0.683587 69.526900
0.685279 69.532900
0.686971 69.555000
0.688663 69.556000
0.690355 69.558100
0.692047 69.715000
0.693739 69.716000
0.695431 69.802000
0.697124 70.040000
0.698816 70.056900
0.700508 70.122000
0.702200 70.282000
0.703892 70.364000
0.705584 70.452000
0.707276 70.500100
0.708968 70.599100
0.710660 70.716900
0.712352 70.758100
0.714044 70.871800
0.715736 70.908100
0.717428 70.920000
0.719120 70.945000
0.720812 71.227800
0.722504 71.250900
0.724196 71.260900
0.725888 71.309100
0.727580 71.337900
0.729272 71.428100
0.730964 71.476000
0.732657 71.514100
0.734349 71.891100
0.736041 71.892000
0.737733 72.103000
0.739425 72.268000
0.741117 72.299000
0.742809 72.306200
0.744501 72.309000
0.746193 72.320900
0.747885 72.356000
0.749577 72.581100
0.751269 72.633000
0.752961 73.183100
0.754653 73.210000
0.756345 73.302000
0.758037 73.436000
0.759729 73.449900
0.761421 73.528100
0.763113 73.672100
0.764805 73.799100
0.766497 73.814200
0.768190 73.821100
0.769882 73.835100
0.771574 74.053000
0.773266 74.310100
0.774958 74.435000
0.776650 74.535100
0.778342 74.543000
0.780034 74.585000
0.781726 74.621000
0.783418 74.671000
0.785110 74.757100
0.786802 74.873900
0.788494 75.012000
0.790186 75.172900
0.791878 75.482100
0.793570 75.833100
0.795262 75.896000
0.796954 75.978000
0.798646 76.013800
0.800338 76.156100
0.802030 76.157100
0.803723 76.182100
0.805415 76.275100
0.807107 76.311800
0.808799 76.566900
0.810491 76.593900
0.812183 76.682100
0.813875 77.024000
0.815567 77.040000
0.817259 77.152000
0.818951 77.199000
0.820643 77.574000
0.822335 77.737100
0.824027 77.750900
0.825719 77.874200
0.827411 77.964100
0.829103 78.053000
0.830795 78.159800
0.832487 78.246800
0.834179 78.352000
0.835871 78.363900
0.837563 78.367000
0.839255 78.466200
0.840948 78.514100
0.842640 78.815900
0.844332 79.214100
0.846024 79.312100
0.847716 79.325900
0.849408 80.027800
0.851100 80.081000
0.852792 80.172100
0.854484 80.333000
0.856176 80.529000
0.857868 80.539000
0.859560 80.586000
0.861252 80.705200
0.862944 80.843000
0.864636 80.910000
0.866328 81.210900
0.868020 81.594900
0.869712 81.655000
0.871404 81.718900
0.873096 81.917000
0.874788 81.976200
0.876481 82.014800
0.878173 82.026000
0.879865 82.068000
0.881557 82.100200
0.883249 82.119000
0.884941 82.352900
0.886633 82.513100
0.888325 82.855000
0.890017 83.036900
0.891709 83.134900
0.893401 83.248100
0.895093 83.396900
0.896785 83.763800
0.898477 83.812000
0.900169 83.830100
0.901861 84.112900
0.903553 84.235000
0.905245 84.266900
0.906937 84.334900
0.908629 84.365100
0.910321 84.426900
0.912014 84.497000
0.913706 84.574000
0.915398 84.574200
0.917090 84.683200
0.918782 84.750900
0.920474 85.061100
0.922166 85.335000
0.923858 85.337900
0.925550 85.521200
0.927242 85.674000
0.928934 85.757000
0.930626 85.780900
0.932318 85.852100
0.934010 85.867900
0.935702 86.072200
0.937394 86.149000
0.939086 86.165000
0.940778 86.189000
0.942470 86.230000
0.944162 86.464900
0.945854 86.529000
0.947547 86.609800
0.949239 86.731000
0.950931 86.756000
0.952623 87.023000
0.954315 87.217100
0.956007 87.339900
0.957699 87.435000
0.959391 87.484800
0.961083 87.728000
0.962775 87.748100
0.964467 87.878000
0.966159 87.916100
0.967851 87.980000
0.969543 88.142200
0.971235 88.411100
0.972927 88.893900
0.974619 89.047000
0.976311 89.149000
0.978003 89.208100
0.979695 89.911000
0.981387 90.198000
0.983080 90.251000
0.984772 90.546100
0.986464 90.897100
0.988156 90.914000
0.989848 91.468100
0.991540 92.084900
0.993232 92.706000
0.994924 92.762000
0.996616 93.223100
0.998308 93.495100
1.000000 107.923000
