0.001692 11.179900
0.003384 11.236900
0.005076 11.537100
0.006768 11.647000
0.008460 11.688000
0.010152 11.858000
0.011844 12.095900
0.013536 12.240200
0.015228 12.268100
0.016920 12.565100
0.018613 12.641900
0.020305 12.717000
0.021997 12.810900
0.023689 12.932100
0.025381 13.250800
0.027073 13.269900
0.028765 13.304900
0.030457 13.490900
0.032149 13.496900
0.033841 13.541900
0.035533 13.661900
0.037225 13.664000
0.038917 14.036900
0.040609 14.056200
0.042301 14.377100
0.043993 14.626000
0.045685 14.712100
0.047377 14.776900
0.049069 14.813900
0.050761 14.838000
0.052453 15.121900
0.054146 15.148900
0.055838 15.396800
0.057530 15.701100
0.059222 15.799000
0.060914 15.934000
0.062606 15.960000
0.064298 15.971200
0.065990 16.223900
0.067682 16.284900
0.069374 16.285900
0.071066 16.412000
0.072758 16.461800
0.074450 16.577000
0.076142 16.593900
0.077834 16.740100
0.079526 16.758900
0.081218 16.881000
0.082910 16.918900
0.084602 17.011200
0.086294 17.068100
0.087986 17.210000
0.089679 17.309200
0.091371 17.426000
0.093063 17.459900
0.094755 17.478900
0.096447 17.490900
0.098139 17.512800
0.099831 17.517100
0.101523 17.545900
0.103215 17.567200
0.104907 17.570000
0.106599 17.603900
0.108291 17.654900
0.109983 17.721900
0.111675 17.731000
0.113367 17.777000
0.115059 17.781000
0.116751 17.797000
0.118443 17.812000
0.120135 17.905000
0.121827 17.940000
0.123519 17.981100
0.125212 17.982000
0.126904 17.993000
0.128596 17.997000
0.130288 18.018000
0.131980 18.027100
0.133672 18.038000
0.135364 18.059000
0.137056 18.060900
0.138748 18.117000
0.140440 18.157000
0.142132 18.158900
0.143824 18.176100
0.145516 18.181100
0.147208 18.210900
0.148900 18.223000
0.150592 18.269100
0.152284 18.287900
0.153976 18.288900
0.155668 18.295000
0.157360 18.304100
0.159052 18.304800
0.160745 18.317900
0.162437 18.340100
0.164129 18.364900
0.165821 18.369000
0.167513 18.389000
0.169205 18.397100
0.170897 18.406200
0.172589 18.407100
0.174281 18.415000
0.175973 18.433100
0.177665 18.434000
0.179357 18.436000
0.181049 18.441900
0.182741 18.444800
0.184433 18.457900
0.186125 18.516100
0.187817 18.548000
0.189509 18.578100
0.191201 18.582800
0.192893 18.591200
0.194585 18.599000
0.196277 18.622200
0.197970 18.625000
0.199662 18.627900
0.201354 18.627900
0.203046 18.638100
0.204738 18.654800
0.206430 18.664100
0.208122 18.677900
0.209814 18.687000
0.211506 18.694200
0.213198 18.703900
0.214890 18.704900
0.216582 18.708900
0.218274 18.714900
0.219966 18.730900
0.221658 18.734000
0.223350 18.736100
0.225042 18.736100
0.226734 18.756200
0.228426 18.796000
0.230118 18.822000
0.231810 18.829800
0.233503 18.831000
0.235195 18.836000
0.236887 18.846000
0.238579 18.855100
0.240271 18.863000
0.241963 18.864900
0.243655 18.872000
0.245347 18.874900
0.247039 18.876100
0.248731 18.877000
0.250423 18.880100
0.252115 18.884900
0.253807 18.885100
0.255499 18.898000
0.257191 18.906100
0.258883 18.908000
0.260575 18.914000
0.262267 18.927800
0.263959 18.928100
0.265651 18.941200
0.267343 18.953800
0.269036 18.977900
0.270728 18.981900
0.272420 18.982200
0.274112 18.986000
0.275804 19.002000
0.277496 19.008200
0.279188 19.013200
0.280880 19.023900
0.282572 19.029100
0.284264 19.036100
0.285956 19.038900
0.287648 19.056100
0.289340 19.063900
0.291032 19.070100
0.292724 19.071100
0.294416 19.075200
0.296108 19.084000
0.297800 19.091100
0.299492 19.091800
0.301184 19.112100
0.302876 19.116900
0.304569 19.124000
0.306261 19.139100
0.307953 19.140000
0.309645 19.141000
0.311337 19.160000
0.313029 19.169100
0.314721 19.171000
0.316413 19.177900
0.318105 19.178200
0.319797 19.181000
0.321489 19.187000
0.323181 19.202900
0.324873 19.208000
0.326565 19.219900
0.328257 19.239200
0.329949 19.239900
0.331641 19.240900
0.333333 19.250900
0.335025 19.257100
0.336717 19.275900
0.338409 19.286200
0.340102 19.286900
0.341794 19.294000
0.343486 19.296900
0.345178 19.302100
0.346870 19.304000
0.348562 19.316000
0.350254 19.327900
0.351946 19.331000
0.353638 19.333100
0.355330 19.335000
0.357022 19.339100
0.358714 19.357900
0.360406 19.361000
0.362098 19.362900
0.363790 19.372900
0.365482 19.379100
0.367174 19.379100
0.368866 19.380100
0.370558 19.388900
0.372250 19.395100
0.373942 19.399900
0.375635 19.408000
0.377327 19.418000
0.379019 19.429900
0.380711 19.429900
0.382403 19.433000
0.384095 19.434900
0.385787 19.439000
0.387479 19.443000
0.389171 19.450900
0.390863 19.453800
0.392555 19.454000
0.394247 19.455900
0.395939 19.456100
0.397631 19.470900
0.399323 19.471900
0.401015 19.496000
0.402707 19.496900
0.404399 19.497900
0.406091 19.498800
0.407783 19.526000
0.409475 19.531000
0.411168 19.532900
0.412860 19.542000
0.414552 19.549100
0.416244 19.557000
0.417936 19.559100
0.419628 19.562000
0.421320 19.563000
0.423012 19.568900
0.424704 19.569200
0.426396 19.569900
0.428088 19.576100
0.429780 19.583000
0.431472 19.598000
0.433164 19.610900
0.434856 19.611100
0.436548 19.619000
0.438240 19.619000
0.439932 19.619000
0.441624 19.624900
0.443316 19.630900
0.445008 19.632100
0.446701 19.638800
0.448393 19.640900
0.450085 19.642100
0.451777 19.643800
0.453469 19.658100
0.455161 19.666900
0.456853 19.667100
0.458545 19.682200
0.460237 19.686000
0.461929 19.702900
0.463621 19.703900
0.465313 19.706000
0.467005 19.710100
0.468697 19.715100
0.470389 19.722900
0.472081 19.723900
0.473773 19.733000
0.475465 19.738000
0.477157 19.740100
0.478849 19.749200
0.480541 19.753900
0.482234 19.758900
0.483926 19.763000
0.485618 19.774900
0.487310 19.779000
0.489002 19.781100
0.490694 19.783000
0.492386 19.783000
0.494078 19.783000
0.495770 19.784000
0.497462 19.789000
0.499154 19.793000
0.500846 19.794900
0.502538 19.800900
0.504230 19.802100
0.505922 19.804000
0.507614 19.813100
0.509306 19.819000
0.510998 19.821200
0.512690 19.828100
0.514382 19.828100
0.516074 19.837900
0.517766 19.840000
0.519459 19.841000
0.521151 19.841000
0.522843 19.848800
0.524535 19.886000
0.526227 19.897000
0.527919 19.900100
0.529611 19.908000
0.531303 19.908000
0.532995 19.909900
0.534687 19.912000
0.536379 19.913000
0.538071 19.916100
0.539763 19.925100
0.541455 19.935100
0.543147 19.936100
0.544839 19.954900
0.546531 19.959900
0.548223 19.962100
0.549915 19.964900
0.551607 19.969900
0.553299 19.973000
0.554992 19.974000
0.556684 19.975900
0.558376 19.975900
0.560068 19.980000
0.561760 19.981900
0.563452 20.003100
0.565144 20.022200
0.566836 20.025000
0.568528 20.043100
0.570220 20.043800
0.571912 20.052900
0.573604 20.055100
0.575296 20.056000
0.576988 20.062900
0.578680 20.069100
0.580372 20.075100
0.582064 20.079900
0.583756 20.081000
0.585448 20.083900
0.587140 20.089100
0.588832 20.092000
0.590525 20.097000
0.592217 20.103900
0.593909 20.106100
0.595601 20.111100
0.597293 20.114900
0.598985 20.117000
0.600677 20.118000
0.602369 20.119900
0.604061 20.126100
0.605753 20.133000
0.607445 20.136800
0.609137 20.141800
0.610829 20.147800
0.612521 20.150900
0.614213 20.162100
0.615905 20.167800
0.617597 20.172100
0.619289 20.175000
0.620981 20.183100
0.622673 20.191000
0.624365 20.202900
0.626058 20.204100
0.627750 20.211000
0.629442 20.216000
0.631134 20.219800
0.632826 20.226000
0.634518 20.230100
0.636210 20.250100
0.637902 20.262000
0.639594 20.269200
0.641286 20.272000
0.642978 20.275800
0.644670 20.278000
0.646362 20.282000
0.648054 20.292000
0.649746 20.292000
0.651438 20.298000
0.653130 20.314900
0.654822 20.323000
0.656514 20.330000
0.658206 20.334000
0.659898 20.335000
0.661591 20.366000
0.663283 20.368100
0.664975 20.373100
0.666667 20.374100
0.668359 20.404100
0.670051 20.407000
0.671743 20.408900
0.673435 20.409100
0.675127 20.414800
0.676819 20.424800
0.678511 20.426000
0.680203 20.438000
0.681895 20.445100
0.683587 20.449900
0.685279 20.450800
0.686971 20.453000
0.688663 20.463900
0.690355 20.467000
0.692047 20.474000
0.693739 20.484000
0.695431 20.506100
0.697124 20.510000
0.698816 20.520000
0.700508 20.521900
0.702200 20.525000
0.703892 20.533100
0.705584 20.534000
0.707276 20.538100
0.708968 20.540000
0.710660 20.546000
0.712352 20.551200
0.714044 20.561000
0.715736 20.563100
0.717428 20.569100
0.719120 20.576000
0.720812 20.578100
0.722504 20.595100
0.724196 20.602000
0.725888 20.607900
0.727580 20.613900
0.729272 20.620800
0.730964 20.628000
0.732657 20.631100
0.734349 20.646100
0.736041 20.660900
0.737733 20.669900
0.739425 20.676100
0.741117 20.704000
0.742809 20.707100
0.744501 20.708100
0.746193 20.721900
0.747885 20.722900
0.749577 20.731000
0.751269 20.746900
0.752961 20.751000
0.754653 20.774100
0.756345 20.776000
0.758037 20.778900
0.759729 20.815800
0.761421 20.822000
0.763113 20.825100
0.764805 20.827100
0.766497 20.836100
0.768190 20.839900
0.769882 20.844200
0.771574 20.845900
0.773266 20.862100
0.774958 20.866900
0.776650 20.872800
0.778342 20.905000
0.780034 20.905000
0.781726 20.914800
0.783418 20.918100
0.785110 20.919800
0.786802 20.920000
0.788494 20.923900
0.790186 20.926000
0.791878 20.930100
0.793570 20.947000
0.795262 20.956000
0.796954 20.957000
0.798646 20.958900
0.800338 20.964100
0.802030 20.978000
0.803723 20.985100
0.805415 20.988900
0.807107 21.006100
0.808799 21.011800
0.810491 21.019000
0.812183 21.022800
0.813875 21.023000
0.815567 21.028000
0.817259 21.051200
0.818951 21.054000
0.820643 21.058100
0.822335 21.080000
0.824027 21.086900
0.825719 21.087200
0.827411 21.102000
0.829103 21.150100
0.830795 21.154200
0.832487 21.165800
0.834179 21.214000
0.835871 21.240200
0.837563 21.241900
0.839255 21.247100
0.840948 21.276000
0.842640 21.276000
0.844332 21.298900
0.846024 21.316100
0.847716 21.336100
0.849408 21.344900
0.851100 21.451200
0.852792 21.458900
0.854484 21.488900
0.856176 21.512000
0.857868 21.513900
0.859560 21.525100
0.861252 21.527800
0.862944 21.600000
0.864636 21.724000
0.866328 21.736100
0.868020 21.755900
0.869712 21.786000
0.871404 21.791000
0.873096 21.807000
0.874788 21.852000
0.876481 21.881100
0.878173 21.898000
0.879865 21.899900
0.881557 21.904900
0.883249 21.919000
0.884941 22.009100
0.886633 22.027000
0.888325 22.028000
0.890017 22.051800
0.891709 22.132900
0.893401 22.192000
0.895093 22.255900
0.896785 22.262100
0.898477 22.348200
0.900169 22.353200
0.901861 22.368000
0.903553 22.379200
0.905245 22.400900
0.906937 22.480000
0.908629 22.519100
0.910321 22.728900
0.912014 22.764900
0.913706 22.868900
0.915398 22.872900
0.917090 22.976900
0.918782 23.038900
0.920474 23.061000
0.922166 23.170000
0.923858 23.224100
0.925550 23.454000
0.927242 23.570100
0.928934 23.609900
0.930626 23.618900
0.932318 23.648000
0.934010 23.654000
0.935702 23.656100
0.937394 23.800800
0.939086 23.829000
0.940778 23.850000
0.942470 23.939100
0.944162 24.268900
0.945854 24.446000
0.947547 24.639800
0.949239 24.661100
0.950931 24.718000
0.952623 24.735900
0.954315 24.778100
0.956007 24.904000
0.957699 24.925000
0.959391 24.935000
0.961083 25.017000
0.962775 25.131000
0.964467 25.304800
0.966159 25.313900
0.967851 25.451900
0.969543 26.031000
0.971235 26.110900
0.972927 26.163800
0.974619 26.378900
0.976311 26.402000
0.978003 26.475000
0.979695 26.871000
0.981387 27.488000
0.983080 27.581000
0.984772 28.605000
0.986464 29.032000
0.988156 30.853000
0.989848 30.906000
0.991540 31.052800
0.993232 31.115100
0.994924 31.290100
0.996616 31.297900
0.998308 32.260200
1.000000 33.639900
