0.020408 4.554030
0.040816 4.703040
0.061224 4.772900
0.081633 5.350110
0.102041 5.467180
0.122449 6.294010
0.142857 6.338120
0.163265 6.367920
0.183673 6.672140
0.204082 6.735090
0.224490 6.768940
0.244898 7.215020
0.265306 7.517100
0.285714 7.703070
0.306122 7.760050
0.326531 7.799860
0.346939 8.728980
0.367347 8.811950
0.387755 8.996960
0.408163 9.068010
0.428571 9.606120
0.448980 9.621860
0.469388 9.904150
0.489796 10.834000
0.510204 10.869000
0.530612 10.910000
0.551020 11.134900
0.571429 11.223800
0.591837 12.130000
0.612245 12.306000
0.632653 12.360100
0.653061 12.379900
0.673469 12.379900
0.693878 12.540100
0.714286 12.603000
0.734694 12.696000
0.755102 12.804000
0.775510 12.850000
0.795918 12.977100
0.816327 13.014100
0.836735 13.043200
0.857143 13.468000
0.877551 13.497100
0.897959 13.501900
0.918367 13.539100
0.938776 13.595100
0.959184 13.598000
0.979592 13.680900
1.000000 13.701900
