0.006579 10.935100
0.013158 11.261000
0.019737 11.470100
0.026316 11.579000
0.032895 11.601000
0.039474 11.616000
0.046053 11.648900
0.052632 11.671100
0.059211 11.712100
0.065789 11.719000
0.072368 11.753800
0.078947 11.776000
0.085526 11.785000
0.092105 11.807000
0.098684 11.817000
0.105263 11.824800
0.111842 11.861100
0.118421 11.921900
0.125000 11.957900
0.131579 12.116900
0.138158 12.146000
0.144737 12.175100
0.151316 12.243000
0.157895 12.255900
0.164474 12.261900
0.171053 12.262100
0.177632 12.262800
0.184211 12.293100
0.190789 12.307900
0.197368 12.311000
0.203947 12.317900
0.210526 12.340100
0.217105 12.342000
0.223684 12.387000
0.230263 12.393000
0.236842 12.415900
0.243421 12.440900
0.250000 12.447800
0.256579 12.451900
0.263158 12.454000
0.269737 12.473100
0.276316 12.474100
0.282895 12.498100
0.289474 12.501000
0.296053 12.522000
0.302632 12.532900
0.309211 12.570100
0.315789 12.581100
0.322368 12.585200
0.328947 12.587100
0.335526 12.646000
0.342105 12.660000
0.348684 12.707000
0.355263 12.715100
0.361842 12.724900
0.368421 12.727000
0.375000 12.738900
0.381579 12.744900
0.388158 12.779000
0.394737 12.795000
0.401316 12.804000
0.407895 12.835000
0.414474 12.881000
0.421053 12.882000
0.427632 12.925900
0.434211 12.933000
0.440789 12.946800
0.447368 12.947100
0.453947 12.998100
0.460526 13.006900
0.467105 13.008800
0.473684 13.021900
0.480263 13.026000
0.486842 13.036000
0.493421 13.045100
0.500000 13.052900
0.506579 13.071100
0.513158 13.078200
0.519737 13.080800
0.526316 13.129900
0.532895 13.155900
0.539474 13.165000
0.546053 13.190000
0.552632 13.216000
0.559211 13.229100
0.565789 13.254200
0.572368 13.309000
0.578947 13.335000
0.585526 13.346900
0.592105 13.401000
0.598684 13.424200
0.605263 13.449000
0.611842 13.457100
0.618421 13.457100
0.625000 13.508100
0.631579 13.663800
0.638158 13.804900
0.644737 13.832100
0.651316 13.998000
0.657895 14.016900
0.664474 14.028100
0.671053 14.044000
0.677632 14.050000
0.684211 14.200000
0.690789 14.383100
0.697368 14.514000
0.703947 14.522100
0.710526 14.593100
0.717105 14.621000
0.723684 14.676800
0.730263 14.732100
0.736842 14.783100
0.743421 14.829200
0.750000 14.931900
0.756579 14.934100
0.763158 15.128900
0.769737 15.190100
0.776316 15.224000
0.782895 15.659800
0.789474 15.939000
0.796053 15.953100
0.802632 15.981900
0.809211 16.175000
0.815789 16.197000
0.822368 16.242000
0.828947 16.243000
0.835526 16.406100
0.842105 16.478100
0.848684 16.540100
0.855263 16.627100
0.861842 16.773900
0.868421 16.781100
0.875000 16.880000
0.881579 17.067900
0.888158 17.097000
0.894737 17.107000
0.901316 17.128000
0.907895 17.163000
0.914474 17.190000
0.921053 17.306100
0.927632 17.409100
0.934211 17.449100
0.940789 17.524000
0.947368 17.620100
0.953947 19.091800
0.960526 19.248000
0.967105 19.308100
0.973684 19.321000
0.980263 20.752000
0.986842 21.125100
0.993421 28.400200
1.000000 29.089900
