0.000463 5.407090
0.000925 5.586860
0.001388 5.588050
0.001851 5.772110
0.002314 5.914930
0.002776 6.079910
0.003239 6.257060
0.003702 6.347890
0.004165 6.399870
0.004627 6.539110
0.005090 6.772040
0.005553 6.773950
0.006016 6.798980
0.006478 7.097960
0.006941 7.370950
0.007404 7.395030
0.007867 7.440090
0.008329 7.510900
0.008792 7.515190
0.009255 7.536170
0.009718 7.547860
0.010180 7.586960
0.010643 7.886890
0.011106 7.997040
0.011569 8.103850
0.012031 8.408070
0.012494 8.690830
0.012957 8.693930
0.013420 8.748050
0.013882 8.894920
0.014345 9.341000
0.014808 9.390830
0.015271 9.398940
0.015733 9.415860
0.016196 9.496930
0.016659 9.534840
0.017122 9.536980
0.017584 9.556060
0.018047 9.571080
0.018510 9.734150
0.018973 9.778020
0.019435 9.920840
0.019898 9.966850
0.020361 10.002100
0.020824 10.124900
0.021286 10.139900
0.021749 10.378800
0.022212 10.519000
0.022675 10.575800
0.023137 10.640900
0.023600 10.659900
0.024063 11.160900
0.024526 11.258100
0.024988 11.293200
0.025451 11.346100
0.025914 11.347100
0.026377 11.348000
0.026839 11.371100
0.027302 11.378000
0.027765 11.378000
0.028228 11.385000
0.028690 11.390900
0.029153 11.395900
0.029616 11.404000
0.030079 11.405900
0.030541 11.405900
0.031004 11.407900
0.031467 11.416000
0.031930 11.416900
0.032392 11.421900
0.032855 11.424100
0.033318 11.426000
0.033781 11.426900
0.034243 11.429100
0.034706 11.435000
0.035169 11.436000
0.035632 11.438800
0.036094 11.443900
0.036557 11.445000
0.037020 11.446000
0.037483 11.447900
0.037945 11.452000
0.038408 11.452000
0.038871 11.454100
0.039334 11.458900
0.039796 11.460100
0.040259 11.463900
0.040722 11.467200
0.041185 11.470100
0.041647 11.474800
0.042110 11.475100
0.042573 11.475100
0.043036 11.479100
0.043498 11.479900
0.043961 11.481000
0.044424 11.482000
0.044887 11.488000
0.045349 11.491800
0.045812 11.493900
0.046275 11.493900
0.046738 11.495100
0.047200 11.498000
0.047663 11.499900
0.048126 11.502000
0.048589 11.503000
0.049051 11.507000
0.049514 11.507000
0.049977 11.508000
0.050440 11.508000
0.050902 11.509900
0.051365 11.509900
0.051828 11.511100
0.052291 11.511100
0.052753 11.519000
0.053216 11.519000
0.053679 11.519900
0.054142 11.520100
0.054604 11.520900
0.055067 11.522100
0.055530 11.523000
0.055993 11.523000
0.056455 11.524900
0.056918 11.527100
0.057381 11.528000
0.057844 11.529000
0.058306 11.534000
0.058769 11.537100
0.059232 11.539000
0.059695 11.546900
0.060157 11.548000
0.060620 11.549000
0.061083 11.549900
0.061546 11.552100
0.062008 11.554000
0.062471 11.554000
0.062934 11.556100
0.063397 11.556900
0.063859 11.557100
0.064322 11.557100
0.064785 11.558100
0.065248 11.559000
0.065710 11.559000
0.066173 11.561200
0.066636 11.561900
0.067099 11.562100
0.067561 11.562800
0.068024 11.564000
0.068487 11.565000
0.068950 11.565900
0.069412 11.566900
0.069875 11.567100
0.070338 11.567100
0.070801 11.568100
0.071263 11.569000
0.071726 11.569000
0.072189 11.569000
0.072652 11.571900
0.073114 11.573100
0.073577 11.574000
0.074040 11.574000
0.074503 11.575000
0.074965 11.576200
0.075428 11.576200
0.075891 11.576900
0.076354 11.576900
0.076816 11.576900
0.077279 11.579000
0.077742 11.579000
0.078205 11.580000
0.078667 11.581200
0.079130 11.581900
0.079593 11.582100
0.080056 11.585000
0.080518 11.586000
0.080981 11.586000
0.081444 11.586900
0.081907 11.587100
0.082369 11.587100
0.082832 11.587100
0.083295 11.587900
0.083758 11.588100
0.084220 11.589100
0.084683 11.591000
0.085146 11.591900
0.085609 11.592900
0.086071 11.593100
0.086534 11.593100
0.086997 11.594100
0.087460 11.594100
0.087922 11.596900
0.088385 11.597900
0.088848 11.599100
0.089311 11.600000
0.089773 11.601000
0.090236 11.602900
0.090699 11.603800
0.091161 11.603800
0.091624 11.604100
0.092087 11.606900
0.092550 11.606900
0.093012 11.607900
0.093475 11.608100
0.093938 11.608100
0.094401 11.609100
0.094863 11.610000
0.095326 11.611000
0.095789 11.611000
0.096252 11.611900
0.096714 11.611900
0.097177 11.612900
0.097640 11.612900
0.098103 11.612900
0.098565 11.613100
0.099028 11.614100
0.099491 11.615000
0.099954 11.616000
0.100416 11.616000
0.100879 11.616000
0.101342 11.616000
0.101805 11.616900
0.102267 11.617900
0.102730 11.618100
0.103193 11.619100
0.103656 11.620000
0.104118 11.621000
0.104581 11.621000
0.105044 11.621000
0.105507 11.621000
0.105969 11.622000
0.106432 11.622000
0.106895 11.622200
0.107358 11.626000
0.107820 11.627900
0.108283 11.629100
0.108746 11.629100
0.109209 11.632000
0.109671 11.632000
0.110134 11.633200
0.110597 11.634100
0.111060 11.635100
0.111522 11.635800
0.111985 11.637900
0.112448 11.637900
0.112911 11.641000
0.113373 11.641000
0.113836 11.642000
0.114299 11.642000
0.114762 11.642000
0.115224 11.642200
0.115687 11.642900
0.116150 11.643900
0.116613 11.643900
0.117075 11.644800
0.117538 11.645100
0.118001 11.646000
0.118464 11.646000
0.118926 11.646000
0.119389 11.648200
0.119852 11.648200
0.120315 11.649800
0.120777 11.650100
0.121240 11.652000
0.121703 11.652000
0.122166 11.652900
0.122628 11.652900
0.123091 11.653200
0.123554 11.654100
0.124017 11.654900
0.124479 11.657000
0.124942 11.657000
0.125405 11.657000
0.125868 11.657000
0.126330 11.658000
0.126793 11.659900
0.127256 11.659900
0.127719 11.659900
0.128181 11.660100
0.128644 11.660100
0.129107 11.660800
0.129570 11.661100
0.130032 11.661100
0.130495 11.663900
0.130958 11.663900
0.131421 11.664200
0.131883 11.664200
0.132346 11.664900
0.132809 11.666800
0.133272 11.667000
0.133734 11.667000
0.134197 11.668000
0.134660 11.668000
0.135123 11.668000
0.135585 11.668900
0.136048 11.668900
0.136511 11.669200
0.136974 11.670100
0.137436 11.671100
0.137899 11.673000
0.138362 11.673900
0.138825 11.674200
0.139287 11.674900
0.139750 11.674900
0.140213 11.675100
0.140676 11.675100
0.141138 11.675800
0.141601 11.676100
0.142064 11.677000
0.142527 11.677000
0.142989 11.678000
0.143452 11.679900
0.143915 11.679900
0.144378 11.679900
0.144840 11.680100
0.145303 11.681100
0.145766 11.682000
0.146229 11.682000
0.146691 11.682000
0.147154 11.682000
0.147617 11.683000
0.148080 11.683900
0.148542 11.683900
0.149005 11.683900
0.149468 11.683900
0.149931 11.684200
0.150393 11.684900
0.150856 11.685100
0.151319 11.685800
0.151782 11.685800
0.152244 11.687000
0.152707 11.687000
0.153170 11.688000
0.153633 11.688900
0.154095 11.688900
0.154558 11.689200
0.155021 11.690100
0.155484 11.690900
0.155946 11.691100
0.156409 11.691100
0.156872 11.692000
0.157335 11.692000
0.157797 11.692000
0.158260 11.693000
0.158723 11.693000
0.159186 11.693000
0.159648 11.693000
0.160111 11.694200
0.160574 11.694200
0.161037 11.695900
0.161499 11.696100
0.161962 11.697100
0.162425 11.698000
0.162888 11.699200
0.163350 11.700900
0.163813 11.700900
0.164276 11.700900
0.164739 11.701100
0.165201 11.702100
0.165664 11.702100
0.166127 11.702100
0.166590 11.702100
0.167052 11.703000
0.167515 11.704000
0.167978 11.704000
0.168441 11.704000
0.168903 11.704900
0.169366 11.705200
0.169829 11.706100
0.170292 11.706100
0.170754 11.706800
0.171217 11.707100
0.171680 11.707800
0.172143 11.708000
0.172605 11.708000
0.173068 11.708000
0.173531 11.709000
0.173994 11.709000
0.174456 11.709000
0.174919 11.709000
0.175382 11.709900
0.175845 11.710200
0.176307 11.710900
0.176770 11.712100
0.177233 11.712100
0.177696 11.713000
0.178158 11.713000
0.178621 11.713000
0.179084 11.714000
0.179547 11.714000
0.180009 11.714900
0.180472 11.715200
0.180935 11.715900
0.181398 11.715900
0.181860 11.717100
0.182323 11.718000
0.182786 11.718000
0.183248 11.718000
0.183711 11.718000
0.184174 11.719000
0.184637 11.719000
0.185099 11.719000
0.185562 11.719900
0.186025 11.719900
0.186488 11.720200
0.186950 11.720900
0.187413 11.720900
0.187876 11.721100
0.188339 11.721800
0.188801 11.722100
0.189264 11.722100
0.189727 11.722100
0.190190 11.722100
0.190652 11.723000
0.191115 11.723000
0.191578 11.724000
0.192041 11.724000
0.192503 11.724200
0.192966 11.724900
0.193429 11.725200
0.193892 11.725200
0.194354 11.725200
0.194817 11.725900
0.195280 11.725900
0.195743 11.726900
0.196205 11.727100
0.196668 11.728000
0.197131 11.728000
0.197594 11.728000
0.198056 11.728000
0.198519 11.728000
0.198982 11.728000
0.199445 11.729000
0.199907 11.729000
0.200370 11.729000
0.200833 11.731100
0.201296 11.731100
0.201758 11.731900
0.202221 11.732100
0.202684 11.733100
0.203147 11.734000
0.203609 11.735200
0.204072 11.735900
0.204535 11.735900
0.204998 11.736900
0.205460 11.737100
0.205923 11.737100
0.206386 11.737100
0.206849 11.737100
0.207311 11.738100
0.207774 11.739000
0.208237 11.740900
0.208700 11.740900
0.209162 11.741900
0.209625 11.741900
0.210088 11.741900
0.210551 11.743100
0.211013 11.743100
0.211476 11.743100
0.211939 11.744000
0.212402 11.744000
0.212864 11.745000
0.213327 11.745000
0.213790 11.745200
0.214253 11.745900
0.214715 11.746200
0.215178 11.746900
0.215641 11.747100
0.216104 11.747100
0.216566 11.747100
0.217029 11.748800
0.217492 11.749000
0.217955 11.749000
0.218417 11.749000
0.218880 11.749000
0.219343 11.750000
0.219806 11.750000
0.220268 11.750900
0.220731 11.750900
0.221194 11.751200
0.221657 11.751900
0.222119 11.752100
0.222582 11.752100
0.223045 11.752800
0.223508 11.753100
0.223970 11.753100
0.224433 11.753100
0.224896 11.753100
0.225359 11.753100
0.225821 11.753800
0.226284 11.754000
0.226747 11.754000
0.227210 11.755000
0.227672 11.755000
0.228135 11.755000
0.228598 11.755000
0.229061 11.755000
0.229523 11.755900
0.229986 11.755900
0.230449 11.755900
0.230912 11.756900
0.231374 11.757100
0.231837 11.757100
0.232300 11.757900
0.232763 11.758100
0.233225 11.758100
0.233688 11.759000
0.234151 11.759000
0.234614 11.760000
0.235076 11.760000
0.235539 11.761000
0.236002 11.761000
0.236465 11.761000
0.236927 11.761200
0.237390 11.761900
0.237853 11.762100
0.238316 11.763100
0.238778 11.764000
0.239241 11.764000
0.239704 11.764000
0.240167 11.765000
0.240629 11.765000
0.241092 11.765000
0.241555 11.766000
0.242018 11.766000
0.242480 11.766900
0.242943 11.766900
0.243406 11.767100
0.243869 11.767100
0.244331 11.768100
0.244794 11.768800
0.245257 11.769100
0.245720 11.769100
0.246182 11.769100
0.246645 11.770000
0.247108 11.770000
0.247571 11.771000
0.248033 11.771900
0.248496 11.771900
0.248959 11.771900
0.249422 11.771900
0.249884 11.772900
0.250347 11.773100
0.250810 11.773100
0.251273 11.773800
0.251735 11.774100
0.252198 11.774100
0.252661 11.775000
0.253124 11.775000
0.253586 11.775000
0.254049 11.775000
0.254512 11.775000
0.254975 11.776000
0.255437 11.776000
0.255900 11.776200
0.256363 11.776900
0.256826 11.776900
0.257288 11.777900
0.257751 11.779100
0.258214 11.781000
0.258677 11.781000
0.259139 11.781900
0.259602 11.781900
0.260065 11.782200
0.260528 11.782900
0.260990 11.782900
0.261453 11.783100
0.261916 11.784100
0.262379 11.784100
0.262841 11.784100
0.263304 11.785000
0.263767 11.785000
0.264230 11.785000
0.264692 11.786000
0.265155 11.786900
0.265618 11.786900
0.266081 11.787900
0.266543 11.788100
0.267006 11.788100
0.267469 11.789800
0.267932 11.790000
0.268394 11.790000
0.268857 11.790000
0.269320 11.791000
0.269783 11.791000
0.270245 11.791000
0.270708 11.791000
0.271171 11.791900
0.271634 11.792200
0.272096 11.792200
0.272559 11.792900
0.273022 11.792900
0.273484 11.793100
0.273947 11.793100
0.274410 11.793100
0.274873 11.794100
0.275335 11.794100
0.275798 11.794100
0.276261 11.794800
0.276724 11.794800
0.277186 11.795000
0.277649 11.795000
0.278112 11.796000
0.278575 11.796000
0.279037 11.796000
0.279500 11.796000
0.279963 11.797000
0.280426 11.797000
0.280888 11.797900
0.281351 11.798100
0.281814 11.798100
0.282277 11.798900
0.282739 11.799100
0.283202 11.799100
0.283665 11.799800
0.284128 11.800100
0.284590 11.800800
0.285053 11.801000
0.285516 11.802000
0.285979 11.802200
0.286441 11.802200
0.286904 11.803200
0.287367 11.804100
0.287830 11.804100
0.288292 11.804800
0.288755 11.805100
0.289218 11.806000
0.289681 11.806000
0.290143 11.806000
0.290606 11.806000
0.291069 11.807000
0.291532 11.807200
0.291994 11.807900
0.292457 11.807900
0.292920 11.807900
0.293383 11.807900
0.293845 11.809100
0.294308 11.809100
0.294771 11.809100
0.295234 11.809100
0.295696 11.809800
0.296159 11.809800
0.296622 11.810100
0.297085 11.810800
0.297547 11.811000
0.298010 11.811000
0.298473 11.811000
0.298936 11.812000
0.299398 11.812000
0.299861 11.812200
0.300324 11.812900
0.300787 11.812900
0.301249 11.813200
0.301712 11.814800
0.302175 11.814800
0.302638 11.815100
0.303100 11.815100
0.303563 11.816000
0.304026 11.817000
0.304489 11.817000
0.304951 11.817900
0.305414 11.817900
0.305877 11.818200
0.306340 11.818200
0.306802 11.818200
0.307265 11.818900
0.307728 11.819100
0.308191 11.819100
0.308653 11.819800
0.309116 11.821000
0.309579 11.821000
0.310042 11.822900
0.310504 11.822900
0.310967 11.822900
0.311430 11.823900
0.311893 11.823900
0.312355 11.823900
0.312818 11.826000
0.313281 11.826000
0.313744 11.827000
0.314206 11.827900
0.314669 11.828200
0.315132 11.829100
0.315595 11.830100
0.316057 11.831000
0.316520 11.832000
0.316983 11.832000
0.317446 11.832000
0.317908 11.832000
0.318371 11.833000
0.318834 11.833000
0.319297 11.833000
0.319759 11.833900
0.320222 11.834100
0.320685 11.834900
0.321148 11.835800
0.321610 11.836100
0.322073 11.836100
0.322536 11.836100
0.322999 11.836100
0.323461 11.837000
0.323924 11.837000
0.324387 11.838000
0.324850 11.838000
0.325312 11.838900
0.325775 11.839200
0.326238 11.839900
0.326701 11.840100
0.327163 11.841100
0.327626 11.842000
0.328089 11.842000
0.328552 11.842000
0.329014 11.842000
0.329477 11.843000
0.329940 11.843000
0.330403 11.844900
0.330865 11.844900
0.331328 11.845100
0.331791 11.846100
0.332254 11.847000
0.332716 11.847000
0.333179 11.848000
0.333642 11.848000
0.334105 11.848200
0.334567 11.848200
0.335030 11.848900
0.335493 11.848900
0.335956 11.848900
0.336418 11.849200
0.336881 11.849200
0.337344 11.851100
0.337807 11.851100
0.338269 11.853000
0.338732 11.853000
0.339195 11.853900
0.339658 11.853900
0.340120 11.853900
0.340583 11.854200
0.341046 11.854900
0.341509 11.854900
0.341971 11.854900
0.342434 11.854900
0.342897 11.854900
0.343360 11.855100
0.343822 11.855800
0.344285 11.855800
0.344748 11.855800
0.345211 11.855800
0.345673 11.856100
0.346136 11.857000
0.346599 11.858000
0.347062 11.858000
0.347524 11.858000
0.347987 11.858000
0.348450 11.858900
0.348913 11.858900
0.349375 11.858900
0.349838 11.859900
0.350301 11.860800
0.350764 11.861800
0.351226 11.862000
0.351689 11.863900
0.352152 11.863900
0.352615 11.864200
0.353077 11.864900
0.353540 11.864900
0.354003 11.864900
0.354466 11.864900
0.354928 11.865900
0.355391 11.865900
0.355854 11.866100
0.356317 11.867000
0.356779 11.867000
0.357242 11.868000
0.357705 11.868000
0.358168 11.868000
0.358630 11.868000
0.359093 11.869900
0.359556 11.869900
0.360019 11.870100
0.360481 11.870900
0.360944 11.871100
0.361407 11.871100
0.361870 11.871100
0.362332 11.871100
0.362795 11.871100
0.363258 11.872100
0.363720 11.872100
0.364183 11.872100
0.364646 11.872100
0.365109 11.873000
0.365571 11.873000
0.366034 11.873000
0.366497 11.874000
0.366960 11.874000
0.367422 11.874000
0.367885 11.874000
0.368348 11.874000
0.368811 11.874200
0.369273 11.874900
0.369736 11.874900
0.370199 11.875200
0.370662 11.876100
0.371124 11.876100
0.371587 11.876800
0.372050 11.877100
0.372513 11.878000
0.372975 11.878000
0.373438 11.879000
0.373901 11.879900
0.374364 11.879900
0.374826 11.880200
0.375289 11.880900
0.375752 11.882100
0.376215 11.882100
0.376677 11.882100
0.377140 11.883000
0.377603 11.883000
0.378066 11.883000
0.378528 11.883000
0.378991 11.884200
0.379454 11.885900
0.379917 11.885900
0.380379 11.886100
0.380842 11.886100
0.381305 11.888000
0.381768 11.888000
0.382230 11.888000
0.382693 11.889000
0.383156 11.889000
0.383619 11.889000
0.384081 11.889000
0.384544 11.889900
0.385007 11.890900
0.385470 11.891100
0.385932 11.891100
0.386395 11.891800
0.386858 11.891800
0.387321 11.892100
0.387783 11.892100
0.388246 11.892800
0.388709 11.894000
0.389172 11.895900
0.389634 11.895900
0.390097 11.895900
0.390560 11.896100
0.391023 11.896100
0.391485 11.896800
0.391948 11.897800
0.392411 11.898000
0.392874 11.899000
0.393336 11.899000
0.393799 11.899000
0.394262 11.900200
0.394725 11.900900
0.395187 11.900900
0.395650 11.900900
0.396113 11.901100
0.396576 11.901900
0.397038 11.902800
0.397501 11.904000
0.397964 11.904000
0.398427 11.904000
0.398889 11.905000
0.399352 11.905200
0.399815 11.906100
0.400278 11.906100
0.400740 11.906900
0.401203 11.906900
0.401666 11.907100
0.402129 11.907100
0.402591 11.908100
0.403054 11.909000
0.403517 11.909000
0.403980 11.909000
0.404442 11.909000
0.404905 11.910000
0.405368 11.910000
0.405831 11.910200
0.406293 11.910900
0.406756 11.910900
0.407219 11.911200
0.407682 11.912100
0.408144 11.913100
0.408607 11.913100
0.409070 11.914000
0.409533 11.915000
0.409995 11.915900
0.410458 11.915900
0.410921 11.915900
0.411384 11.916900
0.411846 11.918100
0.412309 11.920000
0.412772 11.920000
0.413235 11.920900
0.413697 11.920900
0.414160 11.921200
0.414623 11.921900
0.415086 11.922800
0.415548 11.923100
0.416011 11.923100
0.416474 11.923100
0.416937 11.924000
0.417399 11.925000
0.417862 11.925000
0.418325 11.925900
0.418788 11.925900
0.419250 11.926200
0.419713 11.927100
0.420176 11.928800
0.420639 11.930000
0.421101 11.930000
0.421564 11.930200
0.422027 11.930900
0.422490 11.930900
0.422952 11.930900
0.423415 11.931200
0.423878 11.931900
0.424341 11.932100
0.424803 11.932100
0.425266 11.935000
0.425729 11.935000
0.426192 11.935000
0.426654 11.938100
0.427117 11.938100
0.427580 11.939000
0.428043 11.940000
0.428505 11.941000
0.428968 11.941000
0.429431 11.941000
0.429894 11.941200
0.430356 11.941900
0.430819 11.941900
0.431282 11.942900
0.431745 11.943100
0.432207 11.943100
0.432670 11.943800
0.433133 11.944100
0.433596 11.944100
0.434058 11.944800
0.434521 11.945000
0.434984 11.946000
0.435447 11.946900
0.435909 11.946900
0.436372 11.947200
0.436835 11.947200
0.437298 11.947200
0.437760 11.948800
0.438223 11.950000
0.438686 11.950000
0.439149 11.950000
0.439611 11.951000
0.440074 11.953100
0.440537 11.953800
0.441000 11.955000
0.441462 11.956000
0.441925 11.956000
0.442388 11.956000
0.442851 11.956900
0.443313 11.956900
0.443776 11.957200
0.444239 11.957200
0.444702 11.957200
0.445164 11.958100
0.445627 11.958100
0.446090 11.959100
0.446553 11.959100
0.447015 11.959100
0.447478 11.961000
0.447941 11.961000
0.448404 11.961000
0.448866 11.961900
0.449329 11.963100
0.449792 11.963800
0.450255 11.964100
0.450717 11.964100
0.451180 11.966000
0.451643 11.966000
0.452106 11.966900
0.452568 11.966900
0.453031 11.967900
0.453494 11.967900
0.453957 11.967900
0.454419 11.968100
0.454882 11.968900
0.455345 11.968900
0.455807 11.970000
0.456270 11.970000
0.456733 11.971000
0.457196 11.971000
0.457658 11.971000
0.458121 11.972000
0.458584 11.972000
0.459047 11.972900
0.459509 11.973100
0.459972 11.973900
0.460435 11.974100
0.460898 11.976000
0.461360 11.977900
0.461823 11.977900
0.462286 11.979100
0.462749 11.980100
0.463211 11.980100
0.463674 11.981000
0.464137 11.982000
0.464600 11.983900
0.465062 11.984800
0.465525 11.986000
0.465988 11.986000
0.466451 11.987000
0.466913 11.987000
0.467376 11.987000
0.467839 11.987900
0.468302 11.988200
0.468764 11.989100
0.469227 11.990100
0.469690 11.990100
0.470153 11.990800
0.470615 11.991000
0.471078 11.991000
0.471541 11.992000
0.472004 11.992900
0.472466 11.993200
0.472929 11.994100
0.473392 11.994100
0.473855 11.995100
0.474317 11.995100
0.474780 11.995100
0.475243 11.995100
0.475706 11.995800
0.476168 11.996000
0.476631 11.996000
0.477094 11.996000
0.477557 11.996000
0.478019 11.997000
0.478482 11.997900
0.478945 11.997900
0.479408 11.997900
0.479870 11.998900
0.480333 11.999100
0.480796 12.001000
0.481259 12.001000
0.481721 12.002000
0.482184 12.002000
0.482647 12.002200
0.483110 12.002900
0.483572 12.004100
0.484035 12.004900
0.484498 12.004900
0.484961 12.005100
0.485423 12.005100
0.485886 12.005100
0.486349 12.006000
0.486812 12.006000
0.487274 12.006000
0.487737 12.007000
0.488200 12.007000
0.488663 12.008000
0.489125 12.009100
0.489588 12.010800
0.490051 12.011100
0.490514 12.011100
0.490976 12.012000
0.491439 12.012000
0.491902 12.012000
0.492365 12.013200
0.492827 12.013900
0.493290 12.014200
0.493753 12.014200
0.494216 12.015100
0.494678 12.015100
0.495141 12.015100
0.495604 12.016100
0.496067 12.016100
0.496529 12.018000
0.496992 12.018900
0.497455 12.019200
0.497918 12.019900
0.498380 12.019900
0.498843 12.020100
0.499306 12.021100
0.499769 12.022000
0.500231 12.022000
0.500694 12.023000
0.501157 12.023900
0.501620 12.025100
0.502082 12.025100
0.502545 12.025800
0.503008 12.026100
0.503471 12.026100
0.503933 12.027000
0.504396 12.027000
0.504859 12.028000
0.505322 12.028900
0.505784 12.028900
0.506247 12.028900
0.506710 12.030100
0.507173 12.031100
0.507635 12.032000
0.508098 12.032000
0.508561 12.033000
0.509024 12.033000
0.509486 12.033000
0.509949 12.033900
0.510412 12.033900
0.510875 12.035100
0.511337 12.035100
0.511800 12.036100
0.512263 12.037000
0.512726 12.037000
0.513188 12.038000
0.513651 12.038000
0.514114 12.038900
0.514577 12.039900
0.515039 12.040900
0.515502 12.040900
0.515965 12.040900
0.516428 12.041100
0.516890 12.041800
0.517353 12.042000
0.517816 12.043000
0.518279 12.043000
0.518741 12.043000
0.519204 12.044000
0.519667 12.044200
0.520130 12.044900
0.520592 12.045900
0.521055 12.046100
0.521518 12.046800
0.521981 12.048000
0.522443 12.049000
0.522906 12.049000
0.523369 12.049200
0.523832 12.049900
0.524294 12.050900
0.524757 12.052100
0.525220 12.053000
0.525683 12.053000
0.526145 12.053000
0.526608 12.053000
0.527071 12.054900
0.527534 12.055200
0.527996 12.055900
0.528459 12.055900
0.528922 12.055900
0.529385 12.056100
0.529847 12.056100
0.530310 12.056800
0.530773 12.057100
0.531236 12.058000
0.531698 12.059000
0.532161 12.060200
0.532624 12.062100
0.533087 12.062100
0.533549 12.062100
0.534012 12.062800
0.534475 12.063000
0.534938 12.063000
0.535400 12.064000
0.535863 12.065900
0.536326 12.065900
0.536789 12.067100
0.537251 12.068000
0.537714 12.068000
0.538177 12.068000
0.538640 12.069000
0.539102 12.069000
0.539565 12.069000
0.540028 12.069000
0.540491 12.069900
0.540953 12.069900
0.541416 12.070900
0.541879 12.073000
0.542342 12.074000
0.542804 12.074000
0.543267 12.074000
0.543730 12.074000
0.544193 12.074000
0.544655 12.074900
0.545118 12.074900
0.545581 12.074900
0.546043 12.075900
0.546506 12.079000
0.546969 12.079000
0.547432 12.080000
0.547894 12.080000
0.548357 12.080000
0.548820 12.080200
0.549283 12.081100
0.549745 12.082100
0.550208 12.085000
0.550671 12.085000
0.551134 12.085900
0.551596 12.085900
0.552059 12.085900
0.552522 12.086200
0.552985 12.086900
0.553447 12.087800
0.553910 12.087800
0.554373 12.088100
0.554836 12.090200
0.555298 12.090900
0.555761 12.091900
0.556224 12.093100
0.556687 12.093100
0.557149 12.094000
0.557612 12.095000
0.558075 12.095000
0.558538 12.095000
0.559000 12.096900
0.559463 12.097800
0.559926 12.098100
0.560389 12.100000
0.560851 12.100900
0.561314 12.102100
0.561777 12.104000
0.562240 12.104000
0.562702 12.107100
0.563165 12.108100
0.563628 12.108100
0.564091 12.108100
0.564553 12.110000
0.565016 12.110000
0.565479 12.111900
0.565942 12.112900
0.566404 12.113100
0.566867 12.113800
0.567330 12.115000
0.567793 12.115000
0.568255 12.115000
0.568718 12.116000
0.569181 12.116000
0.569644 12.116900
0.570106 12.117900
0.570569 12.118100
0.571032 12.119100
0.571495 12.120000
0.571957 12.120000
0.572420 12.121000
0.572883 12.122200
0.573346 12.122900
0.573808 12.122900
0.574271 12.123100
0.574734 12.123800
0.575197 12.124100
0.575659 12.126000
0.576122 12.126900
0.576585 12.126900
0.577048 12.128100
0.577510 12.128100
0.577973 12.128100
0.578436 12.129100
0.578899 12.130000
0.579361 12.130000
0.579824 12.130000
0.580287 12.131900
0.580750 12.132200
0.581212 12.132900
0.581675 12.132900
0.582138 12.136900
0.582601 12.136900
0.583063 12.137900
0.583526 12.138100
0.583989 12.139100
0.584452 12.139800
0.584914 12.140000
0.585377 12.140000
0.585840 12.140000
0.586303 12.140000
0.586765 12.141000
0.587228 12.141000
0.587691 12.141000
0.588154 12.142200
0.588616 12.143100
0.589079 12.143100
0.589542 12.147900
0.590005 12.149800
0.590467 12.150000
0.590930 12.150000
0.591393 12.150000
0.591856 12.152000
0.592318 12.152000
0.592781 12.152000
0.593244 12.153100
0.593707 12.153900
0.594169 12.154100
0.594632 12.156000
0.595095 12.157000
0.595558 12.157200
0.596020 12.157200
0.596483 12.157200
0.596946 12.157900
0.597409 12.158900
0.597871 12.159100
0.598334 12.159100
0.598797 12.160100
0.599260 12.162000
0.599722 12.162000
0.600185 12.162000
0.600648 12.162900
0.601111 12.162900
0.601573 12.162900
0.602036 12.163200
0.602499 12.164800
0.602962 12.165100
0.603424 12.165800
0.603887 12.166000
0.604350 12.167000
0.604813 12.167000
0.605275 12.167200
0.605738 12.168900
0.606201 12.168900
0.606664 12.168900
0.607126 12.169100
0.607589 12.170100
0.608052 12.171000
0.608515 12.171000
0.608977 12.172000
0.609440 12.172900
0.609903 12.173900
0.610366 12.177900
0.610828 12.178900
0.611291 12.180100
0.611754 12.180800
0.612217 12.181000
0.612679 12.182000
0.613142 12.182000
0.613605 12.184900
0.614068 12.189100
0.614530 12.189100
0.614993 12.189100
0.615456 12.190100
0.615919 12.192000
0.616381 12.193900
0.616844 12.194900
0.617307 12.194900
0.617770 12.195100
0.618232 12.195100
0.618695 12.197000
0.619158 12.197000
0.619621 12.198900
0.620083 12.199200
0.620546 12.202000
0.621009 12.203000
0.621472 12.203000
0.621934 12.203000
0.622397 12.203900
0.622860 12.206100
0.623323 12.208000
0.623785 12.208000
0.624248 12.208000
0.624711 12.208000
0.625174 12.208900
0.625636 12.208900
0.626099 12.208900
0.626562 12.208900
0.627025 12.209200
0.627487 12.211100
0.627950 12.213000
0.628413 12.216100
0.628876 12.216800
0.629338 12.217000
0.629801 12.217000
0.630264 12.218000
0.630727 12.218000
0.631189 12.220900
0.631652 12.221100
0.632115 12.222100
0.632578 12.222100
0.633040 12.223000
0.633503 12.225200
0.633966 12.226800
0.634429 12.227100
0.634891 12.228000
0.635354 12.228000
0.635817 12.229900
0.636280 12.230900
0.636742 12.231100
0.637205 12.231800
0.637668 12.232100
0.638130 12.238000
0.638593 12.238000
0.639056 12.238000
0.639519 12.239000
0.639981 12.239000
0.640444 12.242100
0.640907 12.242100
0.641370 12.243000
0.641832 12.244900
0.642295 12.245200
0.642758 12.245900
0.643221 12.246800
0.643683 12.248000
0.644146 12.248000
0.644609 12.249000
0.645072 12.249900
0.645534 12.250900
0.645997 12.251900
0.646460 12.252100
0.646923 12.254000
0.647385 12.254000
0.647848 12.256100
0.648311 12.258100
0.648774 12.260900
0.649236 12.260900
0.649699 12.260900
0.650162 12.261200
0.650625 12.262100
0.651087 12.264000
0.651550 12.265000
0.652013 12.265200
0.652476 12.265900
0.652938 12.267100
0.653401 12.270000
0.653864 12.270000
0.654327 12.270000
0.654789 12.270900
0.655252 12.271900
0.655715 12.272800
0.656178 12.273100
0.656640 12.274000
0.657103 12.275000
0.657566 12.278100
0.658029 12.280000
0.658491 12.281900
0.658954 12.283100
0.659417 12.283100
0.659880 12.289000
0.660342 12.290000
0.660805 12.294100
0.661268 12.296000
0.661731 12.297200
0.662193 12.297200
0.662656 12.297900
0.663119 12.298100
0.663582 12.300000
0.664044 12.301000
0.664507 12.301900
0.664970 12.301900
0.665433 12.302900
0.665895 12.303800
0.666358 12.305000
0.666821 12.307900
0.667284 12.308800
0.667746 12.310000
0.668209 12.311000
0.668672 12.311000
0.669135 12.311900
0.669597 12.313100
0.670060 12.313800
0.670523 12.314800
0.670986 12.316900
0.671448 12.318800
0.671911 12.319100
0.672374 12.324100
0.672837 12.327000
0.673299 12.327900
0.673762 12.327900
0.674225 12.329800
0.674688 12.332000
0.675150 12.333900
0.675613 12.335100
0.676076 12.339100
0.676539 12.341000
0.677001 12.342000
0.677464 12.343900
0.677927 12.344100
0.678390 12.344100
0.678852 12.345100
0.679315 12.345100
0.679778 12.346000
0.680241 12.347000
0.680703 12.347900
0.681166 12.348900
0.681629 12.349800
0.682092 12.349800
0.682554 12.352000
0.683017 12.352900
0.683480 12.353900
0.683943 12.355100
0.684405 12.356000
0.684868 12.358000
0.685331 12.359100
0.685794 12.360100
0.686256 12.363000
0.686719 12.363200
0.687182 12.363900
0.687645 12.367000
0.688107 12.368200
0.688570 12.369900
0.689033 12.369900
0.689496 12.373000
0.689958 12.373200
0.690421 12.375100
0.690884 12.379200
0.691347 12.380100
0.691809 12.382000
0.692272 12.383900
0.692735 12.386100
0.693198 12.388000
0.693660 12.388000
0.694123 12.393000
0.694586 12.393000
0.695049 12.398000
0.695511 12.403000
0.695974 12.407100
0.696437 12.408000
0.696900 12.416100
0.697362 12.418000
0.697825 12.419200
0.698288 12.420900
0.698751 12.422100
0.699213 12.422100
0.699676 12.424000
0.700139 12.426900
0.700602 12.427100
0.701064 12.429000
0.701527 12.430000
0.701990 12.430900
0.702453 12.433100
0.702915 12.434000
0.703378 12.434000
0.703841 12.437100
0.704304 12.440200
0.704766 12.445000
0.705229 12.445000
0.705692 12.448100
0.706155 12.448100
0.706617 12.453100
0.707080 12.455000
0.707543 12.456200
0.708006 12.459000
0.708468 12.465000
0.708931 12.466000
0.709394 12.466200
0.709857 12.466900
0.710319 12.468100
0.710782 12.471900
0.711245 12.474100
0.711708 12.475000
0.712170 12.479100
0.712633 12.480000
0.713096 12.481900
0.713559 12.484100
0.714021 12.486000
0.714484 12.486000
0.714947 12.486900
0.715410 12.487200
0.715872 12.491000
0.716335 12.495000
0.716798 12.500000
0.717261 12.501000
0.717723 12.503900
0.718186 12.506000
0.718649 12.507900
0.719112 12.513900
0.719574 12.514100
0.720037 12.520800
0.720500 12.523900
0.720963 12.527000
0.721425 12.529900
0.721888 12.532000
0.722351 12.532900
0.722814 12.532900
0.723276 12.533200
0.723739 12.541100
0.724202 12.541800
0.724665 12.548000
0.725127 12.548900
0.725590 12.550800
0.726053 12.551100
0.726516 12.552000
0.726978 12.552000
0.727441 12.555800
0.727904 12.555800
0.728366 12.558000
0.728829 12.565100
0.729292 12.569900
0.729755 12.574200
0.730217 12.576100
0.730680 12.580200
0.731143 12.581100
0.731606 12.584000
0.732068 12.584000
0.732531 12.586100
0.732994 12.590900
0.733457 12.594000
0.733919 12.594900
0.734382 12.605000
0.734845 12.612100
0.735308 12.616200
0.735770 12.617100
0.736233 12.625000
0.736696 12.626900
0.737159 12.628100
0.737621 12.630000
0.738084 12.635900
0.738547 12.644100
0.739010 12.645000
0.739472 12.649100
0.739935 12.655000
0.740398 12.660000
0.740861 12.662200
0.741323 12.665000
0.741786 12.669100
0.742249 12.671900
0.742712 12.682000
0.743174 12.684100
0.743637 12.689100
0.744100 12.691000
0.744563 12.691000
0.745025 12.692900
0.745488 12.697000
0.745951 12.703200
0.746414 12.707900
0.746876 12.714100
0.747339 12.716100
0.747802 12.718000
0.748265 12.728000
0.748727 12.729900
0.749190 12.738000
0.749653 12.743000
0.750116 12.752100
0.750578 12.754900
0.751041 12.759000
0.751504 12.764900
0.751967 12.769000
0.752429 12.769900
0.752892 12.771800
0.753355 12.790000
0.753818 12.800200
0.754280 12.805000
0.754743 12.806900
0.755206 12.807100
0.755669 12.811900
0.756131 12.813100
0.756594 12.814000
0.757057 12.822200
0.757520 12.823800
0.757982 12.827900
0.758445 12.831900
0.758908 12.831900
0.759371 12.841900
0.759833 12.849100
0.760296 12.860100
0.760759 12.862900
0.761222 12.880100
0.761684 12.886000
0.762147 12.896100
0.762610 12.898000
0.763073 12.902000
0.763535 12.905100
0.763998 12.908900
0.764461 12.913900
0.764924 12.914900
0.765386 12.915800
0.765849 12.915800
0.766312 12.929000
0.766775 12.932100
0.767237 12.950900
0.767700 12.951100
0.768163 12.951900
0.768626 12.954000
0.769088 12.955900
0.769551 12.959000
0.770014 12.982100
0.770477 12.986900
0.770939 13.005000
0.771402 13.020000
0.771865 13.026000
0.772328 13.032000
0.772790 13.037000
0.773253 13.042900
0.773716 13.056000
0.774179 13.067000
0.774641 13.075100
0.775104 13.077000
0.775567 13.077000
0.776030 13.090100
0.776492 13.095900
0.776955 13.098000
0.777418 13.100900
0.777881 13.105200
0.778343 13.107100
0.778806 13.119000
0.779269 13.119900
0.779732 13.120900
0.780194 13.124000
0.780657 13.125200
0.781120 13.125200
0.781583 13.129900
0.782045 13.129900
0.782508 13.133000
0.782971 13.135000
0.783434 13.144000
0.783896 13.145900
0.784359 13.148100
0.784822 13.151900
0.785285 13.156900
0.785747 13.160200
0.786210 13.168100
0.786673 13.169100
0.787136 13.186900
0.787598 13.188100
0.788061 13.195000
0.788524 13.201000
0.788987 13.202900
0.789449 13.210100
0.789912 13.212900
0.790375 13.216000
0.790838 13.223900
0.791300 13.226000
0.791763 13.226000
0.792226 13.228200
0.792689 13.231000
0.793151 13.241100
0.793614 13.246100
0.794077 13.249900
0.794540 13.251100
0.795002 13.254900
0.795465 13.255800
0.795928 13.256100
0.796391 13.263900
0.796853 13.268900
0.797316 13.293000
0.797779 13.296100
0.798242 13.297100
0.798704 13.299000
0.799167 13.299000
0.799630 13.302100
0.800093 13.306100
0.800555 13.310900
0.801018 13.315900
0.801481 13.325900
0.801944 13.328100
0.802406 13.334000
0.802869 13.340000
0.803332 13.341000
0.803795 13.377000
0.804257 13.379100
0.804720 13.384100
0.805183 13.414900
0.805646 13.419200
0.806108 13.422000
0.806571 13.422000
0.807034 13.433000
0.807497 13.440100
0.807959 13.441100
0.808422 13.442000
0.808885 13.445100
0.809348 13.457100
0.809810 13.459900
0.810273 13.469900
0.810736 13.472800
0.811199 13.476800
0.811661 13.478000
0.812124 13.485200
0.812587 13.492100
0.813050 13.528800
0.813512 13.530000
0.813975 13.530000
0.814438 13.538800
0.814901 13.541200
0.815363 13.550000
0.815826 13.562000
0.816289 13.563900
0.816752 13.573900
0.817214 13.588900
0.817677 13.596100
0.818140 13.610800
0.818602 13.615100
0.819065 13.625100
0.819528 13.638000
0.819991 13.642100
0.820453 13.644000
0.820916 13.652100
0.821379 13.655900
0.821842 13.659000
0.822304 13.659000
0.822767 13.662100
0.823230 13.664000
0.823693 13.681900
0.824155 13.683100
0.824618 13.684000
0.825081 13.688100
0.825544 13.695000
0.826006 13.695000
0.826469 13.698100
0.826932 13.710000
0.827395 13.711000
0.827857 13.714100
0.828320 13.718100
0.828783 13.726000
0.829246 13.733900
0.829708 13.749100
0.830171 13.759900
0.830634 13.762000
0.831097 13.778900
0.831559 13.783900
0.832022 13.808000
0.832485 13.812100
0.832948 13.814000
0.833410 13.821100
0.833873 13.824900
0.834336 13.827100
0.834799 13.828000
0.835261 13.836900
0.835724 13.850900
0.836187 13.851200
0.836650 13.855000
0.837112 13.856200
0.837575 13.860900
0.838038 13.870000
0.838501 13.898100
0.838963 13.902900
0.839426 13.904100
0.839889 13.914800
0.840352 13.918900
0.840814 13.927000
0.841277 13.928200
0.841740 13.932900
0.842203 13.934100
0.842665 13.946100
0.843128 13.971800
0.843591 13.978000
0.844054 13.982100
0.844516 14.004000
0.844979 14.011900
0.845442 14.033800
0.845905 14.039000
0.846367 14.042100
0.846830 14.051900
0.847293 14.061900
0.847756 14.071900
0.848218 14.085100
0.848681 14.097000
0.849144 14.097000
0.849607 14.101000
0.850069 14.102000
0.850532 14.111000
0.850995 14.116000
0.851458 14.123000
0.851920 14.128000
0.852383 14.154900
0.852846 14.159900
0.853309 14.163000
0.853771 14.164900
0.854234 14.176800
0.854697 14.193100
0.855160 14.200900
0.855622 14.213100
0.856085 14.213100
0.856548 14.217900
0.857011 14.240000
0.857473 14.267000
0.857936 14.287000
0.858399 14.317000
0.858862 14.320100
0.859324 14.327800
0.859787 14.336100
0.860250 14.344200
0.860713 14.349900
0.861175 14.353000
0.861638 14.357100
0.862101 14.370900
0.862564 14.376900
0.863026 14.381900
0.863489 14.406000
0.863952 14.424100
0.864415 14.424800
0.864877 14.430000
0.865340 14.446000
0.865803 14.461000
0.866266 14.470800
0.866728 14.474200
0.867191 14.483000
0.867654 14.504000
0.868117 14.504900
0.868579 14.505900
0.869042 14.519900
0.869505 14.532100
0.869968 14.553100
0.870430 14.575000
0.870893 14.581000
0.871356 14.610100
0.871819 14.612900
0.872281 14.638900
0.872744 14.640100
0.873207 14.647000
0.873670 14.668000
0.874132 14.688000
0.874595 14.708000
0.875058 14.753800
0.875521 14.770000
0.875983 14.808900
0.876446 14.808900
0.876909 14.815800
0.877372 14.816000
0.877834 14.819900
0.878297 14.832000
0.878760 14.853000
0.879223 14.855100
0.879685 14.884000
0.880148 14.899000
0.880611 14.914000
0.881074 14.916900
0.881536 14.947200
0.881999 14.967000
0.882462 14.996100
0.882925 15.000100
0.883387 15.038000
0.883850 15.039000
0.884313 15.137900
0.884776 15.140100
0.885238 15.155100
0.885701 15.162900
0.886164 15.178000
0.886627 15.178200
0.887089 15.179900
0.887552 15.188000
0.888015 15.193000
0.888478 15.225200
0.888940 15.289100
0.889403 15.296000
0.889866 15.324100
0.890329 15.327900
0.890791 15.337900
0.891254 15.343900
0.891717 15.384000
0.892180 15.386100
0.892642 15.389000
0.893105 15.437800
0.893568 15.449000
0.894031 15.455000
0.894493 15.461900
0.894956 15.465000
0.895419 15.469100
0.895882 15.472900
0.896344 15.500100
0.896807 15.520100
0.897270 15.524900
0.897733 15.537000
0.898195 15.562100
0.898658 15.584900
0.899121 15.585900
0.899584 15.610900
0.900046 15.619000
0.900509 15.622900
0.900972 15.638100
0.901435 15.673900
0.901897 15.685100
0.902360 15.692900
0.902823 15.698000
0.903286 15.699100
0.903748 15.730900
0.904211 15.775900
0.904674 15.816900
0.905137 15.827900
0.905599 15.863200
0.906062 15.877000
0.906525 15.878000
0.906988 15.915200
0.907450 15.935200
0.907913 15.946900
0.908376 15.970900
0.908839 16.011000
0.909301 16.022000
0.909764 16.031000
0.910227 16.056100
0.910689 16.063900
0.911152 16.105900
0.911615 16.120900
0.912078 16.156900
0.912540 16.161900
0.913003 16.191000
0.913466 16.200100
0.913929 16.218900
0.914391 16.234900
0.914854 16.287100
0.915317 16.304000
0.915780 16.332900
0.916242 16.333800
0.916705 16.346000
0.917168 16.522900
0.917631 16.625900
0.918093 16.693100
0.918556 16.750100
0.919019 16.762000
0.919482 16.809900
0.919944 16.813000
0.920407 16.845900
0.920870 16.851900
0.921333 16.857100
0.921795 16.880000
0.922258 16.893900
0.922721 16.924900
0.923184 16.974000
0.923646 16.995900
0.924109 17.019000
0.924572 17.025000
0.925035 17.059100
0.925497 17.086000
0.925960 17.108000
0.926423 17.128200
0.926886 17.137100
0.927348 17.206000
0.927811 17.206900
0.928274 17.349000
0.928737 17.396900
0.929199 17.409800
0.929662 17.444800
0.930125 17.455100
0.930588 17.463000
0.931050 17.489900
0.931513 17.588900
0.931976 17.598200
0.932439 17.648900
0.932901 17.716200
0.933364 17.777900
0.933827 17.831100
0.934290 17.873000
0.934752 17.926000
0.935215 17.929800
0.935678 18.004900
0.936141 18.040200
0.936603 18.054000
0.937066 18.056200
0.937529 18.083100
0.937992 18.091000
0.938454 18.111000
0.938917 18.156100
0.939380 18.158000
0.939843 18.190900
0.940305 18.252100
0.940768 18.295000
0.941231 18.310100
0.941694 18.360900
0.942156 18.481000
0.942619 18.646000
0.943082 18.677900
0.943545 18.726800
0.944007 18.752100
0.944470 18.774000
0.944933 18.822900
0.945396 18.851000
0.945858 18.930000
0.946321 18.980000
0.946784 19.019100
0.947247 19.231100
0.947709 19.268000
0.948172 19.285900
0.948635 19.338100
0.949098 19.342200
0.949560 19.698100
0.950023 19.711000
0.950486 19.712000
0.950949 19.779900
0.951411 19.851900
0.951874 19.887000
0.952337 19.929200
0.952800 20.001900
0.953262 20.026000
0.953725 20.252000
0.954188 20.327100
0.954651 20.389100
0.955113 20.397200
0.955576 20.426000
0.956039 20.484000
0.956502 20.493000
0.956964 20.534000
0.957427 20.544100
0.957890 20.547200
0.958353 20.658000
0.958815 20.672100
0.959278 20.674900
0.959741 20.698100
0.960204 20.726900
0.960666 20.818900
0.961129 20.945100
0.961592 20.993900
0.962055 21.059000
0.962517 21.244000
0.962980 21.246000
0.963443 21.385900
0.963906 21.402800
0.964368 21.486000
0.964831 21.501100
0.965294 21.502000
0.965757 21.524900
0.966219 21.592100
0.966682 21.621900
0.967145 21.710200
0.967608 21.724000
0.968070 21.745000
0.968533 21.799100
0.968996 21.986000
0.969459 21.991000
0.969921 21.992900
0.970384 22.066800
0.970847 22.102800
0.971310 22.159800
0.971772 22.177000
0.972235 22.201100
0.972698 22.234000
0.973161 22.294000
0.973623 22.321000
0.974086 22.385100
0.974549 22.452100
0.975012 22.455000
0.975474 22.498100
0.975937 22.538900
0.976400 22.625000
0.976863 22.651900
0.977325 22.678900
0.977788 22.684100
0.978251 22.884800
0.978714 22.963000
0.979176 23.084900
0.979639 23.384800
0.980102 23.418200
0.980565 23.428000
0.981027 23.468000
0.981490 23.550000
0.981953 23.562900
0.982416 23.572000
0.982878 23.575100
0.983341 23.627000
0.983804 23.706000
0.984267 23.721000
0.984729 24.263900
0.985192 24.570900
0.985655 24.661100
0.986118 24.961000
0.986580 25.059000
0.987043 25.061100
0.987506 25.083800
0.987969 25.261900
0.988431 25.289100
0.988894 25.598000
0.989357 25.698900
0.989820 25.843100
0.990282 26.008800
0.990745 26.181000
0.991208 26.303100
0.991671 26.382900
0.992133 26.547000
0.992596 26.566000
0.993059 26.620100
0.993522 26.649000
0.993984 26.660000
0.994447 26.680900
0.994910 26.980900
0.995373 27.003000
0.995835 27.042900
0.996298 27.082000
0.996761 27.277000
0.997224 27.462000
0.997686 27.550000
0.998149 27.725900
0.998612 27.913800
0.999075 28.282200
0.999537 31.230000
1.000000 38.554000
