0.000435 48.076200
0.000870 48.348900
0.001304 48.747100
0.001739 48.867000
0.002174 48.918000
0.002609 49.058000
0.003043 49.077000
0.003478 49.084200
0.003913 49.133100
0.004348 49.212000
0.004783 49.310000
0.005217 49.350000
0.005652 49.362900
0.006087 49.369100
0.006522 49.375100
0.006957 49.392900
0.007391 49.489000
0.007826 49.538100
0.008261 49.582000
0.008696 49.589900
0.009130 49.602000
0.009565 49.629900
0.010000 49.669000
0.010435 49.784900
0.010870 49.795200
0.011304 49.809000
0.011739 49.860000
0.012174 49.865000
0.012609 49.870000
0.013043 49.897000
0.013478 49.921000
0.013913 49.944900
0.014348 49.994000
0.014783 50.027800
0.015217 50.029000
0.015652 50.061900
0.016087 50.065000
0.016522 50.073100
0.016957 50.111100
0.017391 50.153000
0.017826 50.192800
0.018261 50.238100
0.018696 50.273200
0.019130 50.283000
0.019565 50.287000
0.020000 50.293000
0.020435 50.297000
0.020870 50.312000
0.021304 50.318000
0.021739 50.326100
0.022174 50.336100
0.022609 50.367800
0.023043 50.368100
0.023478 50.380200
0.023913 50.392200
0.024348 50.404100
0.024783 50.407200
0.025217 50.414100
0.025652 50.418900
0.026087 50.421000
0.026522 50.425100
0.026957 50.432900
0.027391 50.498000
0.027826 50.514000
0.028261 50.525900
0.028696 50.540900
0.029130 50.547100
0.029565 50.549000
0.030000 50.558800
0.030435 50.571000
0.030870 50.571900
0.031304 50.575000
0.031739 50.595000
0.032174 50.605100
0.032609 50.617900
0.033043 50.626000
0.033478 50.627900
0.033913 50.666800
0.034348 50.690200
0.034783 50.697800
0.035217 50.704000
0.035652 50.707100
0.036087 50.762200
0.036522 50.771000
0.036957 50.790100
0.037391 50.793900
0.037826 50.795100
0.038261 50.802200
0.038696 50.807000
0.039130 50.808900
0.039565 50.812000
0.040000 50.829200
0.040435 50.851800
0.040870 50.852100
0.041304 50.852100
0.041739 50.880000
0.042174 50.885900
0.042609 50.902800
0.043043 50.912100
0.043478 50.935000
0.043913 50.940000
0.044348 50.962900
0.044783 50.972000
0.045217 50.999900
0.045652 51.003000
0.046087 51.020100
0.046522 51.031800
0.046957 51.049900
0.047391 51.101900
0.047826 51.106200
0.048261 51.120000
0.048696 51.121000
0.049130 51.136000
0.049565 51.160100
0.050000 51.168200
0.050435 51.184900
0.050870 51.203000
0.051304 51.228000
0.051739 51.260900
0.052174 51.271900
0.052609 51.286000
0.053043 51.293100
0.053478 51.317900
0.053913 51.372100
0.054348 51.387100
0.054783 51.388000
0.055217 51.407100
0.055652 51.415900
0.056087 51.423800
0.056522 51.429000
0.056957 51.441000
0.057391 51.485800
0.057826 51.506000
0.058261 51.512000
0.058696 51.513000
0.059130 51.516100
0.059565 51.522000
0.060000 51.525100
0.060435 51.548000
0.060870 51.551800
0.061304 51.560900
0.061739 51.571800
0.062174 51.572100
0.062609 51.583100
0.063043 51.583100
0.063478 51.589000
0.063913 51.642900
0.064348 51.653900
0.064783 51.690100
0.065217 51.695800
0.065652 51.733000
0.066087 51.739000
0.066522 51.755200
0.066957 51.760200
0.067391 51.763100
0.067826 51.768100
0.068261 51.811000
0.068696 51.814100
0.069130 51.817900
0.069565 51.825000
0.070000 51.868000
0.070435 51.872000
0.070870 51.924900
0.071304 51.945000
0.071739 51.955000
0.072174 52.032000
0.072609 52.039100
0.073043 52.058900
0.073478 52.061100
0.073913 52.077100
0.074348 52.081800
0.074783 52.117100
0.075217 52.144100
0.075652 52.145000
0.076087 52.145000
0.076522 52.155000
0.076957 52.161000
0.077391 52.186000
0.077826 52.192900
0.078261 52.202900
0.078696 52.212000
0.079130 52.239900
0.079565 52.253000
0.080000 52.273000
0.080435 52.292100
0.080870 52.312900
0.081304 52.314000
0.081739 52.316900
0.082174 52.388900
0.082609 52.398900
0.083043 52.405100
0.083478 52.432100
0.083913 52.451800
0.084348 52.454900
0.084783 52.465900
0.085217 52.496000
0.085652 52.528900
0.086087 52.537200
0.086522 52.540100
0.086957 52.550100
0.087391 52.597000
0.087826 52.598000
0.088261 52.599000
0.088696 52.625200
0.089130 52.666900
0.089565 52.693100
0.090000 52.720800
0.090435 52.743200
0.090870 52.759900
0.091304 52.781100
0.091739 52.784900
0.092174 52.784900
0.092609 52.790900
0.093043 52.803000
0.093478 52.810900
0.093913 52.837100
0.094348 52.841900
0.094783 52.841900
0.095217 52.869800
0.095652 52.884800
0.096087 52.913000
0.096522 52.933000
0.096957 53.024100
0.097391 53.033100
0.097826 53.056000
0.098261 53.069100
0.098696 53.107000
0.099130 53.119900
0.099565 53.134900
0.100000 53.143000
0.100435 53.153000
0.100870 53.154000
0.101304 53.175000
0.101739 53.177100
0.102174 53.204100
0.102609 53.216000
0.103043 53.250100
0.103478 53.258900
0.103913 53.262900
0.104348 53.263900
0.104783 53.294200
0.105217 53.299000
0.105652 53.340900
0.106087 53.363100
0.106522 53.377200
0.106957 53.397200
0.107391 53.398800
0.107826 53.468000
0.108261 53.487100
0.108696 53.489000
0.109130 53.501800
0.109565 53.502800
0.110000 53.504900
0.110435 53.516100
0.110870 53.532100
0.111304 53.556900
0.111739 53.563100
0.112174 53.579800
0.112609 53.588900
0.113043 53.594100
0.113478 53.607900
0.113913 53.621100
0.114348 53.623000
0.114783 53.638000
0.115217 53.645100
0.115652 53.645100
0.116087 53.654900
0.116522 53.664900
0.116957 53.688000
0.117391 53.705900
0.117826 53.707100
0.118261 53.715000
0.118696 53.741200
0.119130 53.744800
0.119565 53.751000
0.120000 53.767000
0.120435 53.792000
0.120870 53.793000
0.121304 53.827000
0.121739 53.828000
0.122174 53.843000
0.122609 53.888100
0.123043 53.908100
0.123478 53.911900
0.123913 53.935100
0.124348 53.941000
0.124783 53.944800
0.125217 53.958900
0.125652 53.969100
0.126087 53.980100
0.126522 53.993000
0.126957 53.993000
0.127391 54.005100
0.127826 54.013000
0.128261 54.021800
0.128696 54.072900
0.129130 54.080000
0.129565 54.085000
0.130000 54.091900
0.130435 54.094100
0.130870 54.117000
0.131304 54.120100
0.131739 54.129800
0.132174 54.139100
0.132609 54.143900
0.133043 54.146100
0.133478 54.148000
0.133913 54.208000
0.134348 54.212100
0.134783 54.218100
0.135217 54.225000
0.135652 54.235900
0.136087 54.263100
0.136522 54.267900
0.136957 54.281900
0.137391 54.290100
0.137826 54.302900
0.138261 54.332000
0.138696 54.343000
0.139130 54.354900
0.139565 54.359200
0.140000 54.383000
0.140435 54.383000
0.140870 54.397800
0.141304 54.406200
0.141739 54.419000
0.142174 54.430000
0.142609 54.432200
0.143043 54.435000
0.143478 54.441000
0.143913 54.441000
0.144348 54.467000
0.144783 54.467900
0.145217 54.472000
0.145652 54.488900
0.146087 54.491000
0.146522 54.508900
0.146957 54.511100
0.147391 54.512000
0.147826 54.518000
0.148261 54.545900
0.148696 54.558000
0.149130 54.558000
0.149565 54.579000
0.150000 54.588100
0.150435 54.608100
0.150870 54.641000
0.151304 54.660100
0.151739 54.662900
0.152174 54.674900
0.152609 54.681100
0.153043 54.682000
0.153478 54.711800
0.153913 54.715900
0.154348 54.743100
0.154783 54.745000
0.155217 54.759000
0.155652 54.815100
0.156087 54.835100
0.156522 54.847000
0.156957 54.857000
0.157391 54.871100
0.157826 54.877000
0.158261 54.886100
0.158696 54.929000
0.159130 54.930900
0.159565 54.937100
0.160000 54.955000
0.160435 54.958800
0.160870 54.976900
0.161304 54.985000
0.161739 54.997000
0.162174 55.019900
0.162609 55.049900
0.163043 55.050100
0.163478 55.105000
0.163913 55.172000
0.164348 55.175100
0.164783 55.201100
0.165217 55.205100
0.165652 55.234900
0.166087 55.239000
0.166522 55.254900
0.166957 55.293100
0.167391 55.302900
0.167826 55.311900
0.168261 55.331000
0.168696 55.331900
0.169130 55.333100
0.169565 55.334100
0.170000 55.339800
0.170435 55.340100
0.170870 55.341000
0.171304 55.362000
0.171739 55.398900
0.172174 55.400100
0.172609 55.408000
0.173043 55.422100
0.173478 55.455000
0.173913 55.485000
0.174348 55.504100
0.174783 55.515100
0.175217 55.524100
0.175652 55.538900
0.176087 55.548000
0.176522 55.551100
0.176957 55.554900
0.177391 55.568900
0.177826 55.568900
0.178261 55.595200
0.178696 55.603000
0.179130 55.609900
0.179565 55.611800
0.180000 55.616100
0.180435 55.617800
0.180870 55.627100
0.181304 55.635200
0.181739 55.650000
0.182174 55.650000
0.182609 55.666900
0.183043 55.680000
0.183478 55.720100
0.183913 55.727000
0.184348 55.734900
0.184783 55.743000
0.185217 55.743000
0.185652 55.748000
0.186087 55.748000
0.186522 55.754200
0.186957 55.785900
0.187391 55.793000
0.187826 55.805000
0.188261 55.806200
0.188696 55.827100
0.189130 55.861900
0.189565 55.862900
0.190000 55.874800
0.190435 55.874800
0.190870 55.929900
0.191304 55.937100
0.191739 55.939900
0.192174 56.016200
0.192609 56.030000
0.193043 56.055800
0.193478 56.070100
0.193913 56.073000
0.194348 56.075100
0.194783 56.095100
0.195217 56.108000
0.195652 56.109900
0.196087 56.110900
0.196522 56.124000
0.196957 56.128000
0.197391 56.129000
0.197826 56.173100
0.198261 56.183100
0.198696 56.187200
0.199130 56.188100
0.199565 56.196000
0.200000 56.196900
0.200435 56.202900
0.200870 56.211900
0.201304 56.211900
0.201739 56.242000
0.202174 56.253000
0.202609 56.258000
0.203043 56.299000
0.203478 56.316900
0.203913 56.320900
0.204348 56.330000
0.204783 56.352900
0.205217 56.353800
0.205652 56.356000
0.206087 56.374800
0.206522 56.381900
0.206957 56.414100
0.207391 56.448900
0.207826 56.508100
0.208261 56.527900
0.208696 56.531900
0.209130 56.537200
0.209565 56.543100
0.210000 56.551900
0.210435 56.561000
0.210870 56.568900
0.211304 56.569100
0.211739 56.576000
0.212174 56.582900
0.212609 56.583200
0.213043 56.609900
0.213478 56.626800
0.213913 56.643000
0.214348 56.646800
0.214783 56.657100
0.215217 56.676900
0.215652 56.705000
0.216087 56.775100
0.216522 56.783900
0.216957 56.787000
0.217391 56.788000
0.217826 56.790100
0.218261 56.828000
0.218696 56.833000
0.219130 56.839900
0.219565 56.839900
0.220000 56.844000
0.220435 56.852800
0.220870 56.860900
0.221304 56.878100
0.221739 56.891900
0.222174 56.896900
0.222609 56.897900
0.223043 56.898800
0.223478 56.907900
0.223913 56.947000
0.224348 56.953000
0.224783 56.994900
0.225217 57.000200
0.225652 57.030000
0.226087 57.035000
0.226522 57.041200
0.226957 57.084100
0.227391 57.088900
0.227826 57.101000
0.228261 57.124100
0.228696 57.124900
0.229130 57.143900
0.229565 57.169900
0.230000 57.175900
0.230435 57.179900
0.230870 57.197100
0.231304 57.200200
0.231739 57.205000
0.232174 57.207100
0.232609 57.240000
0.233043 57.242900
0.233478 57.246900
0.233913 57.259100
0.234348 57.261900
0.234783 57.269100
0.235217 57.297000
0.235652 57.298900
0.236087 57.313000
0.236522 57.313900
0.236957 57.326100
0.237391 57.339000
0.237826 57.339900
0.238261 57.347100
0.238696 57.349000
0.239130 57.363000
0.239565 57.432900
0.240000 57.437200
0.240435 57.454100
0.240870 57.459100
0.241304 57.462000
0.241739 57.473900
0.242174 57.480100
0.242609 57.488000
0.243043 57.488900
0.243478 57.532100
0.243913 57.534000
0.244348 57.536100
0.244783 57.543000
0.245217 57.578100
0.245652 57.597200
0.246087 57.621000
0.246522 57.622000
0.246957 57.627200
0.247391 57.644800
0.247826 57.647000
0.248261 57.649100
0.248696 57.653000
0.249130 57.653900
0.249565 57.657000
0.250000 57.664200
0.250435 57.667000
0.250870 57.684900
0.251304 57.722800
0.251739 57.756900
0.252174 57.766900
0.252609 57.783100
0.253043 57.810100
0.253478 57.810100
0.253913 57.848900
0.254348 57.891800
0.254783 57.938100
0.255217 57.940000
0.255652 57.942900
0.256087 57.944100
0.256522 57.955000
0.256957 57.971000
0.257391 57.973900
0.257826 57.991000
0.258261 58.011100
0.258696 58.023000
0.259130 58.031800
0.259565 58.157000
0.260000 58.177200
0.260435 58.200100
0.260870 58.200100
0.261304 58.200800
0.261739 58.224000
0.262174 58.269000
0.262609 58.272100
0.263043 58.296900
0.263478 58.311000
0.263913 58.314100
0.264348 58.330100
0.264783 58.363900
0.265217 58.369200
0.265652 58.390100
0.266087 58.423000
0.266522 58.428000
0.266957 58.449000
0.267391 58.455000
0.267826 58.455900
0.268261 58.466900
0.268696 58.481900
0.269130 58.526000
0.269565 58.544200
0.270000 58.548900
0.270435 58.553000
0.270870 58.556100
0.271304 58.562000
0.271739 58.586100
0.272174 58.587800
0.272609 58.596100
0.273043 58.599000
0.273478 58.601900
0.273913 58.605900
0.274348 58.630900
0.274783 58.644100
0.275217 58.647900
0.275652 58.665000
0.276087 58.671000
0.276522 58.680100
0.276957 58.694100
0.277391 58.705100
0.277826 58.724900
0.278261 58.726800
0.278696 58.742000
0.279130 58.752100
0.279565 58.772100
0.280000 58.785900
0.280435 58.787100
0.280870 58.863200
0.281304 58.867000
0.281739 58.882000
0.282174 58.890100
0.282609 58.894900
0.283043 58.905100
0.283478 58.934900
0.283913 58.944900
0.284348 58.969000
0.284783 59.001900
0.285217 59.011900
0.285652 59.047000
0.286087 59.052000
0.286522 59.057000
0.286957 59.069200
0.287391 59.074200
0.287826 59.077000
0.288261 59.094000
0.288696 59.099900
0.289130 59.121100
0.289565 59.134000
0.290000 59.145000
0.290435 59.154000
0.290870 59.155900
0.291304 59.157100
0.291739 59.186900
0.292174 59.189800
0.292609 59.217900
0.293043 59.253900
0.293478 59.263000
0.293913 59.267000
0.294348 59.268000
0.294783 59.310000
0.295217 59.330000
0.295652 59.330000
0.296087 59.335000
0.296522 59.357900
0.296957 59.378100
0.297391 59.438000
0.297826 59.445900
0.298261 59.455200
0.298696 59.501200
0.299130 59.510900
0.299565 59.516000
0.300000 59.523100
0.300435 59.541900
0.300870 59.606100
0.301304 59.625900
0.301739 59.629000
0.302174 59.636800
0.302609 59.655000
0.303043 59.659000
0.303478 59.664000
0.303913 59.686200
0.304348 59.704100
0.304783 59.743900
0.305217 59.754100
0.305652 59.757000
0.306087 59.765800
0.306522 59.769900
0.306957 59.834000
0.307391 59.845000
0.307826 59.848100
0.308261 59.855900
0.308696 59.860900
0.309130 59.868100
0.309565 59.877200
0.310000 59.891000
0.310435 59.892200
0.310870 59.896900
0.311304 59.902000
0.311739 59.907900
0.312174 59.924800
0.312609 59.945100
0.313043 59.952000
0.313478 59.981100
0.313913 59.984900
0.314348 60.010000
0.314783 60.030200
0.315217 60.030900
0.315652 60.053100
0.316087 60.059100
0.316522 60.063800
0.316957 60.068100
0.317391 60.077200
0.317826 60.096000
0.318261 60.136100
0.318696 60.138900
0.319130 60.145100
0.319565 60.146100
0.320000 60.147000
0.320435 60.150900
0.320870 60.164900
0.321304 60.167100
0.321739 60.210000
0.322174 60.216900
0.322609 60.220000
0.323043 60.235000
0.323478 60.247900
0.323913 60.266000
0.324348 60.269100
0.324783 60.278900
0.325217 60.279100
0.325652 60.304900
0.326087 60.308000
0.326522 60.322000
0.326957 60.334200
0.327391 60.335900
0.327826 60.338000
0.328261 60.341100
0.328696 60.357100
0.329130 60.371200
0.329565 60.378100
0.330000 60.386200
0.330435 60.388100
0.330870 60.412900
0.331304 60.423100
0.331739 60.472000
0.332174 60.474900
0.332609 60.481100
0.333043 60.491100
0.333478 60.519900
0.333913 60.519900
0.334348 60.529900
0.334783 60.530900
0.335217 60.545000
0.335652 60.558100
0.336087 60.583800
0.336522 60.605000
0.336957 60.624100
0.337391 60.627900
0.337826 60.635100
0.338261 60.645800
0.338696 60.656800
0.339130 60.668000
0.339565 60.668900
0.340000 60.683000
0.340435 60.697100
0.340870 60.706100
0.341304 60.709000
0.341739 60.722100
0.342174 60.725000
0.342609 60.728100
0.343043 60.741900
0.343478 60.741900
0.343913 60.744000
0.344348 60.756200
0.344783 60.777900
0.345217 60.780000
0.345652 60.782000
0.346087 60.810100
0.346522 60.813000
0.346957 60.815100
0.347391 60.822000
0.347826 60.841100
0.348261 60.843000
0.348696 60.849900
0.349130 60.864900
0.349565 60.890200
0.350000 60.891200
0.350435 60.905000
0.350870 60.917900
0.351304 60.936000
0.351739 60.943100
0.352174 60.944800
0.352609 60.982900
0.353043 60.992000
0.353478 60.997000
0.353913 61.000800
0.354348 61.005100
0.354783 61.020900
0.355217 61.027100
0.355652 61.029200
0.356087 61.036800
0.356522 61.044000
0.356957 61.053000
0.357391 61.062100
0.357826 61.080000
0.358261 61.093100
0.358696 61.099100
0.359130 61.106000
0.359565 61.110000
0.360000 61.121900
0.360435 61.163900
0.360870 61.168200
0.361304 61.191100
0.361739 61.221800
0.362174 61.229000
0.362609 61.256900
0.363043 61.290000
0.363478 61.312000
0.363913 61.329800
0.364348 61.331000
0.364783 61.337900
0.365217 61.363000
0.365652 61.368000
0.366087 61.375100
0.366522 61.384000
0.366957 61.390900
0.367391 61.419000
0.367826 61.435900
0.368261 61.440900
0.368696 61.451000
0.369130 61.476900
0.369565 61.481000
0.370000 61.488200
0.370435 61.500800
0.370870 61.518900
0.371304 61.521100
0.371739 61.523000
0.372174 61.550900
0.372609 61.566100
0.373043 61.599000
0.373478 61.608800
0.373913 61.624800
0.374348 61.657200
0.374783 61.676000
0.375217 61.676000
0.375652 61.693900
0.376087 61.698900
0.376522 61.701100
0.376957 61.729900
0.377391 61.734200
0.377826 61.765000
0.378261 61.780000
0.378696 61.796900
0.379130 61.829800
0.379565 61.849800
0.380000 61.861000
0.380435 61.866000
0.380870 61.875100
0.381304 61.922100
0.381739 61.934000
0.382174 61.941900
0.382609 61.976000
0.383043 61.983100
0.383478 62.016000
0.383913 62.018900
0.384348 62.024100
0.384783 62.043200
0.385217 62.046100
0.385652 62.051100
0.386087 62.067000
0.386522 62.076100
0.386957 62.101800
0.387391 62.112800
0.387826 62.116100
0.388261 62.146900
0.388696 62.151900
0.389130 62.173800
0.389565 62.185000
0.390000 62.227000
0.390435 62.320000
0.390870 62.336200
0.391304 62.356900
0.391739 62.360000
0.392174 62.368200
0.392609 62.398900
0.393043 62.437100
0.393478 62.437100
0.393913 62.450200
0.394348 62.462100
0.394783 62.469000
0.395217 62.518100
0.395652 62.576100
0.396087 62.582000
0.396522 62.583000
0.396957 62.645900
0.397391 62.650900
0.397826 62.671900
0.398261 62.680000
0.398696 62.701900
0.399130 62.717200
0.399565 62.726000
0.400000 62.755100
0.400435 62.773000
0.400870 62.803000
0.401304 62.804000
0.401739 62.824000
0.402174 62.851000
0.402609 62.856000
0.403043 62.861000
0.403478 62.881000
0.403913 62.915100
0.404348 62.924100
0.404783 62.944900
0.405217 62.974000
0.405652 62.978000
0.406087 62.980900
0.406522 62.997100
0.406957 63.005000
0.407391 63.019000
0.407826 63.020000
0.408261 63.024000
0.408696 63.029100
0.409130 63.033800
0.409565 63.044100
0.410000 63.053800
0.410435 63.067200
0.410870 63.076000
0.411304 63.086000
0.411739 63.098000
0.412174 63.138000
0.412609 63.141100
0.413043 63.142100
0.413478 63.147100
0.413913 63.175200
0.414348 63.184000
0.414783 63.185900
0.415217 63.246000
0.415652 63.309000
0.416087 63.324900
0.416522 63.331100
0.416957 63.347100
0.417391 63.350200
0.417826 63.361200
0.418261 63.363800
0.418696 63.373800
0.419130 63.399100
0.419565 63.440100
0.420000 63.453900
0.420435 63.491100
0.420870 63.519000
0.421304 63.520000
0.421739 63.531900
0.422174 63.545000
0.422609 63.573100
0.423043 63.585000
0.423478 63.587000
0.423913 63.594100
0.424348 63.595100
0.424783 63.596000
0.425217 63.598200
0.425652 63.602900
0.426087 63.622000
0.426522 63.694000
0.426957 63.700200
0.427391 63.712100
0.427826 63.724000
0.428261 63.754100
0.428696 63.789800
0.429130 63.797000
0.429565 63.808900
0.430000 63.839200
0.430435 63.853000
0.430870 63.876200
0.431304 63.888100
0.431739 63.920000
0.432174 63.940000
0.432609 63.956000
0.433043 63.966000
0.433478 63.969900
0.433913 64.000100
0.434348 64.013000
0.434783 64.026100
0.435217 64.046900
0.435652 64.049000
0.436087 64.058100
0.436522 64.069000
0.436957 64.072100
0.437391 64.079000
0.437826 64.093800
0.438261 64.193000
0.438696 64.215900
0.439130 64.224000
0.439565 64.225900
0.440000 64.226900
0.440435 64.239000
0.440870 64.261900
0.441304 64.262900
0.441739 64.269100
0.442174 64.278100
0.442609 64.303200
0.443043 64.304100
0.443478 64.347000
0.443913 64.377100
0.444348 64.381100
0.444783 64.413100
0.445217 64.417800
0.445652 64.425000
0.446087 64.426900
0.446522 64.444100
0.446957 64.474100
0.447391 64.534900
0.447826 64.543000
0.448261 64.550900
0.448696 64.552100
0.449130 64.586900
0.449565 64.605000
0.450000 64.635000
0.450435 64.648900
0.450870 64.698900
0.451304 64.701100
0.451739 64.707000
0.452174 64.723000
0.452609 64.739000
0.453043 64.791000
0.453478 64.795000
0.453913 64.823900
0.454348 64.888000
0.454783 64.913000
0.455217 64.914000
0.455652 64.925000
0.456087 64.965000
0.456522 65.009100
0.456957 65.031100
0.457391 65.067100
0.457826 65.089000
0.458261 65.093000
0.458696 65.113100
0.459130 65.152200
0.459565 65.182900
0.460000 65.232000
0.460435 65.264000
0.460870 65.267100
0.461304 65.281200
0.461739 65.303800
0.462174 65.329100
0.462609 65.337200
0.463043 65.377000
0.463478 65.395100
0.463913 65.407000
0.464348 65.418000
0.464783 65.423000
0.465217 65.498100
0.465652 65.513100
0.466087 65.523900
0.466522 65.525100
0.466957 65.527900
0.467391 65.546000
0.467826 65.547900
0.468261 65.553900
0.468696 65.572000
0.469130 65.618000
0.469565 65.624000
0.470000 65.635200
0.470435 65.647800
0.470870 65.655900
0.471304 65.661000
0.471739 65.670000
0.472174 65.674100
0.472609 65.678800
0.473043 65.679100
0.473478 65.696000
0.473913 65.702900
0.474348 65.713200
0.474783 65.743000
0.475217 65.747000
0.475652 65.749200
0.476087 65.768000
0.476522 65.769000
0.476957 65.770100
0.477391 65.774200
0.477826 65.774900
0.478261 65.778000
0.478696 65.787100
0.479130 65.798000
0.479565 65.825000
0.480000 65.842200
0.480435 65.842200
0.480870 65.875100
0.481304 65.877000
0.481739 65.877000
0.482174 65.877900
0.482609 65.904900
0.483043 65.913000
0.483478 65.913000
0.483913 65.928900
0.484348 65.957100
0.484783 65.962100
0.485217 65.984000
0.485652 65.995900
0.486087 66.029100
0.486522 66.031000
0.486957 66.040000
0.487391 66.042200
0.487826 66.044800
0.488261 66.083900
0.488696 66.088000
0.489130 66.166900
0.489565 66.168800
0.490000 66.182100
0.490435 66.183100
0.490870 66.185000
0.491304 66.189100
0.491739 66.201000
0.492174 66.207200
0.492609 66.216000
0.493043 66.220000
0.493478 66.226000
0.493913 66.234100
0.494348 66.235100
0.494783 66.243200
0.495217 66.247000
0.495652 66.258000
0.496087 66.267000
0.496522 66.277000
0.496957 66.309000
0.497391 66.357900
0.497826 66.362100
0.498261 66.417900
0.498696 66.421000
0.499130 66.455100
0.499565 66.469000
0.500000 66.481800
0.500435 66.482100
0.500870 66.505900
0.501304 66.520000
0.501739 66.539000
0.502174 66.551900
0.502609 66.560000
0.503043 66.572000
0.503478 66.576000
0.503913 66.584100
0.504348 66.649200
0.504783 66.654000
0.505217 66.655900
0.505652 66.659000
0.506087 66.686900
0.506522 66.699000
0.506957 66.732200
0.507391 66.736200
0.507826 66.743900
0.508261 66.769100
0.508696 66.771000
0.509130 66.776000
0.509565 66.783200
0.510000 66.852100
0.510435 66.894100
0.510870 66.898100
0.511304 66.906000
0.511739 66.915000
0.512174 66.922900
0.512609 66.935100
0.513043 66.935100
0.513478 66.947900
0.513913 66.987000
0.514348 66.994900
0.514783 67.002100
0.515217 67.039000
0.515652 67.047100
0.516087 67.060200
0.516522 67.072200
0.516957 67.086000
0.517391 67.106000
0.517826 67.117000
0.518261 67.123900
0.518696 67.136000
0.519130 67.160100
0.519565 67.174200
0.520000 67.189000
0.520435 67.194900
0.520870 67.198000
0.521304 67.200900
0.521739 67.203000
0.522174 67.215000
0.522609 67.235000
0.523043 67.237900
0.523478 67.240000
0.523913 67.263100
0.524348 67.264100
0.524783 67.291000
0.525217 67.304800
0.525652 67.324900
0.526087 67.333000
0.526522 67.386900
0.526957 67.412100
0.527391 67.426000
0.527826 67.491100
0.528261 67.518000
0.528696 67.568100
0.529130 67.611000
0.529565 67.629800
0.530000 67.641000
0.530435 67.641000
0.530870 67.641000
0.531304 67.647900
0.531739 67.669200
0.532174 67.714900
0.532609 67.719000
0.533043 67.727100
0.533478 67.773100
0.533913 67.776000
0.534348 67.792200
0.534783 67.828900
0.535217 67.838200
0.535652 67.844200
0.536087 67.847000
0.536522 67.866800
0.536957 67.868900
0.537391 67.871100
0.537826 67.896800
0.538261 67.925200
0.538696 67.938100
0.539130 67.955000
0.539565 67.992000
0.540000 68.005100
0.540435 68.025100
0.540870 68.047000
0.541304 68.059900
0.541739 68.061100
0.542174 68.064200
0.542609 68.065900
0.543043 68.068000
0.543478 68.074000
0.543913 68.086900
0.544348 68.144800
0.544783 68.157000
0.545217 68.167900
0.545652 68.171000
0.546087 68.177000
0.546522 68.192000
0.546957 68.201100
0.547391 68.249900
0.547826 68.260000
0.548261 68.287800
0.548696 68.294800
0.549130 68.308100
0.549565 68.311000
0.550000 68.318100
0.550435 68.319100
0.550870 68.363000
0.551304 68.375100
0.551739 68.393000
0.552174 68.436100
0.552609 68.436900
0.553043 68.443800
0.553478 68.460000
0.553913 68.514800
0.554348 68.519800
0.554783 68.538900
0.555217 68.552000
0.555652 68.563900
0.556087 68.569900
0.556522 68.618100
0.556957 68.623100
0.557391 68.631200
0.557826 68.644000
0.558261 68.658800
0.558696 68.671900
0.559130 68.691000
0.559565 68.695100
0.560000 68.703900
0.560435 68.722000
0.560870 68.722000
0.561304 68.759000
0.561739 68.785200
0.562174 68.799000
0.562609 68.835000
0.563043 68.836000
0.563478 68.845000
0.563913 68.861000
0.564348 68.861000
0.564783 68.866000
0.565217 68.869100
0.565652 68.872900
0.566087 68.872900
0.566522 68.891000
0.566957 68.944000
0.567391 69.010000
0.567826 69.015000
0.568261 69.032200
0.568696 69.063900
0.569130 69.082000
0.569565 69.089900
0.570000 69.095100
0.570435 69.098900
0.570870 69.141100
0.571304 69.181000
0.571739 69.185000
0.572174 69.211000
0.572609 69.236000
0.573043 69.237000
0.573478 69.239900
0.573913 69.268900
0.574348 69.289900
0.574783 69.320000
0.575217 69.334000
0.575652 69.367900
0.576087 69.397000
0.576522 69.434200
0.576957 69.451100
0.577391 69.475900
0.577826 69.489000
0.578261 69.499000
0.578696 69.526900
0.579130 69.548800
0.579565 69.557000
0.580000 69.566000
0.580435 69.588900
0.580870 69.592000
0.581304 69.634000
0.581739 69.653000
0.582174 69.654900
0.582609 69.672100
0.583043 69.677100
0.583478 69.689000
0.583913 69.689000
0.584348 69.690000
0.584783 69.721000
0.585217 69.723100
0.585652 69.752900
0.586087 69.768000
0.586522 69.820200
0.586957 69.840900
0.587391 69.847800
0.587826 69.860900
0.588261 69.870900
0.588696 69.887900
0.589130 69.904100
0.589565 69.932000
0.590000 69.946100
0.590435 69.983000
0.590870 70.004900
0.591304 70.019000
0.591739 70.028100
0.592174 70.038100
0.592609 70.082200
0.593043 70.108900
0.593478 70.135100
0.593913 70.141100
0.594348 70.174900
0.594783 70.248800
0.595217 70.257900
0.595652 70.261000
0.596087 70.262000
0.596522 70.275100
0.596957 70.285100
0.597391 70.288900
0.597826 70.315100
0.598261 70.333000
0.598696 70.345900
0.599130 70.370000
0.599565 70.400000
0.600000 70.448900
0.600435 70.473200
0.600870 70.520900
0.601304 70.590000
0.601739 70.622000
0.602174 70.632000
0.602609 70.650100
0.603043 70.657000
0.603478 70.658000
0.603913 70.689000
0.604348 70.739000
0.604783 70.788100
0.605217 70.802000
0.605652 70.813200
0.606087 70.828000
0.606522 70.869900
0.606957 70.889000
0.607391 70.889900
0.607826 71.057100
0.608261 71.057100
0.608696 71.080000
0.609130 71.083100
0.609565 71.110000
0.610000 71.130000
0.610435 71.151000
0.610870 71.170800
0.611304 71.182000
0.611739 71.216100
0.612174 71.227100
0.612609 71.291000
0.613043 71.342000
0.613478 71.342000
0.613913 71.362000
0.614348 71.377000
0.614783 71.394000
0.615217 71.394900
0.615652 71.425200
0.616087 71.440900
0.616522 71.445000
0.616957 71.533000
0.617391 71.597800
0.617826 71.659100
0.618261 71.679800
0.618696 71.685100
0.619130 71.686000
0.619565 71.693200
0.620000 71.693900
0.620435 71.728900
0.620870 71.732000
0.621304 71.780000
0.621739 71.795000
0.622174 71.808100
0.622609 71.842900
0.623043 71.852000
0.623478 71.869100
0.623913 71.870100
0.624348 71.880100
0.624783 71.883000
0.625217 71.888000
0.625652 71.894200
0.626087 71.899200
0.626522 71.900800
0.626957 71.917100
0.627391 71.933000
0.627826 71.949000
0.628261 71.956900
0.628696 71.959000
0.629130 72.006000
0.629565 72.020100
0.630000 72.030100
0.630435 72.070100
0.630870 72.084000
0.631304 72.087000
0.631739 72.133100
0.632174 72.222900
0.632609 72.274900
0.633043 72.345000
0.633478 72.351900
0.633913 72.356000
0.634348 72.387900
0.634783 72.437000
0.635217 72.451100
0.635652 72.484000
0.636087 72.508100
0.636522 72.518100
0.636957 72.567000
0.637391 72.596100
0.637826 72.604900
0.638261 72.687100
0.638696 72.691000
0.639130 72.711900
0.639565 72.725100
0.640000 72.742900
0.640435 72.762000
0.640870 72.766100
0.641304 72.822800
0.641739 72.850900
0.642174 72.879100
0.642609 73.028100
0.643043 73.169000
0.643478 73.199000
0.643913 73.259100
0.644348 73.317100
0.644783 73.321800
0.645217 73.427900
0.645652 73.446000
0.646087 73.478000
0.646522 73.482000
0.646957 73.516100
0.647391 73.529000
0.647826 73.569100
0.648261 73.576900
0.648696 73.590000
0.649130 73.616000
0.649565 73.635100
0.650000 73.647000
0.650435 73.682100
0.650870 73.711900
0.651304 73.732100
0.651739 73.864000
0.652174 73.866800
0.652609 73.880900
0.653043 73.881100
0.653478 73.910000
0.653913 73.931900
0.654348 73.953200
0.654783 73.974100
0.655217 73.983000
0.655652 73.987000
0.656087 74.036800
0.656522 74.120000
0.656957 74.152000
0.657391 74.167000
0.657826 74.182000
0.658261 74.212100
0.658696 74.218000
0.659130 74.293900
0.659565 74.319800
0.660000 74.333000
0.660435 74.348900
0.660870 74.393000
0.661304 74.456000
0.661739 74.502900
0.662174 74.508000
0.662609 74.508900
0.663043 74.513000
0.663478 74.590000
0.663913 74.624100
0.664348 74.633100
0.664783 74.644800
0.665217 74.649100
0.665652 74.680100
0.666087 74.720900
0.666522 74.745900
0.666957 74.770900
0.667391 74.832000
0.667826 74.882000
0.668261 74.897100
0.668696 74.949000
0.669130 74.958100
0.669565 75.007900
0.670000 75.114000
0.670435 75.259000
0.670870 75.281100
0.671304 75.285000
0.671739 75.296200
0.672174 75.342900
0.672609 75.354100
0.673043 75.360800
0.673478 75.429900
0.673913 75.474000
0.674348 75.516000
0.674783 75.549800
0.675217 75.605200
0.675652 75.607100
0.676087 75.645000
0.676522 75.647100
0.676957 75.671900
0.677391 75.704800
0.677826 75.708900
0.678261 75.712900
0.678696 75.722900
0.679130 75.739900
0.679565 75.820000
0.680000 75.851900
0.680435 75.870000
0.680870 75.919900
0.681304 75.928000
0.681739 75.947000
0.682174 75.973000
0.682609 76.123000
0.683043 76.144900
0.683478 76.148000
0.683913 76.148000
0.684348 76.160000
0.684783 76.204100
0.685217 76.216000
0.685652 76.347100
0.686087 76.361200
0.686522 76.368100
0.686957 76.375000
0.687391 76.375000
0.687826 76.410100
0.688261 76.429100
0.688696 76.477100
0.689130 76.478000
0.689565 76.551000
0.690000 76.572900
0.690435 76.596000
0.690870 76.637000
0.691304 76.662100
0.691739 76.764100
0.692174 76.783900
0.692609 76.804900
0.693043 76.826100
0.693478 76.842800
0.693913 76.880000
0.694348 76.906000
0.694783 76.995100
0.695217 77.158900
0.695652 77.225900
0.696087 77.253100
0.696522 77.264800
0.696957 77.306000
0.697391 77.341100
0.697826 77.374000
0.698261 77.410000
0.698696 77.503900
0.699130 77.536100
0.699565 77.538000
0.700000 77.545900
0.700435 77.640100
0.700870 77.686800
0.701304 77.697000
0.701739 77.822000
0.702174 77.876100
0.702609 77.956900
0.703043 78.040100
0.703478 78.074000
0.703913 78.099000
0.704348 78.113100
0.704783 78.122900
0.705217 78.159100
0.705652 78.192000
0.706087 78.247100
0.706522 78.307900
0.706957 78.316000
0.707391 78.348200
0.707826 78.388000
0.708261 78.391800
0.708696 78.441900
0.709130 78.481900
0.709565 78.494100
0.710000 78.514800
0.710435 78.559200
0.710870 78.565800
0.711304 78.584200
0.711739 78.613000
0.712174 78.641900
0.712609 78.707900
0.713043 78.738000
0.713478 78.744200
0.713913 78.752000
0.714348 78.805000
0.714783 78.817100
0.715217 78.832100
0.715652 78.883900
0.716087 78.917000
0.716522 78.940900
0.716957 78.940900
0.717391 79.030000
0.717826 79.042000
0.718261 79.088200
0.718696 79.142100
0.719130 79.191000
0.719565 79.205000
0.720000 79.237000
0.720435 79.323100
0.720870 79.428000
0.721304 79.443900
0.721739 79.528100
0.722174 79.537900
0.722609 79.562900
0.723043 79.587900
0.723478 79.600100
0.723913 79.666900
0.724348 79.668000
0.724783 79.733100
0.725217 79.819900
0.725652 79.829900
0.726087 79.886200
0.726522 79.896900
0.726957 79.902900
0.727391 80.050900
0.727826 80.061000
0.728261 80.121000
0.728696 80.130800
0.729130 80.135100
0.729565 80.144200
0.730000 80.150800
0.730435 80.176800
0.730870 80.178000
0.731304 80.179000
0.731739 80.179000
0.732174 80.196900
0.732609 80.242200
0.733043 80.275100
0.733478 80.286000
0.733913 80.300100
0.734348 80.440000
0.734783 80.457900
0.735217 80.579000
0.735652 80.632000
0.736087 80.635100
0.736522 80.642900
0.736957 80.656100
0.737391 80.721100
0.737826 80.723000
0.738261 80.731200
0.738696 80.737100
0.739130 80.751900
0.739565 80.755900
0.740000 80.808900
0.740435 80.867100
0.740870 80.872100
0.741304 80.928100
0.741739 80.997900
0.742174 81.010800
0.742609 81.023000
0.743043 81.031800
0.743478 81.047100
0.743913 81.049000
0.744348 81.074000
0.744783 81.075000
0.745217 81.105000
0.745652 81.130000
0.746087 81.145000
0.746522 81.156000
0.746957 81.237100
0.747391 81.259000
0.747826 81.457100
0.748261 81.469100
0.748696 81.509100
0.749130 81.515100
0.749565 81.533900
0.750000 81.540100
0.750435 81.543000
0.750870 81.574900
0.751304 81.576100
0.751739 81.596900
0.752174 81.607100
0.752609 81.646900
0.753043 81.660000
0.753478 81.690100
0.753913 81.697900
0.754348 81.718000
0.754783 81.756800
0.755217 81.763000
0.755652 81.773000
0.756087 81.786900
0.756522 81.800000
0.756957 81.813100
0.757391 81.819100
0.757826 81.836900
0.758261 81.844100
0.758696 81.867000
0.759130 81.870800
0.759565 81.877900
0.760000 81.893900
0.760435 81.904900
0.760870 81.916800
0.761304 81.943000
0.761739 81.970900
0.762174 82.092000
0.762609 82.114900
0.763043 82.130200
0.763478 82.209100
0.763913 82.212900
0.764348 82.224100
0.764783 82.253900
0.765217 82.263000
0.765652 82.268000
0.766087 82.278000
0.766522 82.281800
0.766957 82.319000
0.767391 82.321900
0.767826 82.332100
0.768261 82.342900
0.768696 82.372000
0.769130 82.390100
0.769565 82.390100
0.770000 82.423900
0.770435 82.454000
0.770870 82.476100
0.771304 82.488100
0.771739 82.496900
0.772174 82.530000
0.772609 82.545000
0.773043 82.569800
0.773478 82.688800
0.773913 82.727900
0.774348 82.755100
0.774783 82.767000
0.775217 82.804200
0.775652 82.824900
0.776087 82.854000
0.776522 82.879100
0.776957 82.881000
0.777391 82.891900
0.777826 82.894100
0.778261 82.969000
0.778696 82.972000
0.779130 82.974000
0.779565 82.988000
0.780000 83.090100
0.780435 83.105100
0.780870 83.113000
0.781304 83.113900
0.781739 83.115100
0.782174 83.122000
0.782609 83.123000
0.783043 83.138900
0.783478 83.160900
0.783913 83.205900
0.784348 83.211200
0.784783 83.219100
0.785217 83.240000
0.785652 83.251000
0.786087 83.282900
0.786522 83.297000
0.786957 83.379000
0.787391 83.449100
0.787826 83.514000
0.788261 83.560900
0.788696 83.720900
0.789130 83.791000
0.789565 83.832000
0.790000 83.861800
0.790435 83.880200
0.790870 83.884000
0.791304 83.899000
0.791739 83.921000
0.792174 83.943100
0.792609 83.967900
0.793043 84.050200
0.793478 84.050900
0.793913 84.061100
0.794348 84.065900
0.794783 84.095000
0.795217 84.098800
0.795652 84.108100
0.796087 84.121000
0.796522 84.145800
0.796957 84.180800
0.797391 84.197000
0.797826 84.244000
0.798261 84.318200
0.798696 84.322000
0.799130 84.337000
0.799565 84.337900
0.800000 84.338900
0.800435 84.366100
0.800870 84.368000
0.801304 84.379900
0.801739 84.394000
0.802174 84.411100
0.802609 84.413100
0.803043 84.421200
0.803478 84.451000
0.803913 84.480000
0.804348 84.482900
0.804783 84.498200
0.805217 84.503900
0.805652 84.532000
0.806087 84.558000
0.806522 84.569000
0.806957 84.577100
0.807391 84.593100
0.807826 84.608100
0.808261 84.611900
0.808696 84.636900
0.809130 84.639100
0.809565 84.672900
0.810000 84.691000
0.810435 84.693000
0.810870 84.734200
0.811304 84.736800
0.811739 84.739000
0.812174 84.765900
0.812609 84.780000
0.813043 84.780000
0.813478 84.790000
0.813913 84.803100
0.814348 84.806200
0.814783 84.824100
0.815217 84.842000
0.815652 84.842000
0.816087 84.842900
0.816522 84.845100
0.816957 84.856000
0.817391 84.867000
0.817826 84.876100
0.818261 84.889900
0.818696 84.914900
0.819130 84.950900
0.819565 84.961200
0.820000 84.961900
0.820435 84.985000
0.820870 84.987200
0.821304 84.989100
0.821739 84.999100
0.822174 85.000000
0.822609 85.022900
0.823043 85.036000
0.823478 85.068900
0.823913 85.069900
0.824348 85.074900
0.824783 85.084000
0.825217 85.084900
0.825652 85.093000
0.826087 85.096800
0.826522 85.121900
0.826957 85.130900
0.827391 85.140000
0.827826 85.166900
0.828261 85.167200
0.828696 85.179100
0.829130 85.197900
0.829565 85.215100
0.830000 85.216000
0.830435 85.223000
0.830870 85.257100
0.831304 85.258000
0.831739 85.260200
0.832174 85.310000
0.832609 85.312800
0.833043 85.329100
0.833478 85.346900
0.833913 85.351000
0.834348 85.356000
0.834783 85.371000
0.835217 85.372900
0.835652 85.407000
0.836087 85.411100
0.836522 85.416100
0.836957 85.423000
0.837391 85.428000
0.837826 85.433000
0.838261 85.439000
0.838696 85.466900
0.839130 85.474000
0.839565 85.485900
0.840000 85.487100
0.840435 85.489000
0.840870 85.495000
0.841304 85.498100
0.841739 85.500000
0.842174 85.511000
0.842609 85.527900
0.843043 85.530000
0.843478 85.538100
0.843913 85.546000
0.844348 85.552000
0.844783 85.606800
0.845217 85.613000
0.845652 85.616100
0.846087 85.624900
0.846522 85.639000
0.846957 85.640900
0.847391 85.645200
0.847826 85.658100
0.848261 85.659000
0.848696 85.673100
0.849130 85.676900
0.849565 85.699800
0.850000 85.700000
0.850435 85.707900
0.850870 85.708900
0.851304 85.711000
0.851739 85.712000
0.852174 85.727000
0.852609 85.739100
0.853043 85.740100
0.853478 85.743200
0.853913 85.762000
0.854348 85.779000
0.854783 85.792100
0.855217 85.809900
0.855652 85.826900
0.856087 85.830900
0.856522 85.833100
0.856957 85.843100
0.857391 85.845000
0.857826 85.866000
0.858261 85.882900
0.858696 85.890100
0.859130 85.892000
0.859565 85.892000
0.860000 85.899100
0.860435 85.908900
0.860870 85.959900
0.861304 85.990900
0.861739 86.026000
0.862174 86.038800
0.862609 86.061000
0.863043 86.072900
0.863478 86.080100
0.863913 86.083900
0.864348 86.092000
0.864783 86.095100
0.865217 86.100800
0.865652 86.103000
0.866087 86.106100
0.866522 86.118000
0.866957 86.122000
0.867391 86.135100
0.867826 86.138000
0.868261 86.149000
0.868696 86.169000
0.869130 86.171900
0.869565 86.177100
0.870000 86.194000
0.870435 86.223800
0.870870 86.234100
0.871304 86.242900
0.871739 86.278000
0.872174 86.283900
0.872609 86.314900
0.873043 86.329000
0.873478 86.350000
0.873913 86.356900
0.874348 86.361200
0.874783 86.371900
0.875217 86.389100
0.875652 86.406000
0.876087 86.422000
0.876522 86.472000
0.876957 86.478000
0.877391 86.502100
0.877826 86.514000
0.878261 86.554100
0.878696 86.570000
0.879130 86.614100
0.879565 86.633900
0.880000 86.644200
0.880435 86.645100
0.880870 86.659000
0.881304 86.679000
0.881739 86.731900
0.882174 86.764100
0.882609 86.803000
0.883043 86.818000
0.883478 86.819200
0.883913 86.870200
0.884348 86.888100
0.884783 86.892100
0.885217 86.895900
0.885652 86.910000
0.886087 86.931000
0.886522 86.937000
0.886957 86.966000
0.887391 87.017100
0.887826 87.024000
0.888261 87.036100
0.888696 87.057100
0.889130 87.062800
0.889565 87.156100
0.890000 87.163900
0.890435 87.178200
0.890870 87.212800
0.891304 87.262200
0.891739 87.282200
0.892174 87.311000
0.892609 87.318900
0.893043 87.341800
0.893478 87.383000
0.893913 87.395000
0.894348 87.438100
0.894783 87.471000
0.895217 87.478900
0.895652 87.491000
0.896087 87.563000
0.896522 87.577100
0.896957 87.582100
0.897391 87.584000
0.897826 87.611900
0.898261 87.617900
0.898696 87.649100
0.899130 87.658200
0.899565 87.673200
0.900000 87.704900
0.900435 87.736800
0.900870 87.781000
0.901304 87.785000
0.901739 87.817000
0.902174 87.822200
0.902609 87.874900
0.903043 87.875800
0.903478 87.923000
0.903913 87.941900
0.904348 87.942800
0.904783 87.948100
0.905217 87.968800
0.905652 87.981000
0.906087 88.006000
0.906522 88.014100
0.906957 88.056100
0.907391 88.087100
0.907826 88.090900
0.908261 88.102800
0.908696 88.103100
0.909130 88.112800
0.909565 88.116900
0.910000 88.120900
0.910435 88.125000
0.910870 88.142900
0.911304 88.151000
0.911739 88.193900
0.912174 88.232000
0.912609 88.233000
0.913043 88.239000
0.913478 88.239200
0.913913 88.243000
0.914348 88.243000
0.914783 88.279000
0.915217 88.300900
0.915652 88.330000
0.916087 88.382000
0.916522 88.387000
0.916957 88.395800
0.917391 88.404200
0.917826 88.413000
0.918261 88.417100
0.918696 88.457100
0.919130 88.522200
0.919565 88.542000
0.920000 88.545100
0.920435 88.566100
0.920870 88.577000
0.921304 88.581100
0.921739 88.588000
0.922174 88.657900
0.922609 88.658100
0.923043 88.681900
0.923478 88.686900
0.923913 88.695000
0.924348 88.712000
0.924783 88.720100
0.925217 88.736100
0.925652 88.739900
0.926087 88.753000
0.926522 88.755800
0.926957 88.758900
0.927391 88.760900
0.927826 88.781800
0.928261 88.789900
0.928696 88.808100
0.929130 88.825900
0.929565 88.845000
0.930000 88.849100
0.930435 88.877000
0.930870 88.882000
0.931304 88.882900
0.931739 88.913900
0.932174 88.931100
0.932609 88.956100
0.933043 88.959000
0.933478 88.966800
0.933913 89.001200
0.934348 89.009000
0.934783 89.025000
0.935217 89.032900
0.935652 89.083000
0.936087 89.152100
0.936522 89.154000
0.936957 89.191200
0.937391 89.223900
0.937826 89.228200
0.938261 89.236000
0.938696 89.258900
0.939130 89.268000
0.939565 89.288000
0.940000 89.465100
0.940435 89.530000
0.940870 89.550000
0.941304 89.577000
0.941739 89.618000
0.942174 89.647100
0.942609 89.664900
0.943043 89.678000
0.943478 89.683100
0.943913 89.693100
0.944348 89.721900
0.944783 89.754800
0.945217 89.762000
0.945652 89.813000
0.946087 89.835900
0.946522 89.896900
0.946957 89.940100
0.947391 89.972000
0.947826 90.029000
0.948261 90.030900
0.948696 90.042100
0.949130 90.082200
0.949565 90.138000
0.950000 90.150800
0.950435 90.163000
0.950870 90.195900
0.951304 90.249100
0.951739 90.302000
0.952174 90.309900
0.952609 90.318900
0.953043 90.342000
0.953478 90.400000
0.953913 90.501800
0.954348 90.622200
0.954783 90.636000
0.955217 90.639100
0.955652 90.694900
0.956087 90.731900
0.956522 90.749000
0.956957 90.757100
0.957391 90.760900
0.957826 90.771000
0.958261 90.774100
0.958696 90.785000
0.959130 90.796000
0.959565 90.827000
0.960000 90.868000
0.960435 90.901100
0.960870 91.026100
0.961304 91.146900
0.961739 91.188200
0.962174 91.246800
0.962609 91.283100
0.963043 91.301000
0.963478 91.304100
0.963913 91.467100
0.964348 91.479100
0.964783 91.486900
0.965217 91.504100
0.965652 91.507000
0.966087 91.524100
0.966522 91.539900
0.966957 91.549200
0.967391 91.553000
0.967826 91.572000
0.968261 91.605900
0.968696 91.662200
0.969130 91.733900
0.969565 91.752100
0.970000 91.774900
0.970435 91.785000
0.970870 91.800900
0.971304 91.855000
0.971739 91.949200
0.972174 92.008800
0.972609 92.010000
0.973043 92.083200
0.973478 92.113000
0.973913 92.271100
0.974348 92.289900
0.974783 92.325900
0.975217 92.344000
0.975652 92.353100
0.976087 92.492800
0.976522 92.607000
0.976957 92.637100
0.977391 92.711900
0.977826 92.720000
0.978261 92.754800
0.978696 92.780100
0.979130 92.821100
0.979565 92.955100
0.980000 93.087000
0.980435 93.252900
0.980870 93.453900
0.981304 93.670800
0.981739 93.704000
0.982174 93.861800
0.982609 94.656900
0.983043 94.858200
0.983478 94.949000
0.983913 95.125900
0.984348 110.311000
0.984783 123.325000
0.985217 123.761000
0.985652 123.914000
0.986087 124.207000
0.986522 126.013000
0.986957 126.449000
0.987391 126.726000
0.987826 127.055000
0.988261 127.333000
0.988696 128.747000
0.989130 128.942000
0.989565 129.121000
0.990000 129.553000
0.990435 129.718000
0.990870 130.030000
0.991304 130.116000
0.991739 130.340000
0.992174 130.824000
0.992609 131.016000
0.993043 131.180000
0.993478 131.406000
0.993913 131.922000
0.994348 132.255000
0.994783 132.491000
0.995217 132.542000
0.995652 133.295000
0.996087 133.551000
0.996522 133.743000
0.996957 134.174000
0.997391 134.695000
0.997826 135.248000
0.998261 135.755000
0.998696 137.563000
0.999130 137.853000
0.999565 138.136000
1.000000 139.319000
