7.74598 165600
26.9799 168720
6.70505 128512
28.903 129000
21.771 165360
9.32097 128226
20.4351 241528
12.1739 129500
9.43208 180000
6.04296 115440
15.368 180000
12.5039 137520
11.6801 129500
12.3959 130548
7.08914 132352
8.33201 177360
8.61502 190281
47.8199 176400
17.6849 104640
7.4749 132960
34.812 170160
28.08 171840
37.6501 135600
36.376 176160
35.975 164640
7.21598 115680
8.80909 180000
20.7071 142320
40.4301 168000
30.7879 140160
11.291 125354
13.5381 179520
45.5 175680
31.4031 127680
28.672 125550
13.8011 169200
5.92995 126000
28.1889 167040
21.004 124560
45.403 164160
38.7409 125520
47.6961 162960
38.7819 125520
31.4739 162960
30.7031 124800
38.45 163200
22.728 125280
23.8981 163440
29.3722 125280
27.6041 163680
30.1781 125280
45.8229 163440
39.1579 124560
45.841 163920
37.4911 125040
45.4609 163680
11.687 124800
40.2522 164160
32.8691 126720
14.6751 165360
40.659 127440
45.9011 165840
38.24 127200
44.018 166320
7.42507 127920
10.304 165840
12.3022 126720
45.9661 166320
12.356 127440
14.8141 166320
34.621 132240
16.4959 85316
7.60388 180000
7.57194 133200
9.42183 168240
33.042 131520
36.3841 124620
15.5871 173280
20.2489 148800
7.10797 167040
17.5338 125692
12.2881 180000
13.8462 163440
7.12395 167280
11.1599 147690
8.98099 179280
16.5141 187866
13.8981 175680
14.4269 166560
15.4948 180000
14.4842 168240
24.9169 126720
46.056 170160
14.724 178080
14.703 179280
14.7209 180000
28.6632 114720
30.7779 168000
20.5209 123840
6.41704 139920
23.684 174480
22.0089 126480
47.0049 164400
22.4459 135120
31.8549 157200
32.167 129840
25.6262 164160
21.3652 180000
6.40583 142892
15.615 169200
7.48205 128880
14.0231 154320
17.7641 122496
5.98598 121968
10.0799 168240
10.3722 142800
11.0559 124155
13.525 180000
39.115 123120
21.399 173040
27.06 151680
28.4228 180000
44.0869 168960
39.1929 147840
8.51107 144720
23.32 156480
26.9508 153840
8.00896 171120
10.462 238944
6.88887 124950
16.382 180000
32.9769 132960
12.742 129428
10.1602 174000
12.1899 142506
10.3431 177840
13.8021 150411
8.09717 180000
7.63988 163350
14.941 165780
7.66611 170016
6.94108 156720
17.2989 137130
13.3469 101868
30.0829 156720
14.06 173040
10.4949 177600
8.19016 134880
8.47602 185900
40.226 514500
31.482 120960
16.0189 180000
9.197 115200
25.96 298660
41.944 551250
22.424 532500
56.381 551250
39.8681 130320
62.2039 316100
62.8541 319500
22.7969 126000
14.1881 312472
13.3719 175200
24.8342 318654
7.85804 150480
30.6768 136800
15.105 158640
27.2441 359544
23.818 172451
36.5329 166320
36.505 121680
47.0669 165120
33.946 127920
28.5091 157920
33.8912 126240
29.696 162240
30.34 127440
47.781 168720
30.55 146880
13.1109 173280
37.3051 153360
14.6 160080
12.4738 140400
41.0459 166080
15.523 162960
13.212 144000
35.65 160320
29.9799 260850
22.296 133440
7.21502 150720
63.9091 379500
67.9681 378386
22.1839 118320
23.751 156720
30.5049 127200
23.5589 147120
35.933 149040
47.5399 166800
37.8389 124080
33.6339 146160
12.924 125760
26.047 159120
7.79796 159840
32.903 112560
23.2491 128160
45.7489 168960
6.11687 87856
25.6791 149520
33.6552 126240
23.2158 121920
22.131 180000
14.5712 154560
40.036 169200
12.125 128044
28.9531 115180
6.94203 114840
16.1519 337882
9.04298 112230
16.5842 111447
8.14009 179760
17.086 115275
7.84779 166800
13.8278 107030
15.5728 69500
22.6438 74365
23.469 79230
26.598 100080
28.7001 166800
29.6571 116580
11.173 115976
15.6 180000
26.032 108720
16.8359 113784
12.1379 180000
7.55 148800
9.67598 119610
10.0219 117747
21.8551 270456
5.018 116809
15.099 180000
16.4821 116246
8.075 180000
19.6331 116328
9.21082 180000
11.0531 112455
11.4691 157440
7.26819 121769
10.4251 120582
6.90722 118881
7.37715 122360
15.1019 170640
12.1789 128250
12.5868 129744
7.32303 126192
6.99687 125714
6.87218 124188
10.3509 127836
11.796 130516
12.0862 128568
39.3391 180000
10.0081 173520
24.0951 108240
21.987 306000
12.0649 134154
12.45 135150
26.3321 180000
11.708 139655
13.072 147120
8.36897 125280
11.8358 136800
36.9511 123600
28.6942 117840
29.15 118560
19.5839 121200
11.3549 168960
32.325 141600
38.8529 171360
7.092 142080
