0 101.054
1 112.972
2 199.437
3 191.022
4 182.769
5 171.854
6 183.628
7 183.791
8 176.43
9 170.292
10 109.642
11 100.929
12 94.75
13 24.286
14 19.75
15 17.25
16 18.5
17 12.5
18 14
19 12
20 14
21 0
22 0
23 6
24 6
25 3
26 0
27 0
28 0
29 0
30 58.333
31 0
32 0
33 0
34 0
35 0
36 0
37 0
38 0
39 0
40 0
41 0
42 0
43 0
44 0
45 0
46 0
47 0
48 0
49 0
50 2
51 0
52 0
53 0
54 0
55 8
56 0
57 0
58 0
59 0
60 3
61 0
62 0
63 0
64 0
65 0
66 0
67 0
68 0
69 0
70 0
71 0
72 0
73 0
74 0
75 0
76 0
77 0
78 0
79 0
80 0
81 0
82 0
83 0
84 0
85 0
86 0
87 0
88 0
89 0
90 0
91 0
92 0
93 0
94 0
95 0
96 0
97 0
98 0
99 0
100 0
101 0
102 0
103 0
104 0
105 0
106 0
107 0
108 0
109 0
110 0
111 0
112 0
113 0
114 0
115 0
116 0
117 0
118 0
119 0
120 3
121 0
122 0
123 1.6667
124 0
125 1.5
126 1
127 0
128 0.5
129 0
130 0
131 1
132 2
133 1
134 0
135 0
136 0
137 0
138 0
139 0
140 2
141 5
142 0
143 9
144 5
145 1
146 2
147 0
148 4
149 0
150 3
151 0
152 0
153 0.3333
154 21
155 36.25
156 37
157 40
158 50
159 51.6
160 99.5714
161 100.25
162 106
163 109.3333
164 109.5
165 113.2321
166 113.649
167 118.307
168 113.361
169 147.554
170 210.719
171 205.349
172 149.541
173 181.296
174 179.411
175 137.589
176 114.291
177 110.319
178 107.876
179 110.709
