0.000552 7.168050
0.001105 7.213830
0.001657 7.311820
0.002210 7.343770
0.002762 7.407900
0.003315 7.718090
0.003867 7.850890
0.004420 7.906910
0.004972 8.044000
0.005525 8.088110
0.006077 8.156060
0.006630 8.183960
0.007182 8.205180
0.007735 8.255000
0.008287 8.408070
0.008840 8.425000
0.009392 8.507970
0.009945 8.677960
0.010497 8.741140
0.011050 8.980990
0.011602 9.058000
0.012155 9.070870
0.012707 9.073970
0.013260 9.114980
0.013812 9.142880
0.014365 9.171010
0.014917 9.235860
0.015470 9.243010
0.016022 9.248970
0.016575 9.253980
0.017127 9.265900
0.017680 9.305950
0.018232 9.390120
0.018785 9.431120
0.019337 9.445910
0.019890 9.448050
0.020442 9.514090
0.020994 9.526010
0.021547 9.565110
0.022099 9.588000
0.022652 9.609940
0.023204 9.670020
0.023757 9.705070
0.024309 9.716990
0.024862 9.763000
0.025414 9.786130
0.025967 9.812830
0.026519 9.815930
0.027072 9.819030
0.027624 9.820220
0.028177 9.846930
0.028729 9.850030
0.029282 9.911060
0.029834 9.912970
0.030387 9.913920
0.030939 9.970900
0.031492 10.052900
0.032044 10.090100
0.032597 10.108900
0.033149 10.108900
0.033702 10.108900
0.034254 10.145900
0.034807 10.175000
0.035359 10.217900
0.035912 10.232000
0.036464 10.232900
0.037017 10.281100
0.037569 10.351200
0.038122 10.364100
0.038674 10.374100
0.039227 10.397200
0.039779 10.402900
0.040331 10.409100
0.040884 10.429100
0.041436 10.494900
0.041989 10.507100
0.042541 10.511900
0.043094 10.562900
0.043646 10.604900
0.044199 10.612000
0.044751 10.672100
0.045304 10.718800
0.045856 10.721900
0.046409 10.735000
0.046961 10.754100
0.047514 10.762900
0.048066 10.768200
0.048619 10.808000
0.049171 10.836800
0.049724 10.839900
0.050276 10.843000
0.050829 10.850200
0.051381 10.865200
0.051934 10.878100
0.052486 10.896900
0.053039 10.919800
0.053591 11.044000
0.054144 11.112000
0.054696 11.127000
0.055249 11.138000
0.055801 11.143000
0.056354 11.174900
0.056906 11.210900
0.057459 11.212100
0.058011 11.262900
0.058564 11.274800
0.059116 11.277900
0.059669 11.281000
0.060221 11.284800
0.060773 11.313200
0.061326 11.327000
0.061878 11.415000
0.062431 11.456000
0.062983 11.477000
0.063536 11.495100
0.064088 11.500800
0.064641 11.514900
0.065193 11.586900
0.065746 11.615000
0.066298 11.695100
0.066851 11.703000
0.067403 11.750900
0.067956 11.813900
0.068508 11.852000
0.069061 11.874000
0.069613 11.880200
0.070166 11.905000
0.070718 12.004900
0.071271 12.029900
0.071823 12.033000
0.072376 12.062100
0.072928 12.100900
0.073481 12.106900
0.074033 12.111900
0.074586 12.128100
0.075138 12.134800
0.075691 12.144100
0.076243 12.146900
0.076796 12.151000
0.077348 12.176000
0.077901 12.208000
0.078453 12.253000
0.079006 12.258100
0.079558 12.277800
0.080110 12.279000
0.080663 12.296000
0.081215 12.305000
0.081768 12.314100
0.082320 12.345100
0.082873 12.345100
0.083425 12.356000
0.083978 12.358900
0.084530 12.371100
0.085083 12.384200
0.085635 12.401100
0.086188 12.419000
0.086740 12.446900
0.087293 12.502000
0.087845 12.558000
0.088398 12.577100
0.088950 12.604000
0.089503 12.606100
0.090055 12.623100
0.090608 12.630000
0.091160 12.631900
0.091713 12.643100
0.092265 12.656000
0.092818 12.670000
0.093370 12.702000
0.093923 12.714900
0.094475 12.715100
0.095028 12.728900
0.095580 12.732000
0.096133 12.748000
0.096685 12.750900
0.097238 12.775200
0.097790 12.779000
0.098343 12.780900
0.098895 12.781100
0.099448 12.784000
0.100000 12.785000
0.100552 12.791900
0.101105 12.795000
0.101657 12.800000
0.102210 12.803100
0.102762 12.816000
0.103315 12.821000
0.103867 12.824100
0.104420 12.872000
0.104972 12.873200
0.105525 12.888000
0.106077 12.894900
0.106630 12.895100
0.107182 12.903000
0.107735 12.934000
0.108287 12.951100
0.108840 12.954000
0.109392 12.962100
0.109945 12.962100
0.110497 12.971900
0.111050 12.981200
0.111602 13.039800
0.112155 13.042900
0.112707 13.059100
0.113260 13.064900
0.113812 13.065100
0.114365 13.115900
0.114917 13.140900
0.115470 13.160000
0.116022 13.182200
0.116575 13.207000
0.117127 13.207900
0.117680 13.208200
0.118232 13.225100
0.118785 13.225800
0.119337 13.294000
0.119890 13.318100
0.120442 13.321900
0.120994 13.345000
0.121547 13.355000
0.122099 13.373100
0.122652 13.391000
0.123204 13.397000
0.123757 13.406000
0.124309 13.408900
0.124862 13.410100
0.125414 13.413000
0.125967 13.413000
0.126519 13.419900
0.127072 13.438000
0.127624 13.448000
0.128177 13.451100
0.128729 13.500000
0.129282 13.512800
0.129834 13.514000
0.130387 13.533800
0.130939 13.536900
0.131492 13.537900
0.132044 13.542200
0.132597 13.545000
0.133149 13.548100
0.133702 13.586000
0.134254 13.588000
0.134807 13.600100
0.135359 13.602000
0.135912 13.627100
0.136464 13.629900
0.137017 13.639000
0.137569 13.655900
0.138122 13.670900
0.138674 13.684000
0.139227 13.686200
0.139779 13.701900
0.140331 13.711000
0.140884 13.723100
0.141436 13.728100
0.141989 13.729100
0.142541 13.732000
0.143094 13.733100
0.143646 13.773900
0.144199 13.784200
0.144751 13.793900
0.145304 13.814000
0.145856 13.814900
0.146409 13.850000
0.146961 13.855900
0.147514 13.877900
0.148066 13.891200
0.148619 13.895000
0.149171 13.901000
0.149724 13.901000
0.150276 13.904800
0.150829 13.930100
0.151381 13.968000
0.151934 13.987100
0.152486 13.988000
0.153039 13.998000
0.153591 14.061000
0.154144 14.067900
0.154696 14.068100
0.155249 14.071000
0.155801 14.072200
0.156354 14.074100
0.156906 14.092000
0.157459 14.093200
0.158011 14.102900
0.158564 14.104100
0.159116 14.112900
0.159669 14.159000
0.160221 14.174000
0.160773 14.198800
0.161326 14.207800
0.161878 14.216200
0.162431 14.221900
0.162983 14.236000
0.163536 14.245000
0.164088 14.249100
0.164641 14.251000
0.165193 14.259100
0.165746 14.269100
0.166298 14.270100
0.166851 14.274100
0.167403 14.276000
0.167956 14.277000
0.168508 14.287900
0.169061 14.309900
0.169613 14.314200
0.170166 14.323900
0.170718 14.333000
0.171271 14.360000
0.171823 14.365900
0.172376 14.369000
0.172928 14.379000
0.173481 14.386900
0.174033 14.397100
0.174586 14.402200
0.175138 14.405000
0.175691 14.416000
0.176243 14.416900
0.176796 14.426900
0.177348 14.440100
0.177901 14.447900
0.178453 14.452000
0.179006 14.460100
0.179558 14.527100
0.180110 14.532100
0.180663 14.542100
0.181215 14.555900
0.181768 14.563100
0.182320 14.576000
0.182873 14.576900
0.183425 14.583100
0.183978 14.590000
0.184530 14.596000
0.185083 14.597900
0.185635 14.598800
0.186188 14.607900
0.186740 14.608100
0.187293 14.610100
0.187845 14.611000
0.188398 14.613200
0.188950 14.622000
0.189503 14.622900
0.190055 14.625100
0.190608 14.636000
0.191160 14.647000
0.191713 14.647000
0.192265 14.650100
0.192818 14.668000
0.193370 14.668000
0.193923 14.670800
0.194475 14.676100
0.195028 14.689000
0.195580 14.695200
0.196133 14.708000
0.196685 14.712100
0.197238 14.714000
0.197790 14.727100
0.198343 14.728100
0.198895 14.732100
0.199448 14.732100
0.200000 14.733100
0.200552 14.736200
0.201105 14.749100
0.201657 14.752900
0.202210 14.767900
0.202762 14.771000
0.203315 14.776000
0.203867 14.782900
0.204420 14.787900
0.204972 14.801000
0.205525 14.805100
0.206077 14.809100
0.206630 14.816000
0.207182 14.834200
0.207735 14.834900
0.208287 14.838000
0.208840 14.840100
0.209392 14.842000
0.209945 14.846800
0.210497 14.848000
0.211050 14.850900
0.211602 14.861100
0.212155 14.872100
0.212707 14.872100
0.213260 14.878000
0.213812 14.884000
0.214365 14.895000
0.214917 14.897100
0.215470 14.905000
0.216022 14.908100
0.216575 14.916900
0.217127 14.923100
0.217680 14.937200
0.218232 14.951900
0.218785 14.957200
0.219337 14.966000
0.219890 14.967900
0.220442 14.972000
0.220994 14.980800
0.221547 14.980800
0.222099 14.981000
0.222652 14.994900
0.223204 15.003200
0.223757 15.009900
0.224309 15.059000
0.224862 15.063000
0.225414 15.075000
0.225967 15.080900
0.226519 15.087100
0.227072 15.090000
0.227624 15.090900
0.228177 15.095900
0.228729 15.097100
0.229282 15.102100
0.229834 15.104100
0.230387 15.107200
0.230939 15.111900
0.231492 15.121900
0.232044 15.138900
0.232597 15.147900
0.233149 15.161000
0.233702 15.177000
0.234254 15.208000
0.234807 15.209900
0.235359 15.260900
0.235912 15.264000
0.236464 15.265000
0.237017 15.270900
0.237569 15.274000
0.238122 15.296000
0.238674 15.296200
0.239227 15.296900
0.239779 15.309100
0.240331 15.310000
0.240884 15.317900
0.241436 15.325100
0.241989 15.327900
0.242541 15.345100
0.243094 15.369200
0.243646 15.382100
0.244199 15.388000
0.244751 15.395900
0.245304 15.404200
0.245856 15.408000
0.246409 15.418100
0.246961 15.422800
0.247514 15.423100
0.248066 15.429000
0.248619 15.430000
0.249171 15.435900
0.249724 15.440000
0.250276 15.440000
0.250829 15.441900
0.251381 15.461000
0.251934 15.461900
0.252486 15.476900
0.253039 15.506000
0.253591 15.514900
0.254144 15.540800
0.254696 15.548000
0.255249 15.548900
0.255801 15.561100
0.256354 15.562100
0.256906 15.565200
0.257459 15.567100
0.258011 15.570200
0.258564 15.597100
0.259116 15.601900
0.259669 15.610900
0.260221 15.615000
0.260773 15.638100
0.261326 15.642200
0.261878 15.657900
0.262431 15.668200
0.262983 15.671000
0.263536 15.680100
0.264088 15.713900
0.264641 15.746100
0.265193 15.748000
0.265746 15.761100
0.266298 15.762100
0.266851 15.773800
0.267403 15.806000
0.267956 15.834800
0.268508 15.836000
0.269061 15.841000
0.269613 15.843900
0.270166 15.846000
0.270718 15.847900
0.271271 15.849100
0.271823 15.878000
0.272376 15.884200
0.272928 15.905900
0.273481 15.940200
0.274033 15.961200
0.274586 15.974000
0.275138 15.983800
0.275691 16.183900
0.276243 16.191000
0.276796 16.212000
0.277348 16.241100
0.277901 16.253000
0.278453 16.257000
0.279006 16.284900
0.279558 16.287100
0.280110 16.288000
0.280663 16.340000
0.281215 16.345000
0.281768 16.363900
0.282320 16.422000
0.282873 16.459000
0.283425 16.461100
0.283978 16.498100
0.284530 16.528100
0.285083 16.553900
0.285635 16.566000
0.286188 16.599900
0.286740 16.623000
0.287293 16.633000
0.287845 16.641100
0.288398 16.663100
0.288950 16.670000
0.289503 16.727200
0.290055 16.737900
0.290608 16.770100
0.291160 16.775800
0.291713 16.786100
0.292265 16.795900
0.292818 16.840000
0.293370 16.884100
0.293923 16.887900
0.294475 16.896000
0.295028 16.896000
0.295580 16.905100
0.296133 16.911000
0.296685 16.920100
0.297238 16.924900
0.297790 16.928900
0.298343 16.934900
0.298895 16.956100
0.299448 16.970900
0.300000 16.972100
0.300552 17.050000
0.301105 17.061900
0.301657 17.097900
0.302210 17.103900
0.302762 17.153000
0.303315 17.177100
0.303867 17.186900
0.304420 17.199000
0.304972 17.209100
0.305525 17.210000
0.306077 17.250100
0.306630 17.272900
0.307182 17.283900
0.307735 17.288200
0.308287 17.291100
0.308840 17.312000
0.309392 17.328000
0.309945 17.360200
0.310497 17.361900
0.311050 17.364000
0.311602 17.392200
0.312155 17.408100
0.312707 17.422900
0.313260 17.425100
0.313812 17.430100
0.314365 17.459900
0.314917 17.472000
0.315470 17.478900
0.316022 17.495200
0.316575 17.508000
0.317127 17.512100
0.317680 17.517800
0.318232 17.544000
0.318785 17.560000
0.319337 17.572900
0.319890 17.586000
0.320442 17.599100
0.320994 17.607000
0.321547 17.615100
0.322099 17.619800
0.322652 17.628000
0.323204 17.695900
0.323757 17.701100
0.324309 17.707800
0.324862 17.720900
0.325414 17.725900
0.325967 17.739100
0.326519 17.740000
0.327072 17.742200
0.327624 17.745000
0.328177 17.754100
0.328729 17.762900
0.329282 17.772000
0.329834 17.788900
0.330387 17.796000
0.330939 17.799100
0.331492 17.801000
0.332044 17.801000
0.332597 17.826100
0.333149 17.841100
0.333702 17.852100
0.334254 17.859000
0.334807 17.865900
0.335359 17.873000
0.335912 17.885000
0.336464 17.889000
0.337017 17.894000
0.337569 17.899000
0.338122 17.926900
0.338674 17.941000
0.339227 17.946000
0.339779 17.947000
0.340331 17.965100
0.340884 17.979900
0.341436 18.003000
0.341989 18.016800
0.342541 18.018000
0.343094 18.045900
0.343646 18.055900
0.344199 18.056900
0.344751 18.069000
0.345304 18.078100
0.345856 18.079000
0.346409 18.080900
0.346961 18.085000
0.347514 18.093100
0.348066 18.116000
0.348619 18.120100
0.349171 18.127900
0.349724 18.132000
0.350276 18.135100
0.350829 18.143900
0.351381 18.149100
0.351934 18.149100
0.352486 18.153000
0.353039 18.159200
0.353591 18.177000
0.354144 18.184900
0.354696 18.187000
0.355249 18.195200
0.355801 18.195200
0.356354 18.195900
0.356906 18.212100
0.357459 18.237100
0.358011 18.240000
0.358564 18.240000
0.359116 18.255000
0.359669 18.259000
0.360221 18.260000
0.360773 18.261000
0.361326 18.267200
0.361878 18.276000
0.362431 18.287200
0.362983 18.293900
0.363536 18.296000
0.364088 18.299100
0.364641 18.306000
0.365193 18.311000
0.365746 18.319800
0.366298 18.325100
0.366851 18.331100
0.367403 18.333000
0.367956 18.339900
0.368508 18.340100
0.369061 18.341100
0.369613 18.344900
0.370166 18.358900
0.370718 18.364000
0.371271 18.369000
0.371823 18.381100
0.372376 18.386100
0.372928 18.429000
0.373481 18.441200
0.374033 18.443800
0.374586 18.473100
0.375138 18.474100
0.375691 18.482900
0.376243 18.488900
0.376796 18.492900
0.377348 18.508900
0.377901 18.529900
0.378453 18.530100
0.379006 18.534200
0.379558 18.548000
0.380110 18.556800
0.380663 18.565900
0.381215 18.568000
0.381768 18.572100
0.382320 18.591900
0.382873 18.593100
0.383425 18.594000
0.383978 18.600900
0.384530 18.617200
0.385083 18.619100
0.385635 18.627900
0.386188 18.631000
0.386740 18.633800
0.387293 18.635000
0.387845 18.641200
0.388398 18.647000
0.388950 18.649100
0.389503 18.656000
0.390055 18.659800
0.390608 18.665100
0.391160 18.667900
0.391713 18.688900
0.392265 18.690100
0.392818 18.690800
0.393370 18.703000
0.393923 18.708900
0.394475 18.713000
0.395028 18.713200
0.395580 18.717100
0.396133 18.719900
0.396685 18.729000
0.397238 18.743000
0.397790 18.747100
0.398343 18.750900
0.398895 18.763100
0.399448 18.764000
0.400000 18.776900
0.400552 18.779000
0.401105 18.782100
0.401657 18.786000
0.402210 18.790000
0.402762 18.791900
0.403315 18.793100
0.403867 18.794100
0.404420 18.798100
0.404972 18.810000
0.405525 18.813100
0.406077 18.824100
0.406630 18.824800
0.407182 18.829100
0.407735 18.830100
0.408287 18.832200
0.408840 18.843900
0.409392 18.844800
0.409945 18.852900
0.410497 18.857000
0.411050 18.875100
0.411602 18.883000
0.412155 18.887000
0.412707 18.888000
0.413260 18.889000
0.413812 18.906800
0.414365 18.906800
0.414917 18.909900
0.415470 18.915900
0.416022 18.916100
0.416575 18.923000
0.417127 18.923000
0.417680 18.925000
0.418232 18.935900
0.418785 18.937100
0.419337 18.944000
0.419890 18.954000
0.420442 18.957900
0.420994 18.959000
0.421547 18.961000
0.422099 18.963100
0.422652 18.979100
0.423204 18.980000
0.423757 18.992900
0.424309 18.998100
0.424862 18.999100
0.425414 18.999100
0.425967 19.005800
0.426519 19.007900
0.427072 19.009100
0.427624 19.009100
0.428177 19.010100
0.428729 19.017000
0.429282 19.025100
0.429834 19.028900
0.430387 19.046100
0.430939 19.069900
0.431492 19.098000
0.432044 19.101100
0.432597 19.104000
0.433149 19.104000
0.433702 19.106100
0.434254 19.109000
0.434807 19.114000
0.435359 19.120000
0.435912 19.123800
0.436464 19.125000
0.437017 19.125900
0.437569 19.130000
0.438122 19.140000
0.438674 19.157200
0.439227 19.158800
0.439779 19.159100
0.440331 19.181000
0.440884 19.186000
0.441436 19.187900
0.441989 19.190800
0.442541 19.202000
0.443094 19.218000
0.443646 19.228900
0.444199 19.246100
0.444751 19.249000
0.445304 19.249900
0.445856 19.250900
0.446409 19.252100
0.446961 19.254000
0.447514 19.259000
0.448066 19.267100
0.448619 19.277100
0.449171 19.292800
0.449724 19.294000
0.450276 19.297800
0.450829 19.327900
0.451381 19.329800
0.451934 19.330000
0.452486 19.331200
0.453039 19.340000
0.453591 19.347200
0.454144 19.352000
0.454696 19.352000
0.455249 19.352000
0.455801 19.352900
0.456354 19.357000
0.456906 19.361000
0.457459 19.369800
0.458011 19.374100
0.458564 19.377000
0.459116 19.377000
0.459669 19.379100
0.460221 19.385100
0.460773 19.415900
0.461326 19.420900
0.461878 19.426100
0.462431 19.432800
0.462983 19.435900
0.463536 19.444900
0.464088 19.451900
0.464641 19.453000
0.465193 19.455000
0.465746 19.474000
0.466298 19.475900
0.466851 19.478800
0.467403 19.490000
0.467956 19.497900
0.468508 19.498100
0.469061 19.510000
0.469613 19.511900
0.470166 19.516900
0.470718 19.521000
0.471271 19.522200
0.471823 19.530100
0.472376 19.532200
0.472928 19.532900
0.473481 19.533900
0.474033 19.541000
0.474586 19.573200
0.475138 19.574900
0.475691 19.582000
0.476243 19.590900
0.476796 19.594900
0.477348 19.604900
0.477901 19.617100
0.478453 19.626900
0.479006 19.635900
0.479558 19.671200
0.480110 19.677900
0.480663 19.687200
0.481215 19.687900
0.481768 19.689100
0.482320 19.691000
0.482873 19.694100
0.483425 19.716000
0.483978 19.736100
0.484530 19.740800
0.485083 19.753000
0.485635 19.764900
0.486188 19.769000
0.486740 19.769900
0.487293 19.770900
0.487845 19.777100
0.488398 19.779000
0.488950 19.798000
0.489503 19.799000
0.490055 19.807100
0.490608 19.816900
0.491160 19.822100
0.491713 19.823100
0.492265 19.825000
0.492818 19.825000
0.493370 19.829000
0.493923 19.835900
0.494475 19.835900
0.495028 19.846200
0.495580 19.855000
0.496133 19.872900
0.496685 19.877000
0.497238 19.882900
0.497790 19.888900
0.498343 19.896000
0.498895 19.902000
0.499448 19.903900
0.500000 19.912000
0.500552 19.925100
0.501105 19.935100
0.501657 19.944900
0.502210 19.951100
0.502762 19.952100
0.503315 19.960900
0.503867 19.987100
0.504420 19.995900
0.504972 20.010000
0.505525 20.011900
0.506077 20.022200
0.506630 20.029100
0.507182 20.039100
0.507735 20.041900
0.508287 20.050000
0.508840 20.051000
0.509392 20.072000
0.509945 20.072900
0.510497 20.086100
0.511050 20.088900
0.511602 20.098900
0.512155 20.101100
0.512707 20.108000
0.513260 20.124000
0.513812 20.127100
0.514365 20.144000
0.514917 20.154000
0.515470 20.157100
0.516022 20.169000
0.516575 20.179000
0.517127 20.196000
0.517680 20.203800
0.518232 20.205000
0.518785 20.231000
0.519337 20.244100
0.519890 20.244100
0.520442 20.247900
0.520994 20.269200
0.521547 20.288000
0.522099 20.293000
0.522652 20.304000
0.523204 20.314000
0.523757 20.328000
0.524309 20.349000
0.524862 20.385000
0.525414 20.406000
0.525967 20.421000
0.526519 20.483000
0.527072 20.483000
0.527624 20.487100
0.528177 20.525000
0.528729 20.537900
0.529282 20.542900
0.529834 20.632000
0.530387 20.663000
0.530939 20.670900
0.531492 20.686900
0.532044 20.694000
0.532597 20.708100
0.533149 20.726000
0.533702 20.753900
0.534254 20.773900
0.534807 20.783900
0.535359 20.788000
0.535912 20.790800
0.536464 20.812000
0.537017 20.839900
0.537569 20.843000
0.538122 20.849000
0.538674 20.855900
0.539227 20.861900
0.539779 20.865000
0.540331 20.874000
0.540884 20.886900
0.541436 20.895000
0.541989 20.896000
0.542541 20.904100
0.543094 20.906000
0.543646 20.927000
0.544199 20.929800
0.544751 20.942000
0.545304 20.945100
0.545856 20.962000
0.546409 20.981100
0.546961 20.988000
0.547514 21.010900
0.548066 21.024000
0.548619 21.027800
0.549171 21.061900
0.549724 21.066000
0.550276 21.076000
0.550829 21.076000
0.551381 21.081000
0.551934 21.083800
0.552486 21.113900
0.553039 21.116000
0.553591 21.117900
0.554144 21.118900
0.554696 21.128900
0.555249 21.141100
0.555801 21.158900
0.556354 21.165100
0.556906 21.213100
0.557459 21.214000
0.558011 21.214000
0.558564 21.220000
0.559116 21.220900
0.559669 21.226900
0.560221 21.227100
0.560773 21.252200
0.561326 21.256900
0.561878 21.261000
0.562431 21.269100
0.562983 21.275000
0.563536 21.290100
0.564088 21.300100
0.564641 21.303200
0.565193 21.309900
0.565746 21.333000
0.566298 21.335100
0.566851 21.368000
0.567403 21.369000
0.567956 21.369900
0.568508 21.379900
0.569061 21.399000
0.569613 21.401900
0.570166 21.409000
0.570718 21.410900
0.571271 21.411200
0.571823 21.423800
0.572376 21.426000
0.572928 21.431000
0.573481 21.437200
0.574033 21.443100
0.574586 21.444100
0.575138 21.447200
0.575691 21.453100
0.576243 21.471000
0.576796 21.477000
0.577348 21.478900
0.577901 21.484100
0.578453 21.499900
0.579006 21.501100
0.579558 21.502000
0.580110 21.503000
0.580663 21.506100
0.581215 21.508900
0.581768 21.513900
0.582320 21.518200
0.582873 21.522000
0.583425 21.529000
0.583978 21.530900
0.584530 21.551800
0.585083 21.554000
0.585635 21.586200
0.586188 21.588100
0.586740 21.611000
0.587293 21.628100
0.587845 21.640100
0.588398 21.650100
0.588950 21.655800
0.589503 21.666000
0.590055 21.666000
0.590608 21.673900
0.591160 21.673900
0.591713 21.682000
0.592265 21.690800
0.592818 21.698000
0.593370 21.706100
0.593923 21.714900
0.594475 21.723000
0.595028 21.724900
0.595580 21.728000
0.596133 21.735000
0.596685 21.740900
0.597238 21.744000
0.597790 21.755000
0.598343 21.757100
0.598895 21.765000
0.599448 21.772100
0.600000 21.775000
0.600552 21.779100
0.601105 21.789100
0.601657 21.799800
0.602210 21.800000
0.602762 21.810100
0.603315 21.820100
0.603867 21.832000
0.604420 21.844100
0.604972 21.846100
0.605525 21.853900
0.606077 21.854900
0.606630 21.859900
0.607182 21.887100
0.607735 21.888000
0.608287 21.892800
0.608840 21.894900
0.609392 21.904200
0.609945 21.910900
0.610497 21.912100
0.611050 21.916200
0.611602 21.922800
0.612155 21.932100
0.612707 21.936200
0.613260 21.951900
0.613812 21.956900
0.614365 21.978900
0.614917 21.982000
0.615470 21.989100
0.616022 21.990100
0.616575 22.003900
0.617127 22.004100
0.617680 22.014900
0.618232 22.024900
0.618785 22.034200
0.619337 22.041800
0.619890 22.054000
0.620442 22.064000
0.620994 22.065900
0.621547 22.076100
0.622099 22.104000
0.622652 22.107100
0.623204 22.139100
0.623757 22.143800
0.624309 22.144100
0.624862 22.144100
0.625414 22.148100
0.625967 22.161000
0.626519 22.163900
0.627072 22.169100
0.627624 22.176000
0.628177 22.206100
0.628729 22.208000
0.629282 22.210800
0.629834 22.212000
0.630387 22.213900
0.630939 22.214200
0.631492 22.229000
0.632044 22.242100
0.632597 22.253000
0.633149 22.259000
0.633702 22.302200
0.634254 22.306900
0.634807 22.306900
0.635359 22.313100
0.635912 22.317200
0.636464 22.321000
0.637017 22.321900
0.637569 22.321900
0.638122 22.321900
0.638674 22.328100
0.639227 22.341000
0.639779 22.345100
0.640331 22.357000
0.640884 22.361000
0.641436 22.366000
0.641989 22.372000
0.642541 22.377000
0.643094 22.384900
0.643646 22.389900
0.644199 22.394900
0.644751 22.398900
0.645304 22.404900
0.645856 22.405100
0.646409 22.406800
0.646961 22.411100
0.647514 22.426800
0.648066 22.436900
0.648619 22.467900
0.649171 22.471900
0.649724 22.473100
0.650276 22.483100
0.650829 22.485000
0.651381 22.486000
0.651934 22.487900
0.652486 22.489100
0.653039 22.496000
0.653591 22.503900
0.654144 22.510100
0.654696 22.517900
0.655249 22.519100
0.655801 22.526000
0.656354 22.557000
0.656906 22.614000
0.657459 22.672900
0.658011 22.713900
0.658564 22.741100
0.659116 22.745100
0.659669 22.773000
0.660221 22.822900
0.660773 22.836900
0.661326 22.843100
0.661878 22.848100
0.662431 22.852900
0.662983 22.862900
0.663536 22.866000
0.664088 22.866000
0.664641 22.877000
0.665193 22.901100
0.665746 22.973100
0.666298 22.985000
0.666851 23.005000
0.667403 23.008100
0.667956 23.016900
0.668508 23.016900
0.669061 23.018100
0.669613 23.022200
0.670166 23.036000
0.670718 23.046000
0.671271 23.062000
0.671823 23.083200
0.672376 23.088900
0.672928 23.103000
0.673481 23.125200
0.674033 23.131100
0.674586 23.132100
0.675138 23.143100
0.675691 23.164000
0.676243 23.174000
0.676796 23.201000
0.677348 23.203800
0.677901 23.219100
0.678453 23.248900
0.679006 23.255100
0.679558 23.264900
0.680110 23.277000
0.680663 23.288000
0.681215 23.292100
0.681768 23.301800
0.682320 23.352100
0.682873 23.385000
0.683425 23.396000
0.683978 23.417000
0.684530 23.429900
0.685083 23.464000
0.685635 23.464200
0.686188 23.470200
0.686740 23.573200
0.687293 23.643000
0.687845 23.735000
0.688398 23.810900
0.688950 23.814000
0.689503 23.819000
0.690055 23.821100
0.690608 23.850900
0.691160 23.907900
0.691713 24.075000
0.692265 24.112900
0.692818 24.279800
0.693370 24.549000
0.693923 24.838000
0.694475 24.884000
0.695028 25.029900
0.695580 25.125000
0.696133 25.142000
0.696685 25.569900
0.697238 25.755900
0.697790 25.874100
0.698343 26.163100
0.698895 26.905100
0.699448 27.277000
0.700000 27.652000
0.700552 28.178000
0.701105 28.329800
0.701657 28.806900
0.702210 28.828900
0.702762 29.249000
0.703315 31.667000
0.703867 31.980000
0.704420 32.450000
0.704972 34.179900
0.705525 34.201900
0.706077 35.178200
0.706630 35.590200
0.707182 35.854100
0.707735 35.939000
0.708287 38.266900
0.708840 38.512900
0.709392 39.380100
0.709945 39.658100
0.710497 39.848100
0.711050 39.977100
0.711602 40.099900
0.712155 40.253900
0.712707 40.436000
0.713260 40.725000
0.713812 40.782900
0.714365 41.426900
0.714917 41.847000
0.715470 41.955000
0.716022 42.009100
0.716575 42.190100
0.717127 42.192900
0.717680 42.287100
0.718232 42.317200
0.718785 42.788000
0.719337 42.887900
0.719890 42.918900
0.720442 43.113000
0.720994 43.669000
0.721547 43.701900
0.722099 43.844000
0.722652 43.970800
0.723204 44.009000
0.723757 44.760900
0.724309 45.182900
0.724862 45.405900
0.725414 45.478100
0.725967 45.489100
0.726519 45.810900
0.727072 46.199100
0.727624 46.222000
0.728177 46.680900
0.728729 46.783000
0.729282 46.865900
0.729834 47.569000
0.730387 47.721900
0.730939 47.765000
0.731492 47.765000
0.732044 47.824100
0.732597 48.079000
0.733149 48.246100
0.733702 48.296900
0.734254 48.363000
0.734807 48.367000
0.735359 48.654100
0.735912 48.903000
0.736464 49.939900
0.737017 50.085100
0.737569 50.159900
0.738122 50.332100
0.738674 50.607000
0.739227 51.187000
0.739779 51.303900
0.740331 51.368000
0.740884 51.384000
0.741436 51.799100
0.741989 51.875100
0.742541 51.932100
0.743094 51.978100
0.743646 52.147900
0.744199 52.388000
0.744751 52.561000
0.745304 52.615900
0.745856 52.770900
0.746409 52.790900
0.746961 53.251000
0.747514 53.328000
0.748066 53.799200
0.748619 54.028000
0.749171 54.252900
0.749724 54.806900
0.750276 54.834800
0.750829 54.889900
0.751381 55.378000
0.751934 55.700100
0.752486 56.052900
0.753039 56.133000
0.753591 56.252000
0.754144 56.258000
0.754696 56.433000
0.755249 56.906900
0.755801 57.075000
0.756354 57.215000
0.756906 57.585000
0.757459 57.842000
0.758011 57.875200
0.758564 58.163900
0.759116 58.291200
0.759669 59.136900
0.760221 59.161900
0.760773 59.346900
0.761326 59.470200
0.761878 59.582900
0.762431 59.795900
0.762983 59.839000
0.763536 59.855000
0.764088 59.989000
0.764641 60.094100
0.765193 60.129900
0.765746 60.151800
0.766298 60.210200
0.766851 60.227200
0.767403 60.354000
0.767956 60.390000
0.768508 60.394000
0.769061 60.441000
0.769613 60.451000
0.770166 60.802900
0.770718 60.869900
0.771271 60.950000
0.771823 61.003000
0.772376 61.090900
0.772928 61.291000
0.773481 61.373900
0.774033 61.661000
0.774586 61.881100
0.775138 61.907800
0.775691 61.959000
0.776243 61.983100
0.776796 62.058000
0.777348 62.155000
0.777901 62.217000
0.778453 62.243000
0.779006 62.351900
0.779558 62.377000
0.780110 62.557900
0.780663 62.625200
0.781215 62.625900
0.781768 62.681200
0.782320 62.728900
0.782873 62.759900
0.783425 62.822100
0.783978 63.076000
0.784530 63.275100
0.785083 63.292000
0.785635 63.339000
0.786188 63.381200
0.786740 63.432000
0.787293 63.504000
0.787845 63.517800
0.788398 63.625100
0.788950 63.702100
0.789503 63.792900
0.790055 63.823000
0.790608 63.942000
0.791160 64.025900
0.791713 64.170800
0.792265 64.277900
0.792818 64.335800
0.793370 64.391100
0.793923 64.623800
0.794475 64.634100
0.795028 64.666000
0.795580 64.956900
0.796133 65.108100
0.796685 65.154100
0.797238 65.412000
0.797790 65.514100
0.798343 65.589000
0.798895 65.640900
0.799448 65.714100
0.800000 65.758900
0.800552 65.790200
0.801105 65.834000
0.801657 65.835000
0.802210 65.872900
0.802762 65.874100
0.803315 65.912000
0.803867 65.933900
0.804420 66.010000
0.804972 66.144000
0.805525 66.292000
0.806077 66.336900
0.806630 66.504000
0.807182 66.554100
0.807735 66.979900
0.808287 67.052800
0.808840 67.153000
0.809392 67.172100
0.809945 67.348000
0.810497 67.418100
0.811050 67.457000
0.811602 67.513900
0.812155 67.604800
0.812707 67.619100
0.813260 67.656000
0.813812 67.659900
0.814365 67.770000
0.814917 67.836000
0.815470 67.877100
0.816022 68.085200
0.816575 68.153100
0.817127 68.153900
0.817680 68.412100
0.818232 68.498800
0.818785 68.600900
0.819337 68.665000
0.819890 68.792100
0.820442 68.830000
0.820994 68.872000
0.821547 68.998800
0.822099 69.191900
0.822652 69.273900
0.823204 69.345000
0.823757 69.367900
0.824309 69.897900
0.824862 70.061900
0.825414 70.122000
0.825967 70.138000
0.826519 70.242900
0.827072 70.251900
0.827624 70.308900
0.828177 70.613900
0.828729 70.682000
0.829282 70.696100
0.829834 70.766000
0.830387 70.920900
0.830939 71.038000
0.831492 71.114100
0.832044 71.114100
0.832597 71.250200
0.833149 71.295000
0.833702 71.347000
0.834254 71.589000
0.834807 71.625900
0.835359 71.628100
0.835912 71.647900
0.836464 71.660000
0.837017 71.667000
0.837569 71.826900
0.838122 71.856000
0.838674 71.938000
0.839227 72.272100
0.839779 72.419200
0.840331 72.428000
0.840884 72.706000
0.841436 72.833800
0.841989 73.195900
0.842541 73.212900
0.843094 73.244100
0.843646 73.264800
0.844199 73.293900
0.844751 73.361200
0.845304 73.409100
0.845856 73.535000
0.846409 73.629100
0.846961 73.657000
0.847514 73.663000
0.848066 73.665100
0.848619 73.746000
0.849171 73.747200
0.849724 73.804900
0.850276 73.872100
0.850829 73.984100
0.851381 74.033000
0.851934 74.036100
0.852486 74.128900
0.853039 74.132000
0.853591 74.132900
0.854144 74.214900
0.854696 74.392100
0.855249 74.726800
0.855801 74.749200
0.856354 74.827000
0.856906 75.202000
0.857459 75.205800
0.858011 75.234900
0.858564 75.352200
0.859116 75.393900
0.859669 75.532000
0.860221 75.570100
0.860773 75.576100
0.861326 75.701000
0.861878 75.933900
0.862431 75.953000
0.862983 76.081000
0.863536 76.084100
0.864088 76.100100
0.864641 76.118900
0.865193 76.145900
0.865746 76.284900
0.866298 76.347100
0.866851 76.360000
0.867403 76.505900
0.867956 76.592900
0.868508 76.617000
0.869061 76.617000
0.869613 76.756000
0.870166 76.903100
0.870718 76.957900
0.871271 77.144900
0.871823 77.504900
0.872376 77.754000
0.872928 77.981000
0.873481 78.044900
0.874033 78.045100
0.874586 78.780200
0.875138 78.838100
0.875691 79.156200
0.876243 79.312800
0.876796 79.410100
0.877348 79.601000
0.877901 80.081900
0.878453 80.090000
0.879006 80.214000
0.879558 80.275800
0.880110 80.412100
0.880663 80.620800
0.881215 80.714000
0.881768 80.957200
0.882320 81.151000
0.882873 81.201100
0.883425 81.240900
0.883978 81.378000
0.884530 81.790000
0.885083 82.414200
0.885635 82.462100
0.886188 82.595800
0.886740 82.613900
0.887293 82.661900
0.887845 83.695900
0.888398 84.051100
0.888950 84.065000
0.889503 84.621000
0.890055 85.410100
0.890608 85.663100
0.891160 85.908200
0.891713 86.037200
0.892265 86.665900
0.892818 86.683000
0.893370 86.811100
0.893923 86.816100
0.894475 86.914100
0.895028 86.972000
0.895580 87.009000
0.896133 87.230900
0.896685 87.793100
0.897238 88.451100
0.897790 88.729100
0.898343 88.792100
0.898895 88.922000
0.899448 89.041000
0.900000 89.041000
0.900552 89.093000
0.901105 89.473000
0.901657 89.595100
0.902210 89.615100
0.902762 90.198000
0.903315 90.296000
0.903867 90.489900
0.904420 90.494200
0.904972 90.768100
0.905525 91.146900
0.906077 91.199200
0.906630 91.372000
0.907182 91.444000
0.907735 91.555100
0.908287 91.642900
0.908840 91.841900
0.909392 92.177900
0.909945 92.318100
0.910497 92.336200
0.911050 92.526900
0.911602 92.577000
0.912155 92.731000
0.912707 92.761000
0.913260 92.784900
0.913812 92.979900
0.914365 93.021200
0.914917 93.067900
0.915470 93.272900
0.916022 93.279100
0.916575 93.477000
0.917127 93.550000
0.917680 93.902100
0.918232 94.685100
0.918785 94.730100
0.919337 94.769000
0.919890 94.888900
0.920442 95.002900
0.920994 95.114900
0.921547 95.151200
0.922099 95.713900
0.922652 96.021900
0.923204 97.713000
0.923757 98.387000
0.924309 98.853100
0.924862 98.859100
0.925414 98.871900
0.925967 98.919900
0.926519 99.109900
0.927072 99.647000
0.927624 99.648000
0.928177 99.662100
0.928729 99.870000
0.929282 99.872100
0.929834 99.941000
0.930387 100.021000
0.930939 100.165000
0.931492 100.198000
0.932044 100.333000
0.932597 100.379000
0.933149 100.481000
0.933702 100.830000
0.934254 101.023000
0.934807 101.125000
0.935359 101.214000
0.935912 101.461000
0.936464 101.883000
0.937017 102.022000
0.937569 102.036000
0.938122 102.131000
0.938674 102.795000
0.939227 102.972000
0.939779 102.984000
0.940331 103.162000
0.940884 103.271000
0.941436 103.299000
0.941989 103.486000
0.942541 103.562000
0.943094 103.739000
0.943646 103.773000
0.944199 103.776000
0.944751 103.795000
0.945304 104.200000
0.945856 104.397000
0.946409 105.339000
0.946961 105.347000
0.947514 106.090000
0.948066 106.272000
0.948619 106.359000
0.949171 106.375000
0.949724 106.738000
0.950276 106.775000
0.950829 106.788000
0.951381 106.894000
0.951934 106.997000
0.952486 106.997000
0.953039 107.045000
0.953591 107.259000
0.954144 107.336000
0.954696 107.369000
0.955249 107.451000
0.955801 107.653000
0.956354 107.747000
0.956906 107.786000
0.957459 107.805000
0.958011 108.402000
0.958564 108.410000
0.959116 108.536000
0.959669 108.961000
0.960221 109.163000
0.960773 109.573000
0.961326 109.583000
0.961878 109.925000
0.962431 110.196000
0.962983 110.266000
0.963536 110.378000
0.964088 110.414000
0.964641 110.532000
0.965193 110.669000
0.965746 110.682000
0.966298 110.696000
0.966851 110.856000
0.967403 111.010000
0.967956 111.115000
0.968508 111.481000
0.969061 111.824000
0.969613 112.151000
0.970166 112.158000
0.970718 112.230000
0.971271 112.384000
0.971823 112.475000
0.972376 112.488000
0.972928 112.515000
0.973481 113.015000
0.974033 113.051000
0.974586 113.623000
0.975138 113.993000
0.975691 114.023000
0.976243 114.033000
0.976796 114.727000
0.977348 114.813000
0.977901 114.838000
0.978453 115.615000
0.979006 115.675000
0.979558 116.816000
0.980110 116.898000
0.980663 116.927000
0.981215 116.970000
0.981768 117.096000
0.982320 117.182000
0.982873 117.613000
0.983425 118.161000
0.983978 118.632000
0.984530 119.153000
0.985083 119.261000
0.985635 119.844000
0.986188 119.921000
0.986740 120.032000
0.987293 120.934000
0.987845 121.083000
0.988398 121.340000
0.988950 121.435000
0.989503 121.468000
0.990055 121.599000
0.990608 122.027000
0.991160 122.482000
0.991713 122.592000
0.992265 123.429000
0.992818 124.178000
0.993370 124.394000
0.993923 125.300000
0.994475 125.789000
0.995028 126.654000
0.995580 128.182000
0.996133 128.270000
0.996685 128.287000
0.997238 128.636000
0.997790 131.909000
0.998343 134.314000
0.998895 135.397000
0.999448 139.134000
1.000000 157.321000
