0.000552 88.091100
0.001105 89.251000
0.001657 89.654000
0.002210 89.930100
0.002762 90.018000
0.003315 90.153900
0.003867 90.222100
0.004420 90.291000
0.004972 90.401900
0.005525 90.699900
0.006077 90.745900
0.006630 90.947200
0.007182 90.970000
0.007735 91.003900
0.008287 91.216100
0.008840 91.275000
0.009392 91.303100
0.009945 91.313800
0.010497 91.400100
0.011050 91.440000
0.011602 91.459000
0.012155 91.490000
0.012707 91.500000
0.013260 91.561100
0.013812 91.574000
0.014365 91.661900
0.014917 91.718000
0.015470 91.746100
0.016022 91.769000
0.016575 91.779000
0.017127 91.805000
0.017680 91.827200
0.018232 91.836200
0.018785 91.851000
0.019337 91.859100
0.019890 91.909200
0.020442 91.931100
0.020994 91.934900
0.021547 91.990900
0.022099 92.026200
0.022652 92.036000
0.023204 92.042900
0.023757 92.097000
0.024309 92.150000
0.024862 92.207900
0.025414 92.218900
0.025967 92.232900
0.026519 92.248900
0.027072 92.258000
0.027624 92.276100
0.028177 92.313100
0.028729 92.348100
0.029282 92.352200
0.029834 92.376900
0.030387 92.382200
0.030939 92.397900
0.031492 92.402000
0.032044 92.426100
0.032597 92.480900
0.033149 92.546000
0.033702 92.551000
0.034254 92.609900
0.034807 92.629900
0.035359 92.659000
0.035912 92.715000
0.036464 92.718100
0.037017 92.746000
0.037569 92.774900
0.038122 92.786100
0.038674 92.800100
0.039227 92.850000
0.039779 92.873100
0.040331 92.880000
0.040884 92.883100
0.041436 92.885000
0.041989 92.887900
0.042541 92.909100
0.043094 92.937900
0.043646 92.961100
0.044199 92.995900
0.044751 93.009900
0.045304 93.056200
0.045856 93.061900
0.046409 93.071900
0.046961 93.092000
0.047514 93.092000
0.048066 93.095100
0.048619 93.097900
0.049171 93.142000
0.049724 93.169000
0.050276 93.171100
0.050829 93.184900
0.051381 93.202100
0.051934 93.262900
0.052486 93.272200
0.053039 93.313000
0.053591 93.322000
0.054144 93.339900
0.054696 93.340900
0.055249 93.356100
0.055801 93.376200
0.056354 93.378100
0.056906 93.384000
0.057459 93.414100
0.058011 93.427900
0.058564 93.457900
0.059116 93.468000
0.059669 93.532100
0.060221 93.570000
0.060773 93.581200
0.061326 93.631000
0.061878 93.658000
0.062431 93.689900
0.062983 93.735900
0.063536 93.765000
0.064088 93.772900
0.064641 93.786000
0.065193 93.792900
0.065746 93.799100
0.066298 93.849900
0.066851 93.858000
0.067403 93.883000
0.067956 93.884900
0.068508 93.902800
0.069061 93.945000
0.069613 93.949100
0.070166 93.950000
0.070718 93.982000
0.071271 94.002000
0.071823 94.016100
0.072376 94.019200
0.072928 94.070900
0.073481 94.098100
0.074033 94.178200
0.074586 94.186100
0.075138 94.265000
0.075691 94.277100
0.076243 94.284100
0.076796 94.286000
0.077348 94.320100
0.077901 94.342000
0.078453 94.349100
0.079006 94.386800
0.079558 94.402100
0.080110 94.412100
0.080663 94.432100
0.081215 94.452100
0.081768 94.457900
0.082320 94.492000
0.082873 94.510100
0.083425 94.538200
0.083978 94.552000
0.084530 94.559900
0.085083 94.562100
0.085635 94.595000
0.086188 94.600900
0.086740 94.634100
0.087293 94.636000
0.087845 94.651000
0.088398 94.680100
0.088950 94.682000
0.089503 94.735900
0.090055 94.739000
0.090608 94.758000
0.091160 94.765900
0.091713 94.772100
0.092265 94.782800
0.092818 94.788800
0.093370 94.790000
0.093923 94.800000
0.094475 94.800200
0.095028 94.810000
0.095580 94.811900
0.096133 94.836000
0.096685 94.841000
0.097238 94.869100
0.097790 94.873000
0.098343 94.903000
0.098895 94.903900
0.099448 94.929900
0.100000 94.934000
0.100552 94.968100
0.101105 94.970900
0.101657 94.974000
0.102210 94.991900
0.102762 95.031000
0.103315 95.037900
0.103867 95.073900
0.104420 95.076100
0.104972 95.099900
0.105525 95.110900
0.106077 95.127100
0.106630 95.164100
0.107182 95.172200
0.107735 95.195100
0.108287 95.258000
0.108840 95.291100
0.109392 95.348800
0.109945 95.361900
0.110497 95.373900
0.111050 95.379100
0.111602 95.392900
0.112155 95.413900
0.112707 95.443000
0.113260 95.452100
0.113812 95.459000
0.114365 95.460200
0.114917 95.460900
0.115470 95.479000
0.116022 95.490000
0.116575 95.491900
0.117127 95.504000
0.117680 95.525000
0.118232 95.552000
0.118785 95.554800
0.119337 95.560100
0.119890 95.588900
0.120442 95.600800
0.120994 95.613000
0.121547 95.624900
0.122099 95.654000
0.122652 95.654000
0.123204 95.730100
0.123757 95.730800
0.124309 95.752000
0.124862 95.796100
0.125414 95.812800
0.125967 95.871900
0.126519 95.903900
0.127072 95.933000
0.127624 95.958000
0.128177 95.960100
0.128729 95.969000
0.129282 96.005200
0.129834 96.056900
0.130387 96.161800
0.130939 96.164900
0.131492 96.187100
0.132044 96.193100
0.132597 96.227900
0.133149 96.236900
0.133702 96.262900
0.134254 96.274900
0.134807 96.299900
0.135359 96.350900
0.135912 96.353100
0.136464 96.417000
0.137017 96.419800
0.137569 96.432000
0.138122 96.478200
0.138674 96.508000
0.139227 96.545900
0.139779 96.553800
0.140331 96.580000
0.140884 96.586000
0.141436 96.598100
0.141989 96.622900
0.142541 96.655100
0.143094 96.655100
0.143646 96.668000
0.144199 96.672100
0.144751 96.775100
0.145304 96.795800
0.145856 96.858000
0.146409 96.884000
0.146961 96.890900
0.147514 96.899000
0.148066 96.988000
0.148619 97.046900
0.149171 97.062800
0.149724 97.069000
0.150276 97.080000
0.150829 97.139800
0.151381 97.235000
0.151934 97.239000
0.152486 97.243100
0.153039 97.260000
0.153591 97.305100
0.154144 97.319800
0.154696 97.369200
0.155249 97.397100
0.155801 97.420000
0.156354 97.446900
0.156906 97.470000
0.157459 97.474100
0.158011 97.562100
0.158564 97.576100
0.159116 97.576900
0.159669 97.581900
0.160221 97.651000
0.160773 97.667900
0.161326 97.761900
0.161878 97.785900
0.162431 97.873000
0.162983 97.960900
0.163536 97.984100
0.164088 98.205100
0.164641 98.307100
0.165193 98.313100
0.165746 98.356000
0.166298 98.356000
0.166851 98.401100
0.167403 98.516000
0.167956 98.655000
0.168508 98.684100
0.169061 98.996200
0.169613 99.053900
0.170166 99.088900
0.170718 99.092000
0.171271 99.111100
0.171823 99.144000
0.172376 99.160000
0.172928 99.178100
0.173481 99.211000
0.174033 99.243900
0.174586 99.334000
0.175138 99.374100
0.175691 99.408900
0.176243 100.080000
0.176796 100.128000
0.177348 100.358000
0.177901 100.386000
0.178453 100.422000
0.179006 100.522000
0.179558 100.716000
0.180110 100.976000
0.180663 101.209000
0.181215 101.411000
0.181768 101.493000
0.182320 101.518000
0.182873 101.567000
0.183425 101.611000
0.183978 101.622000
0.184530 101.771000
0.185083 101.776000
0.185635 101.815000
0.186188 101.949000
0.186740 102.220000
0.187293 102.319000
0.187845 102.372000
0.188398 102.526000
0.188950 102.533000
0.189503 102.563000
0.190055 102.902000
0.190608 102.925000
0.191160 103.059000
0.191713 103.124000
0.192265 103.383000
0.192818 103.577000
0.193370 103.589000
0.193923 103.663000
0.194475 103.789000
0.195028 103.859000
0.195580 103.981000
0.196133 104.166000
0.196685 104.210000
0.197238 104.245000
0.197790 104.291000
0.198343 104.412000
0.198895 104.460000
0.199448 104.688000
0.200000 104.794000
0.200552 104.946000
0.201105 105.224000
0.201657 105.322000
0.202210 105.352000
0.202762 105.436000
0.203315 105.857000
0.203867 105.861000
0.204420 105.957000
0.204972 105.979000
0.205525 105.985000
0.206077 106.107000
0.206630 106.120000
0.207182 106.278000
0.207735 106.381000
0.208287 106.395000
0.208840 106.512000
0.209392 106.527000
0.209945 106.581000
0.210497 107.167000
0.211050 107.204000
0.211602 107.296000
0.212155 107.602000
0.212707 107.644000
0.213260 107.671000
0.213812 107.723000
0.214365 108.067000
0.214917 108.099000
0.215470 108.146000
0.216022 108.353000
0.216575 108.448000
0.217127 108.772000
0.217680 108.788000
0.218232 108.820000
0.218785 108.916000
0.219337 108.959000
0.219890 109.063000
0.220442 109.121000
0.220994 109.237000
0.221547 109.238000
0.222099 109.262000
0.222652 109.266000
0.223204 109.270000
0.223757 109.352000
0.224309 109.485000
0.224862 109.502000
0.225414 109.517000
0.225967 109.518000
0.226519 109.523000
0.227072 109.555000
0.227624 109.557000
0.228177 109.617000
0.228729 109.666000
0.229282 109.779000
0.229834 109.830000
0.230387 109.905000
0.230939 109.915000
0.231492 110.055000
0.232044 110.194000
0.232597 110.221000
0.233149 110.297000
0.233702 110.362000
0.234254 110.543000
0.234807 110.545000
0.235359 110.550000
0.235912 110.577000
0.236464 110.584000
0.237017 110.698000
0.237569 110.710000
0.238122 110.720000
0.238674 110.800000
0.239227 110.812000
0.239779 110.816000
0.240331 110.840000
0.240884 110.847000
0.241436 110.912000
0.241989 110.938000
0.242541 111.036000
0.243094 111.044000
0.243646 111.080000
0.244199 111.093000
0.244751 111.106000
0.245304 111.130000
0.245856 111.183000
0.246409 111.185000
0.246961 111.191000
0.247514 111.208000
0.248066 111.282000
0.248619 111.446000
0.249171 111.472000
0.249724 111.553000
0.250276 111.597000
0.250829 111.618000
0.251381 111.620000
0.251934 111.659000
0.252486 111.661000
0.253039 111.698000
0.253591 111.725000
0.254144 111.800000
0.254696 111.867000
0.255249 111.881000
0.255801 111.963000
0.256354 111.976000
0.256906 111.993000
0.257459 112.012000
0.258011 112.042000
0.258564 112.138000
0.259116 112.219000
0.259669 112.227000
0.260221 112.228000
0.260773 112.256000
0.261326 112.265000
0.261878 112.301000
0.262431 112.373000
0.262983 112.406000
0.263536 112.439000
0.264088 112.456000
0.264641 112.456000
0.265193 112.573000
0.265746 112.575000
0.266298 112.591000
0.266851 112.648000
0.267403 112.651000
0.267956 112.655000
0.268508 112.742000
0.269061 112.747000
0.269613 112.778000
0.270166 112.845000
0.270718 112.860000
0.271271 112.863000
0.271823 112.908000
0.272376 112.923000
0.272928 112.929000
0.273481 112.976000
0.274033 113.018000
0.274586 113.025000
0.275138 113.040000
0.275691 113.075000
0.276243 113.094000
0.276796 113.107000
0.277348 113.149000
0.277901 113.181000
0.278453 113.182000
0.279006 113.219000
0.279558 113.243000
0.280110 113.271000
0.280663 113.289000
0.281215 113.334000
0.281768 113.347000
0.282320 113.373000
0.282873 113.440000
0.283425 113.453000
0.283978 113.591000
0.284530 113.605000
0.285083 113.645000
0.285635 113.680000
0.286188 113.727000
0.286740 113.730000
0.287293 113.768000
0.287845 113.791000
0.288398 113.826000
0.288950 113.843000
0.289503 113.908000
0.290055 113.913000
0.290608 113.945000
0.291160 113.985000
0.291713 113.987000
0.292265 113.988000
0.292818 114.020000
0.293370 114.105000
0.293923 114.105000
0.294475 114.108000
0.295028 114.127000
0.295580 114.144000
0.296133 114.167000
0.296685 114.187000
0.297238 114.190000
0.297790 114.192000
0.298343 114.201000
0.298895 114.202000
0.299448 114.215000
0.300000 114.216000
0.300552 114.257000
0.301105 114.273000
0.301657 114.303000
0.302210 114.314000
0.302762 114.329000
0.303315 114.340000
0.303867 114.343000
0.304420 114.358000
0.304972 114.417000
0.305525 114.462000
0.306077 114.464000
0.306630 114.497000
0.307182 114.511000
0.307735 114.570000
0.308287 114.668000
0.308840 114.709000
0.309392 114.711000
0.309945 114.747000
0.310497 114.748000
0.311050 114.769000
0.311602 114.791000
0.312155 114.794000
0.312707 114.800000
0.313260 114.831000
0.313812 114.855000
0.314365 114.879000
0.314917 114.898000
0.315470 114.934000
0.316022 114.937000
0.316575 114.954000
0.317127 114.957000
0.317680 114.967000
0.318232 114.987000
0.318785 115.003000
0.319337 115.054000
0.319890 115.147000
0.320442 115.158000
0.320994 115.192000
0.321547 115.196000
0.322099 115.206000
0.322652 115.246000
0.323204 115.256000
0.323757 115.262000
0.324309 115.308000
0.324862 115.313000
0.325414 115.344000
0.325967 115.345000
0.326519 115.348000
0.327072 115.425000
0.327624 115.509000
0.328177 115.512000
0.328729 115.520000
0.329282 115.562000
0.329834 115.580000
0.330387 115.606000
0.330939 115.612000
0.331492 115.633000
0.332044 115.633000
0.332597 115.655000
0.333149 115.671000
0.333702 115.701000
0.334254 115.740000
0.334807 115.740000
0.335359 115.800000
0.335912 115.811000
0.336464 115.826000
0.337017 115.831000
0.337569 115.856000
0.338122 115.861000
0.338674 115.868000
0.339227 115.877000
0.339779 115.909000
0.340331 115.917000
0.340884 115.933000
0.341436 115.973000
0.341989 115.975000
0.342541 116.006000
0.343094 116.016000
0.343646 116.046000
0.344199 116.054000
0.344751 116.065000
0.345304 116.067000
0.345856 116.101000
0.346409 116.140000
0.346961 116.151000
0.347514 116.172000
0.348066 116.180000
0.348619 116.186000
0.349171 116.188000
0.349724 116.194000
0.350276 116.202000
0.350829 116.230000
0.351381 116.245000
0.351934 116.276000
0.352486 116.290000
0.353039 116.291000
0.353591 116.331000
0.354144 116.335000
0.354696 116.369000
0.355249 116.370000
0.355801 116.381000
0.356354 116.393000
0.356906 116.410000
0.357459 116.437000
0.358011 116.439000
0.358564 116.443000
0.359116 116.444000
0.359669 116.513000
0.360221 116.550000
0.360773 116.553000
0.361326 116.563000
0.361878 116.571000
0.362431 116.599000
0.362983 116.610000
0.363536 116.619000
0.364088 116.621000
0.364641 116.630000
0.365193 116.631000
0.365746 116.636000
0.366298 116.639000
0.366851 116.658000
0.367403 116.679000
0.367956 116.684000
0.368508 116.692000
0.369061 116.724000
0.369613 116.728000
0.370166 116.737000
0.370718 116.744000
0.371271 116.767000
0.371823 116.783000
0.372376 116.785000
0.372928 116.791000
0.373481 116.796000
0.374033 116.800000
0.374586 116.812000
0.375138 116.820000
0.375691 116.828000
0.376243 116.834000
0.376796 116.845000
0.377348 116.860000
0.377901 116.909000
0.378453 116.930000
0.379006 116.937000
0.379558 116.942000
0.380110 116.963000
0.380663 116.974000
0.381215 117.027000
0.381768 117.040000
0.382320 117.050000
0.382873 117.065000
0.383425 117.113000
0.383978 117.128000
0.384530 117.180000
0.385083 117.193000
0.385635 117.208000
0.386188 117.226000
0.386740 117.229000
0.387293 117.239000
0.387845 117.278000
0.388398 117.283000
0.388950 117.285000
0.389503 117.311000
0.390055 117.328000
0.390608 117.328000
0.391160 117.329000
0.391713 117.334000
0.392265 117.335000
0.392818 117.387000
0.393370 117.393000
0.393923 117.401000
0.394475 117.427000
0.395028 117.430000
0.395580 117.438000
0.396133 117.443000
0.396685 117.452000
0.397238 117.462000
0.397790 117.482000
0.398343 117.504000
0.398895 117.505000
0.399448 117.527000
0.400000 117.547000
0.400552 117.557000
0.401105 117.566000
0.401657 117.630000
0.402210 117.651000
0.402762 117.663000
0.403315 117.690000
0.403867 117.736000
0.404420 117.740000
0.404972 117.750000
0.405525 117.769000
0.406077 117.784000
0.406630 117.808000
0.407182 117.821000
0.407735 117.856000
0.408287 117.861000
0.408840 117.897000
0.409392 117.920000
0.409945 117.929000
0.410497 117.965000
0.411050 117.973000
0.411602 117.977000
0.412155 118.043000
0.412707 118.079000
0.413260 118.101000
0.413812 118.147000
0.414365 118.148000
0.414917 118.151000
0.415470 118.184000
0.416022 118.203000
0.416575 118.208000
0.417127 118.261000
0.417680 118.272000
0.418232 118.280000
0.418785 118.289000
0.419337 118.298000
0.419890 118.300000
0.420442 118.308000
0.420994 118.317000
0.421547 118.319000
0.422099 118.344000
0.422652 118.348000
0.423204 118.365000
0.423757 118.371000
0.424309 118.373000
0.424862 118.384000
0.425414 118.390000
0.425967 118.396000
0.426519 118.398000
0.427072 118.408000
0.427624 118.424000
0.428177 118.425000
0.428729 118.468000
0.429282 118.476000
0.429834 118.492000
0.430387 118.521000
0.430939 118.526000
0.431492 118.542000
0.432044 118.550000
0.432597 118.559000
0.433149 118.592000
0.433702 118.595000
0.434254 118.603000
0.434807 118.619000
0.435359 118.638000
0.435912 118.640000
0.436464 118.649000
0.437017 118.650000
0.437569 118.652000
0.438122 118.653000
0.438674 118.656000
0.439227 118.677000
0.439779 118.700000
0.440331 118.706000
0.440884 118.707000
0.441436 118.724000
0.441989 118.727000
0.442541 118.766000
0.443094 118.774000
0.443646 118.775000
0.444199 118.780000
0.444751 118.784000
0.445304 118.784000
0.445856 118.803000
0.446409 118.815000
0.446961 118.835000
0.447514 118.840000
0.448066 118.872000
0.448619 118.886000
0.449171 118.887000
0.449724 118.890000
0.450276 118.902000
0.450829 118.920000
0.451381 118.925000
0.451934 118.931000
0.452486 118.933000
0.453039 118.950000
0.453591 118.984000
0.454144 118.990000
0.454696 119.007000
0.455249 119.013000
0.455801 119.031000
0.456354 119.036000
0.456906 119.043000
0.457459 119.085000
0.458011 119.089000
0.458564 119.111000
0.459116 119.112000
0.459669 119.146000
0.460221 119.151000
0.460773 119.163000
0.461326 119.177000
0.461878 119.178000
0.462431 119.190000
0.462983 119.198000
0.463536 119.214000
0.464088 119.225000
0.464641 119.240000
0.465193 119.240000
0.465746 119.288000
0.466298 119.295000
0.466851 119.307000
0.467403 119.339000
0.467956 119.344000
0.468508 119.350000
0.469061 119.375000
0.469613 119.381000
0.470166 119.386000
0.470718 119.416000
0.471271 119.433000
0.471823 119.455000
0.472376 119.463000
0.472928 119.466000
0.473481 119.470000
0.474033 119.477000
0.474586 119.480000
0.475138 119.485000
0.475691 119.491000
0.476243 119.530000
0.476796 119.554000
0.477348 119.559000
0.477901 119.598000
0.478453 119.610000
0.479006 119.620000
0.479558 119.623000
0.480110 119.643000
0.480663 119.647000
0.481215 119.651000
0.481768 119.672000
0.482320 119.697000
0.482873 119.706000
0.483425 119.707000
0.483978 119.707000
0.484530 119.711000
0.485083 119.742000
0.485635 119.756000
0.486188 119.758000
0.486740 119.758000
0.487293 119.760000
0.487845 119.761000
0.488398 119.770000
0.488950 119.815000
0.489503 119.836000
0.490055 119.838000
0.490608 119.838000
0.491160 119.842000
0.491713 119.844000
0.492265 119.863000
0.492818 119.878000
0.493370 119.884000
0.493923 119.904000
0.494475 119.936000
0.495028 119.976000
0.495580 119.979000
0.496133 119.994000
0.496685 120.013000
0.497238 120.076000
0.497790 120.097000
0.498343 120.107000
0.498895 120.110000
0.499448 120.111000
0.500000 120.115000
0.500552 120.122000
0.501105 120.130000
0.501657 120.171000
0.502210 120.181000
0.502762 120.194000
0.503315 120.204000
0.503867 120.211000
0.504420 120.225000
0.504972 120.253000
0.505525 120.253000
0.506077 120.260000
0.506630 120.278000
0.507182 120.307000
0.507735 120.357000
0.508287 120.361000
0.508840 120.381000
0.509392 120.399000
0.509945 120.401000
0.510497 120.412000
0.511050 120.422000
0.511602 120.423000
0.512155 120.426000
0.512707 120.437000
0.513260 120.475000
0.513812 120.496000
0.514365 120.523000
0.514917 120.531000
0.515470 120.533000
0.516022 120.551000
0.516575 120.581000
0.517127 120.605000
0.517680 120.630000
0.518232 120.646000
0.518785 120.650000
0.519337 120.666000
0.519890 120.670000
0.520442 120.703000
0.520994 120.703000
0.521547 120.725000
0.522099 120.731000
0.522652 120.753000
0.523204 120.756000
0.523757 120.761000
0.524309 120.767000
0.524862 120.783000
0.525414 120.784000
0.525967 120.788000
0.526519 120.795000
0.527072 120.810000
0.527624 120.810000
0.528177 120.811000
0.528729 120.817000
0.529282 120.867000
0.529834 120.878000
0.530387 120.888000
0.530939 120.945000
0.531492 120.947000
0.532044 120.955000
0.532597 120.966000
0.533149 120.978000
0.533702 120.999000
0.534254 121.002000
0.534807 121.006000
0.535359 121.013000
0.535912 121.020000
0.536464 121.025000
0.537017 121.030000
0.537569 121.033000
0.538122 121.061000
0.538674 121.091000
0.539227 121.104000
0.539779 121.114000
0.540331 121.138000
0.540884 121.146000
0.541436 121.161000
0.541989 121.165000
0.542541 121.176000
0.543094 121.179000
0.543646 121.204000
0.544199 121.209000
0.544751 121.214000
0.545304 121.221000
0.545856 121.242000
0.546409 121.246000
0.546961 121.253000
0.547514 121.254000
0.548066 121.281000
0.548619 121.286000
0.549171 121.297000
0.549724 121.303000
0.550276 121.326000
0.550829 121.327000
0.551381 121.333000
0.551934 121.334000
0.552486 121.351000
0.553039 121.369000
0.553591 121.374000
0.554144 121.387000
0.554696 121.390000
0.555249 121.410000
0.555801 121.414000
0.556354 121.415000
0.556906 121.423000
0.557459 121.429000
0.558011 121.440000
0.558564 121.444000
0.559116 121.456000
0.559669 121.466000
0.560221 121.469000
0.560773 121.478000
0.561326 121.493000
0.561878 121.508000
0.562431 121.513000
0.562983 121.516000
0.563536 121.574000
0.564088 121.577000
0.564641 121.578000
0.565193 121.585000
0.565746 121.585000
0.566298 121.593000
0.566851 121.596000
0.567403 121.611000
0.567956 121.623000
0.568508 121.624000
0.569061 121.628000
0.569613 121.634000
0.570166 121.635000
0.570718 121.636000
0.571271 121.672000
0.571823 121.680000
0.572376 121.700000
0.572928 121.718000
0.573481 121.760000
0.574033 121.813000
0.574586 121.821000
0.575138 121.824000
0.575691 121.824000
0.576243 121.830000
0.576796 121.841000
0.577348 121.847000
0.577901 121.854000
0.578453 121.859000
0.579006 121.867000
0.579558 121.878000
0.580110 121.903000
0.580663 121.903000
0.581215 121.957000
0.581768 122.021000
0.582320 122.025000
0.582873 122.037000
0.583425 122.048000
0.583978 122.053000
0.584530 122.087000
0.585083 122.104000
0.585635 122.116000
0.586188 122.119000
0.586740 122.131000
0.587293 122.135000
0.587845 122.153000
0.588398 122.162000
0.588950 122.163000
0.589503 122.174000
0.590055 122.178000
0.590608 122.194000
0.591160 122.200000
0.591713 122.213000
0.592265 122.250000
0.592818 122.283000
0.593370 122.297000
0.593923 122.303000
0.594475 122.311000
0.595028 122.320000
0.595580 122.323000
0.596133 122.349000
0.596685 122.354000
0.597238 122.356000
0.597790 122.397000
0.598343 122.409000
0.598895 122.412000
0.599448 122.418000
0.600000 122.434000
0.600552 122.448000
0.601105 122.460000
0.601657 122.465000
0.602210 122.501000
0.602762 122.532000
0.603315 122.548000
0.603867 122.600000
0.604420 122.623000
0.604972 122.649000
0.605525 122.676000
0.606077 122.680000
0.606630 122.705000
0.607182 122.707000
0.607735 122.708000
0.608287 122.725000
0.608840 122.726000
0.609392 122.731000
0.609945 122.735000
0.610497 122.760000
0.611050 122.771000
0.611602 122.801000
0.612155 122.813000
0.612707 122.819000
0.613260 122.830000
0.613812 122.857000
0.614365 122.861000
0.614917 122.868000
0.615470 122.869000
0.616022 122.870000
0.616575 122.874000
0.617127 122.894000
0.617680 122.902000
0.618232 122.913000
0.618785 122.913000
0.619337 122.929000
0.619890 122.934000
0.620442 122.939000
0.620994 122.952000
0.621547 122.957000
0.622099 122.959000
0.622652 122.980000
0.623204 122.989000
0.623757 122.999000
0.624309 123.009000
0.624862 123.020000
0.625414 123.022000
0.625967 123.029000
0.626519 123.052000
0.627072 123.061000
0.627624 123.065000
0.628177 123.084000
0.628729 123.085000
0.629282 123.097000
0.629834 123.118000
0.630387 123.122000
0.630939 123.153000
0.631492 123.159000
0.632044 123.160000
0.632597 123.186000
0.633149 123.194000
0.633702 123.197000
0.634254 123.213000
0.634807 123.232000
0.635359 123.237000
0.635912 123.276000
0.636464 123.294000
0.637017 123.296000
0.637569 123.298000
0.638122 123.350000
0.638674 123.367000
0.639227 123.372000
0.639779 123.402000
0.640331 123.408000
0.640884 123.427000
0.641436 123.440000
0.641989 123.443000
0.642541 123.448000
0.643094 123.462000
0.643646 123.473000
0.644199 123.478000
0.644751 123.482000
0.645304 123.493000
0.645856 123.537000
0.646409 123.551000
0.646961 123.565000
0.647514 123.567000
0.648066 123.573000
0.648619 123.588000
0.649171 123.589000
0.649724 123.590000
0.650276 123.594000
0.650829 123.614000
0.651381 123.621000
0.651934 123.630000
0.652486 123.634000
0.653039 123.648000
0.653591 123.663000
0.654144 123.689000
0.654696 123.693000
0.655249 123.707000
0.655801 123.708000
0.656354 123.729000
0.656906 123.740000
0.657459 123.750000
0.658011 123.757000
0.658564 123.758000
0.659116 123.769000
0.659669 123.776000
0.660221 123.780000
0.660773 123.786000
0.661326 123.794000
0.661878 123.809000
0.662431 123.809000
0.662983 123.818000
0.663536 123.839000
0.664088 123.854000
0.664641 123.880000
0.665193 123.887000
0.665746 123.915000
0.666298 123.943000
0.666851 123.945000
0.667403 123.955000
0.667956 123.972000
0.668508 123.978000
0.669061 124.005000
0.669613 124.023000
0.670166 124.029000
0.670718 124.036000
0.671271 124.057000
0.671823 124.127000
0.672376 124.129000
0.672928 124.136000
0.673481 124.137000
0.674033 124.163000
0.674586 124.206000
0.675138 124.207000
0.675691 124.217000
0.676243 124.221000
0.676796 124.236000
0.677348 124.240000
0.677901 124.247000
0.678453 124.260000
0.679006 124.262000
0.679558 124.267000
0.680110 124.267000
0.680663 124.272000
0.681215 124.278000
0.681768 124.309000
0.682320 124.342000
0.682873 124.354000
0.683425 124.356000
0.683978 124.361000
0.684530 124.368000
0.685083 124.452000
0.685635 124.470000
0.686188 124.483000
0.686740 124.492000
0.687293 124.497000
0.687845 124.512000
0.688398 124.550000
0.688950 124.553000
0.689503 124.568000
0.690055 124.587000
0.690608 124.594000
0.691160 124.595000
0.691713 124.606000
0.692265 124.624000
0.692818 124.635000
0.693370 124.663000
0.693923 124.674000
0.694475 124.678000
0.695028 124.687000
0.695580 124.692000
0.696133 124.701000
0.696685 124.701000
0.697238 124.716000
0.697790 124.724000
0.698343 124.749000
0.698895 124.775000
0.699448 124.843000
0.700000 124.846000
0.700552 124.870000
0.701105 124.870000
0.701657 124.874000
0.702210 124.877000
0.702762 124.885000
0.703315 124.895000
0.703867 124.922000
0.704420 124.924000
0.704972 124.929000
0.705525 124.958000
0.706077 124.966000
0.706630 124.985000
0.707182 124.997000
0.707735 125.009000
0.708287 125.011000
0.708840 125.024000
0.709392 125.041000
0.709945 125.078000
0.710497 125.094000
0.711050 125.116000
0.711602 125.125000
0.712155 125.127000
0.712707 125.134000
0.713260 125.178000
0.713812 125.199000
0.714365 125.210000
0.714917 125.228000
0.715470 125.239000
0.716022 125.254000
0.716575 125.259000
0.717127 125.264000
0.717680 125.300000
0.718232 125.311000
0.718785 125.317000
0.719337 125.332000
0.719890 125.333000
0.720442 125.335000
0.720994 125.342000
0.721547 125.345000
0.722099 125.352000
0.722652 125.353000
0.723204 125.354000
0.723757 125.368000
0.724309 125.370000
0.724862 125.373000
0.725414 125.375000
0.725967 125.380000
0.726519 125.380000
0.727072 125.387000
0.727624 125.387000
0.728177 125.403000
0.728729 125.412000
0.729282 125.416000
0.729834 125.423000
0.730387 125.447000
0.730939 125.454000
0.731492 125.457000
0.732044 125.460000
0.732597 125.474000
0.733149 125.492000
0.733702 125.504000
0.734254 125.516000
0.734807 125.527000
0.735359 125.527000
0.735912 125.527000
0.736464 125.531000
0.737017 125.536000
0.737569 125.537000
0.738122 125.577000
0.738674 125.585000
0.739227 125.599000
0.739779 125.671000
0.740331 125.676000
0.740884 125.676000
0.741436 125.684000
0.741989 125.695000
0.742541 125.698000
0.743094 125.700000
0.743646 125.701000
0.744199 125.702000
0.744751 125.705000
0.745304 125.717000
0.745856 125.721000
0.746409 125.765000
0.746961 125.784000
0.747514 125.790000
0.748066 125.798000
0.748619 125.799000
0.749171 125.813000
0.749724 125.829000
0.750276 125.834000
0.750829 125.845000
0.751381 125.859000
0.751934 125.873000
0.752486 125.881000
0.753039 125.901000
0.753591 125.902000
0.754144 125.939000
0.754696 125.958000
0.755249 125.971000
0.755801 125.980000
0.756354 125.985000
0.756906 126.023000
0.757459 126.051000
0.758011 126.059000
0.758564 126.066000
0.759116 126.070000
0.759669 126.072000
0.760221 126.072000
0.760773 126.078000
0.761326 126.140000
0.761878 126.144000
0.762431 126.157000
0.762983 126.160000
0.763536 126.171000
0.764088 126.178000
0.764641 126.180000
0.765193 126.193000
0.765746 126.215000
0.766298 126.223000
0.766851 126.225000
0.767403 126.231000
0.767956 126.234000
0.768508 126.235000
0.769061 126.287000
0.769613 126.290000
0.770166 126.294000
0.770718 126.296000
0.771271 126.314000
0.771823 126.314000
0.772376 126.327000
0.772928 126.338000
0.773481 126.340000
0.774033 126.357000
0.774586 126.360000
0.775138 126.387000
0.775691 126.419000
0.776243 126.423000
0.776796 126.452000
0.777348 126.459000
0.777901 126.461000
0.778453 126.472000
0.779006 126.482000
0.779558 126.510000
0.780110 126.515000
0.780663 126.520000
0.781215 126.532000
0.781768 126.561000
0.782320 126.635000
0.782873 126.687000
0.783425 126.702000
0.783978 126.706000
0.784530 126.717000
0.785083 126.724000
0.785635 126.726000
0.786188 126.747000
0.786740 126.749000
0.787293 126.756000
0.787845 126.841000
0.788398 126.848000
0.788950 126.865000
0.789503 126.871000
0.790055 126.874000
0.790608 126.877000
0.791160 126.882000
0.791713 126.890000
0.792265 126.894000
0.792818 126.918000
0.793370 126.921000
0.793923 126.924000
0.794475 126.944000
0.795028 126.949000
0.795580 126.953000
0.796133 126.995000
0.796685 127.047000
0.797238 127.081000
0.797790 127.089000
0.798343 127.114000
0.798895 127.130000
0.799448 127.197000
0.800000 127.206000
0.800552 127.210000
0.801105 127.253000
0.801657 127.261000
0.802210 127.262000
0.802762 127.266000
0.803315 127.271000
0.803867 127.312000
0.804420 127.312000
0.804972 127.331000
0.805525 127.339000
0.806077 127.339000
0.806630 127.362000
0.807182 127.374000
0.807735 127.384000
0.808287 127.411000
0.808840 127.417000
0.809392 127.427000
0.809945 127.429000
0.810497 127.433000
0.811050 127.469000
0.811602 127.473000
0.812155 127.483000
0.812707 127.528000
0.813260 127.541000
0.813812 127.546000
0.814365 127.552000
0.814917 127.567000
0.815470 127.569000
0.816022 127.652000
0.816575 127.662000
0.817127 127.672000
0.817680 127.710000
0.818232 127.750000
0.818785 127.751000
0.819337 127.775000
0.819890 127.810000
0.820442 127.836000
0.820994 127.845000
0.821547 127.851000
0.822099 127.855000
0.822652 127.898000
0.823204 127.905000
0.823757 127.916000
0.824309 127.928000
0.824862 127.947000
0.825414 127.962000
0.825967 127.976000
0.826519 127.986000
0.827072 128.003000
0.827624 128.007000
0.828177 128.042000
0.828729 128.070000
0.829282 128.087000
0.829834 128.118000
0.830387 128.144000
0.830939 128.151000
0.831492 128.155000
0.832044 128.160000
0.832597 128.165000
0.833149 128.190000
0.833702 128.192000
0.834254 128.193000
0.834807 128.252000
0.835359 128.287000
0.835912 128.320000
0.836464 128.326000
0.837017 128.356000
0.837569 128.388000
0.838122 128.393000
0.838674 128.426000
0.839227 128.450000
0.839779 128.471000
0.840331 128.519000
0.840884 128.555000
0.841436 128.590000
0.841989 128.597000
0.842541 128.626000
0.843094 128.631000
0.843646 128.635000
0.844199 128.635000
0.844751 128.651000
0.845304 128.667000
0.845856 128.706000
0.846409 128.716000
0.846961 128.739000
0.847514 128.747000
0.848066 128.760000
0.848619 128.785000
0.849171 128.791000
0.849724 128.830000
0.850276 128.854000
0.850829 128.876000
0.851381 128.900000
0.851934 128.901000
0.852486 128.919000
0.853039 128.922000
0.853591 128.956000
0.854144 128.979000
0.854696 129.006000
0.855249 129.011000
0.855801 129.016000
0.856354 129.019000
0.856906 129.065000
0.857459 129.075000
0.858011 129.081000
0.858564 129.100000
0.859116 129.118000
0.859669 129.122000
0.860221 129.123000
0.860773 129.125000
0.861326 129.167000
0.861878 129.193000
0.862431 129.195000
0.862983 129.214000
0.863536 129.270000
0.864088 129.277000
0.864641 129.286000
0.865193 129.352000
0.865746 129.360000
0.866298 129.378000
0.866851 129.387000
0.867403 129.399000
0.867956 129.416000
0.868508 129.416000
0.869061 129.432000
0.869613 129.517000
0.870166 129.551000
0.870718 129.566000
0.871271 129.624000
0.871823 129.632000
0.872376 129.644000
0.872928 129.676000
0.873481 129.708000
0.874033 129.717000
0.874586 129.721000
0.875138 129.736000
0.875691 129.750000
0.876243 129.780000
0.876796 129.788000
0.877348 129.791000
0.877901 129.792000
0.878453 129.833000
0.879006 129.856000
0.879558 129.888000
0.880110 129.908000
0.880663 129.935000
0.881215 129.954000
0.881768 129.989000
0.882320 130.032000
0.882873 130.034000
0.883425 130.035000
0.883978 130.036000
0.884530 130.129000
0.885083 130.138000
0.885635 130.198000
0.886188 130.211000
0.886740 130.222000
0.887293 130.234000
0.887845 130.296000
0.888398 130.306000
0.888950 130.414000
0.889503 130.421000
0.890055 130.451000
0.890608 130.479000
0.891160 130.500000
0.891713 130.502000
0.892265 130.509000
0.892818 130.544000
0.893370 130.554000
0.893923 130.561000
0.894475 130.578000
0.895028 130.594000
0.895580 130.651000
0.896133 130.666000
0.896685 130.667000
0.897238 130.668000
0.897790 130.687000
0.898343 130.696000
0.898895 130.708000
0.899448 130.717000
0.900000 130.795000
0.900552 130.842000
0.901105 130.875000
0.901657 130.886000
0.902210 130.915000
0.902762 130.932000
0.903315 130.966000
0.903867 131.030000
0.904420 131.094000
0.904972 131.096000
0.905525 131.100000
0.906077 131.114000
0.906630 131.121000
0.907182 131.122000
0.907735 131.131000
0.908287 131.138000
0.908840 131.161000
0.909392 131.172000
0.909945 131.255000
0.910497 131.269000
0.911050 131.284000
0.911602 131.306000
0.912155 131.308000
0.912707 131.317000
0.913260 131.404000
0.913812 131.435000
0.914365 131.438000
0.914917 131.488000
0.915470 131.499000
0.916022 131.529000
0.916575 131.532000
0.917127 131.566000
0.917680 131.585000
0.918232 131.593000
0.918785 131.596000
0.919337 131.642000
0.919890 131.650000
0.920442 131.738000
0.920994 131.746000
0.921547 131.776000
0.922099 131.789000
0.922652 131.799000
0.923204 131.844000
0.923757 131.848000
0.924309 131.914000
0.924862 131.916000
0.925414 132.018000
0.925967 132.059000
0.926519 132.134000
0.927072 132.142000
0.927624 132.285000
0.928177 132.452000
0.928729 132.479000
0.929282 132.490000
0.929834 132.599000
0.930387 132.612000
0.930939 132.699000
0.931492 132.726000
0.932044 132.798000
0.932597 132.814000
0.933149 132.838000
0.933702 132.848000
0.934254 132.890000
0.934807 132.894000
0.935359 132.896000
0.935912 132.896000
0.936464 132.933000
0.937017 132.947000
0.937569 132.983000
0.938122 133.093000
0.938674 133.093000
0.939227 133.120000
0.939779 133.153000
0.940331 133.189000
0.940884 133.200000
0.941436 133.207000
0.941989 133.284000
0.942541 133.343000
0.943094 133.379000
0.943646 133.444000
0.944199 133.494000
0.944751 133.520000
0.945304 133.538000
0.945856 133.549000
0.946409 133.613000
0.946961 133.905000
0.947514 133.923000
0.948066 133.996000
0.948619 134.032000
0.949171 134.035000
0.949724 134.044000
0.950276 134.065000
0.950829 134.072000
0.951381 134.091000
0.951934 134.178000
0.952486 134.217000
0.953039 134.218000
0.953591 134.236000
0.954144 134.244000
0.954696 134.260000
0.955249 134.265000
0.955801 134.329000
0.956354 134.397000
0.956906 134.566000
0.957459 134.566000
0.958011 134.651000
0.958564 134.681000
0.959116 134.693000
0.959669 134.770000
0.960221 135.070000
0.960773 135.194000
0.961326 135.306000
0.961878 135.372000
0.962431 135.437000
0.962983 135.476000
0.963536 135.569000
0.964088 135.667000
0.964641 135.776000
0.965193 135.835000
0.965746 135.860000
0.966298 135.913000
0.966851 135.921000
0.967403 136.014000
0.967956 136.095000
0.968508 136.512000
0.969061 136.548000
0.969613 136.576000
0.970166 136.577000
0.970718 136.587000
0.971271 136.675000
0.971823 136.837000
0.972376 136.846000
0.972928 137.047000
0.973481 137.069000
0.974033 137.117000
0.974586 137.362000
0.975138 137.393000
0.975691 137.690000
0.976243 138.048000
0.976796 138.139000
0.977348 138.302000
0.977901 138.481000
0.978453 138.615000
0.979006 138.702000
0.979558 138.909000
0.980110 138.965000
0.980663 139.051000
0.981215 139.195000
0.981768 139.467000
0.982320 139.542000
0.982873 139.844000
0.983425 139.890000
0.983978 140.345000
0.984530 140.826000
0.985083 140.907000
0.985635 141.032000
0.986188 141.288000
0.986740 141.507000
0.987293 141.805000
0.987845 141.870000
0.988398 142.085000
0.988950 142.452000
0.989503 143.325000
0.990055 143.389000
0.990608 143.577000
0.991160 143.736000
0.991713 143.784000
0.992265 144.061000
0.992818 144.132000
0.993370 144.301000
0.993923 144.538000
0.994475 145.271000
0.995028 146.671000
0.995580 146.727000
0.996133 146.943000
0.996685 147.570000
0.997238 148.271000
0.997790 149.749000
0.998343 150.990000
0.998895 151.123000
0.999448 156.149000
1.000000 159.392000
