0.000552 86.504900
0.001105 87.854900
0.001657 88.124000
0.002210 88.173900
0.002762 88.815000
0.003315 88.830000
0.003867 88.891000
0.004420 89.175000
0.004972 89.381000
0.005525 89.501900
0.006077 89.543100
0.006630 89.544100
0.007182 89.652100
0.007735 89.655900
0.008287 89.849000
0.008840 89.861200
0.009392 89.875000
0.009945 89.901000
0.010497 89.902900
0.011050 89.919100
0.011602 89.922000
0.012155 89.958000
0.012707 89.958900
0.013260 89.995900
0.013812 90.030000
0.014365 90.030000
0.014917 90.141100
0.015470 90.151100
0.016022 90.158000
0.016575 90.212800
0.017127 90.218100
0.017680 90.251000
0.018232 90.265000
0.018785 90.287900
0.019337 90.328900
0.019890 90.338000
0.020442 90.362100
0.020994 90.384000
0.021547 90.389000
0.022099 90.418100
0.022652 90.423100
0.023204 90.440000
0.023757 90.447900
0.024309 90.457900
0.024862 90.486000
0.025414 90.514900
0.025967 90.541100
0.026519 90.663000
0.027072 90.713000
0.027624 90.731100
0.028177 90.735000
0.028729 90.760000
0.029282 90.822000
0.029834 90.843000
0.030387 90.892100
0.030939 90.966900
0.031492 91.053000
0.032044 91.064000
0.032597 91.086900
0.033149 91.097100
0.033702 91.155100
0.034254 91.184900
0.034807 91.270000
0.035359 91.360100
0.035912 91.362000
0.036464 91.415900
0.037017 91.490000
0.037569 91.506000
0.038122 91.528200
0.038674 91.556100
0.039227 91.604000
0.039779 91.604900
0.040331 91.646000
0.040884 91.654100
0.041436 91.656900
0.041989 91.685100
0.042541 91.694100
0.043094 91.697000
0.043646 91.716100
0.044199 91.789000
0.044751 91.857000
0.045304 91.902000
0.045856 91.933000
0.046409 91.936800
0.046961 92.024800
0.047514 92.054100
0.048066 92.140000
0.048619 92.207900
0.049171 92.249200
0.049724 92.297100
0.050276 92.329000
0.050829 92.467100
0.051381 92.488100
0.051934 92.567900
0.052486 92.718800
0.053039 92.768000
0.053591 92.867900
0.054144 92.962000
0.054696 93.042100
0.055249 93.157100
0.055801 93.180200
0.056354 93.214000
0.056906 93.261000
0.057459 93.586000
0.058011 93.602900
0.058564 93.725900
0.059116 93.937200
0.059669 93.974800
0.060221 94.097100
0.060773 94.293100
0.061326 94.556100
0.061878 94.692900
0.062431 94.836000
0.062983 94.884200
0.063536 95.103000
0.064088 95.140900
0.064641 95.269200
0.065193 95.331000
0.065746 95.377000
0.066298 95.426100
0.066851 95.442100
0.067403 95.485900
0.067956 95.512200
0.068508 95.662800
0.069061 95.696900
0.069613 95.708800
0.070166 95.718900
0.070718 95.917000
0.071271 95.921000
0.071823 95.925100
0.072376 96.001900
0.072928 96.080100
0.073481 96.098200
0.074033 96.136100
0.074586 96.205000
0.075138 96.211000
0.075691 96.230000
0.076243 96.247000
0.076796 96.257900
0.077348 96.258900
0.077901 96.272900
0.078453 96.344000
0.079006 96.383100
0.079558 96.418100
0.080110 96.444100
0.080663 96.537100
0.081215 96.576000
0.081768 96.588100
0.082320 96.588900
0.082873 96.648200
0.083425 96.652000
0.083978 96.657000
0.084530 96.672100
0.085083 96.750000
0.085635 96.764800
0.086188 96.766900
0.086740 96.794800
0.087293 96.871900
0.087845 96.921000
0.088398 96.970800
0.088950 96.988900
0.089503 97.011100
0.090055 97.024900
0.090608 97.096900
0.091160 97.117900
0.091713 97.137000
0.092265 97.142900
0.092818 97.153900
0.093370 97.220900
0.093923 97.225900
0.094475 97.236900
0.095028 97.259000
0.095580 97.263100
0.096133 97.273800
0.096685 97.281200
0.097238 97.306000
0.097790 97.318900
0.098343 97.343900
0.098895 97.343900
0.099448 97.350100
0.100000 97.354200
0.100552 97.429000
0.101105 97.461900
0.101657 97.491000
0.102210 97.492900
0.102762 97.524200
0.103315 97.527000
0.103867 97.539200
0.104420 97.548000
0.104972 97.553000
0.105525 97.561100
0.106077 97.580900
0.106630 97.622200
0.107182 97.657900
0.107735 97.662000
0.108287 97.662200
0.108840 97.708900
0.109392 97.726100
0.109945 97.785900
0.110497 97.839100
0.111050 97.855800
0.111602 97.863000
0.112155 97.868000
0.112707 97.882000
0.113260 97.889900
0.113812 97.903000
0.114365 97.909900
0.114917 97.924000
0.115470 97.932100
0.116022 97.939000
0.116575 97.951900
0.117127 97.955000
0.117680 97.968100
0.118232 97.972900
0.118785 98.005100
0.119337 98.056800
0.119890 98.062000
0.120442 98.066800
0.120994 98.108100
0.121547 98.145000
0.122099 98.175000
0.122652 98.189800
0.123204 98.193200
0.123757 98.211100
0.124309 98.217000
0.124862 98.227000
0.125414 98.252100
0.125967 98.264900
0.126519 98.290000
0.127072 98.293800
0.127624 98.295900
0.128177 98.300000
0.128729 98.304000
0.129282 98.318800
0.129834 98.321000
0.130387 98.323100
0.130939 98.323100
0.131492 98.326000
0.132044 98.336900
0.132597 98.341900
0.133149 98.345000
0.133702 98.352200
0.134254 98.353100
0.134807 98.372000
0.135359 98.405100
0.135912 98.444900
0.136464 98.451100
0.137017 98.455200
0.137569 98.480000
0.138122 98.491900
0.138674 98.501000
0.139227 98.544100
0.139779 98.587000
0.140331 98.588000
0.140884 98.603000
0.141436 98.604000
0.141989 98.628000
0.142541 98.645900
0.143094 98.646900
0.143646 98.665000
0.144199 98.674100
0.144751 98.685000
0.145304 98.705100
0.145856 98.707000
0.146409 98.749900
0.146961 98.771100
0.147514 98.776800
0.148066 98.820200
0.148619 98.870000
0.149171 98.899100
0.149724 98.923000
0.150276 98.934900
0.150829 98.958000
0.151381 99.036000
0.151934 99.045000
0.152486 99.066000
0.153039 99.159000
0.153591 99.163100
0.154144 99.189000
0.154696 99.196000
0.155249 99.204100
0.155801 99.207200
0.156354 99.222900
0.156906 99.225000
0.157459 99.232900
0.158011 99.234100
0.158564 99.259900
0.159116 99.277000
0.159669 99.312100
0.160221 99.326800
0.160773 99.341900
0.161326 99.366900
0.161878 99.382900
0.162431 99.403900
0.162983 99.408100
0.163536 99.410800
0.164088 99.431000
0.164641 99.444200
0.165193 99.448200
0.165746 99.458000
0.166298 99.509000
0.166851 99.531200
0.167403 99.574100
0.167956 99.583100
0.168508 99.631100
0.169061 99.643000
0.169613 99.689000
0.170166 99.717100
0.170718 99.775100
0.171271 99.781000
0.171823 99.808000
0.172376 99.821100
0.172928 99.825900
0.173481 99.841800
0.174033 99.867100
0.174586 99.894000
0.175138 99.910000
0.175691 99.934100
0.176243 99.936000
0.176796 99.974900
0.177348 99.994900
0.177901 100.083000
0.178453 100.084000
0.179006 100.232000
0.179558 100.256000
0.180110 100.265000
0.180663 100.268000
0.181215 100.281000
0.181768 100.340000
0.182320 100.371000
0.182873 100.386000
0.183425 100.417000
0.183978 100.428000
0.184530 100.447000
0.185083 100.484000
0.185635 100.495000
0.186188 100.585000
0.186740 100.597000
0.187293 100.802000
0.187845 100.847000
0.188398 100.922000
0.188950 100.941000
0.189503 100.999000
0.190055 101.053000
0.190608 101.105000
0.191160 101.136000
0.191713 101.149000
0.192265 101.285000
0.192818 101.288000
0.193370 101.520000
0.193923 101.524000
0.194475 101.575000
0.195028 101.609000
0.195580 101.633000
0.196133 101.709000
0.196685 101.734000
0.197238 101.823000
0.197790 101.886000
0.198343 101.969000
0.198895 101.995000
0.199448 102.019000
0.200000 102.111000
0.200552 102.112000
0.201105 102.135000
0.201657 102.211000
0.202210 102.233000
0.202762 102.272000
0.203315 102.390000
0.203867 102.419000
0.204420 102.461000
0.204972 102.846000
0.205525 102.969000
0.206077 103.110000
0.206630 103.128000
0.207182 103.407000
0.207735 103.751000
0.208287 103.924000
0.208840 103.963000
0.209392 104.009000
0.209945 104.038000
0.210497 104.090000
0.211050 104.325000
0.211602 104.374000
0.212155 104.429000
0.212707 104.546000
0.213260 104.704000
0.213812 104.836000
0.214365 105.056000
0.214917 105.283000
0.215470 105.332000
0.216022 105.471000
0.216575 105.558000
0.217127 105.936000
0.217680 105.938000
0.218232 106.096000
0.218785 106.236000
0.219337 106.296000
0.219890 106.354000
0.220442 106.420000
0.220994 106.436000
0.221547 106.467000
0.222099 106.512000
0.222652 106.526000
0.223204 106.608000
0.223757 106.608000
0.224309 106.636000
0.224862 106.776000
0.225414 107.170000
0.225967 107.266000
0.226519 107.305000
0.227072 107.326000
0.227624 107.352000
0.228177 107.367000
0.228729 107.460000
0.229282 107.497000
0.229834 107.517000
0.230387 107.572000
0.230939 107.731000
0.231492 107.810000
0.232044 107.852000
0.232597 107.950000
0.233149 108.045000
0.233702 108.117000
0.234254 108.137000
0.234807 108.216000
0.235359 108.229000
0.235912 108.244000
0.236464 108.254000
0.237017 108.305000
0.237569 108.416000
0.238122 108.508000
0.238674 108.532000
0.239227 108.603000
0.239779 108.653000
0.240331 108.684000
0.240884 108.755000
0.241436 108.772000
0.241989 108.907000
0.242541 109.000000
0.243094 109.022000
0.243646 109.032000
0.244199 109.086000
0.244751 109.120000
0.245304 109.161000
0.245856 109.251000
0.246409 109.322000
0.246961 109.404000
0.247514 109.441000
0.248066 109.544000
0.248619 109.586000
0.249171 109.653000
0.249724 109.717000
0.250276 109.810000
0.250829 109.916000
0.251381 109.929000
0.251934 110.025000
0.252486 110.076000
0.253039 110.155000
0.253591 110.196000
0.254144 110.197000
0.254696 110.209000
0.255249 110.369000
0.255801 110.422000
0.256354 110.424000
0.256906 110.456000
0.257459 110.500000
0.258011 110.511000
0.258564 110.532000
0.259116 110.711000
0.259669 110.777000
0.260221 110.930000
0.260773 110.963000
0.261326 110.965000
0.261878 111.194000
0.262431 111.207000
0.262983 111.213000
0.263536 111.222000
0.264088 111.257000
0.264641 111.322000
0.265193 111.324000
0.265746 111.338000
0.266298 111.343000
0.266851 111.348000
0.267403 111.410000
0.267956 111.498000
0.268508 111.506000
0.269061 111.574000
0.269613 111.612000
0.270166 111.621000
0.270718 111.622000
0.271271 111.690000
0.271823 111.700000
0.272376 111.706000
0.272928 111.713000
0.273481 111.713000
0.274033 111.783000
0.274586 111.913000
0.275138 111.928000
0.275691 111.949000
0.276243 112.022000
0.276796 112.055000
0.277348 112.084000
0.277901 112.110000
0.278453 112.206000
0.279006 112.238000
0.279558 112.417000
0.280110 112.437000
0.280663 112.485000
0.281215 112.499000
0.281768 112.626000
0.282320 112.634000
0.282873 112.673000
0.283425 112.680000
0.283978 112.685000
0.284530 112.714000
0.285083 112.746000
0.285635 112.771000
0.286188 112.782000
0.286740 112.798000
0.287293 112.829000
0.287845 112.920000
0.288398 112.937000
0.288950 112.971000
0.289503 113.003000
0.290055 113.045000
0.290608 113.049000
0.291160 113.221000
0.291713 113.275000
0.292265 113.312000
0.292818 113.328000
0.293370 113.336000
0.293923 113.343000
0.294475 113.374000
0.295028 113.417000
0.295580 113.419000
0.296133 113.469000
0.296685 113.476000
0.297238 113.482000
0.297790 113.519000
0.298343 113.550000
0.298895 113.575000
0.299448 113.593000
0.300000 113.670000
0.300552 113.670000
0.301105 113.676000
0.301657 113.773000
0.302210 113.777000
0.302762 113.818000
0.303315 113.832000
0.303867 113.842000
0.304420 113.876000
0.304972 113.922000
0.305525 113.947000
0.306077 113.953000
0.306630 113.964000
0.307182 114.044000
0.307735 114.065000
0.308287 114.071000
0.308840 114.100000
0.309392 114.126000
0.309945 114.137000
0.310497 114.192000
0.311050 114.239000
0.311602 114.280000
0.312155 114.290000
0.312707 114.294000
0.313260 114.346000
0.313812 114.355000
0.314365 114.391000
0.314917 114.459000
0.315470 114.564000
0.316022 114.580000
0.316575 114.592000
0.317127 114.619000
0.317680 114.745000
0.318232 114.773000
0.318785 114.776000
0.319337 114.829000
0.319890 114.899000
0.320442 114.909000
0.320994 114.967000
0.321547 114.985000
0.322099 115.025000
0.322652 115.028000
0.323204 115.097000
0.323757 115.107000
0.324309 115.116000
0.324862 115.122000
0.325414 115.123000
0.325967 115.136000
0.326519 115.259000
0.327072 115.295000
0.327624 115.322000
0.328177 115.340000
0.328729 115.341000
0.329282 115.369000
0.329834 115.371000
0.330387 115.430000
0.330939 115.462000
0.331492 115.475000
0.332044 115.506000
0.332597 115.518000
0.333149 115.543000
0.333702 115.554000
0.334254 115.564000
0.334807 115.570000
0.335359 115.577000
0.335912 115.583000
0.336464 115.598000
0.337017 115.633000
0.337569 115.650000
0.338122 115.654000
0.338674 115.666000
0.339227 115.680000
0.339779 115.745000
0.340331 115.754000
0.340884 115.760000
0.341436 115.783000
0.341989 115.844000
0.342541 115.886000
0.343094 115.914000
0.343646 115.922000
0.344199 115.930000
0.344751 115.930000
0.345304 115.934000
0.345856 115.966000
0.346409 116.011000
0.346961 116.025000
0.347514 116.025000
0.348066 116.041000
0.348619 116.082000
0.349171 116.085000
0.349724 116.105000
0.350276 116.145000
0.350829 116.155000
0.351381 116.182000
0.351934 116.232000
0.352486 116.308000
0.353039 116.336000
0.353591 116.343000
0.354144 116.352000
0.354696 116.353000
0.355249 116.396000
0.355801 116.415000
0.356354 116.425000
0.356906 116.431000
0.357459 116.459000
0.358011 116.464000
0.358564 116.488000
0.359116 116.502000
0.359669 116.504000
0.360221 116.510000
0.360773 116.540000
0.361326 116.543000
0.361878 116.569000
0.362431 116.574000
0.362983 116.577000
0.363536 116.585000
0.364088 116.603000
0.364641 116.663000
0.365193 116.664000
0.365746 116.666000
0.366298 116.702000
0.366851 116.706000
0.367403 116.718000
0.367956 116.720000
0.368508 116.801000
0.369061 116.809000
0.369613 116.844000
0.370166 116.848000
0.370718 116.904000
0.371271 116.916000
0.371823 116.918000
0.372376 116.935000
0.372928 116.963000
0.373481 116.977000
0.374033 116.986000
0.374586 117.005000
0.375138 117.008000
0.375691 117.021000
0.376243 117.043000
0.376796 117.053000
0.377348 117.071000
0.377901 117.094000
0.378453 117.098000
0.379006 117.102000
0.379558 117.138000
0.380110 117.150000
0.380663 117.157000
0.381215 117.161000
0.381768 117.200000
0.382320 117.204000
0.382873 117.223000
0.383425 117.249000
0.383978 117.287000
0.384530 117.287000
0.385083 117.340000
0.385635 117.362000
0.386188 117.401000
0.386740 117.403000
0.387293 117.438000
0.387845 117.448000
0.388398 117.450000
0.388950 117.463000
0.389503 117.472000
0.390055 117.485000
0.390608 117.519000
0.391160 117.583000
0.391713 117.589000
0.392265 117.600000
0.392818 117.611000
0.393370 117.617000
0.393923 117.618000
0.394475 117.637000
0.395028 117.648000
0.395580 117.671000
0.396133 117.682000
0.396685 117.683000
0.397238 117.692000
0.397790 117.751000
0.398343 117.753000
0.398895 117.760000
0.399448 117.770000
0.400000 117.793000
0.400552 117.796000
0.401105 117.814000
0.401657 117.819000
0.402210 117.840000
0.402762 117.845000
0.403315 117.888000
0.403867 117.938000
0.404420 117.941000
0.404972 117.946000
0.405525 117.994000
0.406077 117.998000
0.406630 118.030000
0.407182 118.042000
0.407735 118.045000
0.408287 118.072000
0.408840 118.090000
0.409392 118.095000
0.409945 118.105000
0.410497 118.125000
0.411050 118.149000
0.411602 118.154000
0.412155 118.190000
0.412707 118.205000
0.413260 118.206000
0.413812 118.234000
0.414365 118.236000
0.414917 118.244000
0.415470 118.254000
0.416022 118.266000
0.416575 118.283000
0.417127 118.296000
0.417680 118.350000
0.418232 118.392000
0.418785 118.424000
0.419337 118.424000
0.419890 118.437000
0.420442 118.448000
0.420994 118.512000
0.421547 118.513000
0.422099 118.524000
0.422652 118.524000
0.423204 118.587000
0.423757 118.596000
0.424309 118.600000
0.424862 118.615000
0.425414 118.634000
0.425967 118.636000
0.426519 118.639000
0.427072 118.653000
0.427624 118.671000
0.428177 118.736000
0.428729 118.758000
0.429282 118.794000
0.429834 118.795000
0.430387 118.827000
0.430939 118.831000
0.431492 118.840000
0.432044 118.840000
0.432597 118.853000
0.433149 118.869000
0.433702 118.879000
0.434254 118.883000
0.434807 118.893000
0.435359 118.906000
0.435912 118.917000
0.436464 118.921000
0.437017 118.943000
0.437569 118.957000
0.438122 118.968000
0.438674 118.984000
0.439227 118.990000
0.439779 119.085000
0.440331 119.096000
0.440884 119.111000
0.441436 119.125000
0.441989 119.129000
0.442541 119.138000
0.443094 119.152000
0.443646 119.156000
0.444199 119.169000
0.444751 119.203000
0.445304 119.206000
0.445856 119.217000
0.446409 119.218000
0.446961 119.222000
0.447514 119.255000
0.448066 119.257000
0.448619 119.260000
0.449171 119.266000
0.449724 119.273000
0.450276 119.274000
0.450829 119.280000
0.451381 119.290000
0.451934 119.297000
0.452486 119.298000
0.453039 119.319000
0.453591 119.338000
0.454144 119.350000
0.454696 119.352000
0.455249 119.368000
0.455801 119.374000
0.456354 119.383000
0.456906 119.391000
0.457459 119.401000
0.458011 119.465000
0.458564 119.498000
0.459116 119.503000
0.459669 119.506000
0.460221 119.557000
0.460773 119.565000
0.461326 119.573000
0.461878 119.609000
0.462431 119.617000
0.462983 119.677000
0.463536 119.690000
0.464088 119.701000
0.464641 119.725000
0.465193 119.727000
0.465746 119.759000
0.466298 119.772000
0.466851 119.780000
0.467403 119.835000
0.467956 119.838000
0.468508 119.852000
0.469061 119.855000
0.469613 119.859000
0.470166 119.864000
0.470718 119.887000
0.471271 119.897000
0.471823 119.901000
0.472376 119.909000
0.472928 119.912000
0.473481 119.914000
0.474033 119.914000
0.474586 119.928000
0.475138 119.937000
0.475691 119.944000
0.476243 119.992000
0.476796 119.992000
0.477348 120.013000
0.477901 120.026000
0.478453 120.066000
0.479006 120.084000
0.479558 120.118000
0.480110 120.147000
0.480663 120.171000
0.481215 120.182000
0.481768 120.187000
0.482320 120.189000
0.482873 120.202000
0.483425 120.206000
0.483978 120.209000
0.484530 120.252000
0.485083 120.261000
0.485635 120.262000
0.486188 120.263000
0.486740 120.264000
0.487293 120.286000
0.487845 120.290000
0.488398 120.319000
0.488950 120.322000
0.489503 120.353000
0.490055 120.417000
0.490608 120.419000
0.491160 120.443000
0.491713 120.465000
0.492265 120.466000
0.492818 120.475000
0.493370 120.488000
0.493923 120.504000
0.494475 120.505000
0.495028 120.507000
0.495580 120.514000
0.496133 120.528000
0.496685 120.550000
0.497238 120.562000
0.497790 120.568000
0.498343 120.575000
0.498895 120.583000
0.499448 120.627000
0.500000 120.629000
0.500552 120.674000
0.501105 120.689000
0.501657 120.701000
0.502210 120.708000
0.502762 120.710000
0.503315 120.735000
0.503867 120.784000
0.504420 120.804000
0.504972 120.820000
0.505525 120.822000
0.506077 120.878000
0.506630 120.880000
0.507182 120.898000
0.507735 120.912000
0.508287 120.913000
0.508840 120.936000
0.509392 120.938000
0.509945 120.940000
0.510497 120.994000
0.511050 121.000000
0.511602 121.002000
0.512155 121.028000
0.512707 121.080000
0.513260 121.081000
0.513812 121.144000
0.514365 121.147000
0.514917 121.231000
0.515470 121.242000
0.516022 121.256000
0.516575 121.257000
0.517127 121.295000
0.517680 121.298000
0.518232 121.303000
0.518785 121.305000
0.519337 121.333000
0.519890 121.351000
0.520442 121.363000
0.520994 121.370000
0.521547 121.399000
0.522099 121.400000
0.522652 121.427000
0.523204 121.437000
0.523757 121.442000
0.524309 121.469000
0.524862 121.473000
0.525414 121.486000
0.525967 121.495000
0.526519 121.517000
0.527072 121.528000
0.527624 121.553000
0.528177 121.562000
0.528729 121.563000
0.529282 121.564000
0.529834 121.628000
0.530387 121.629000
0.530939 121.644000
0.531492 121.663000
0.532044 121.697000
0.532597 121.697000
0.533149 121.722000
0.533702 121.728000
0.534254 121.738000
0.534807 121.762000
0.535359 121.775000
0.535912 121.809000
0.536464 121.824000
0.537017 121.835000
0.537569 121.843000
0.538122 121.916000
0.538674 121.933000
0.539227 121.935000
0.539779 121.941000
0.540331 121.955000
0.540884 121.968000
0.541436 121.990000
0.541989 121.999000
0.542541 122.002000
0.543094 122.014000
0.543646 122.024000
0.544199 122.030000
0.544751 122.048000
0.545304 122.068000
0.545856 122.072000
0.546409 122.075000
0.546961 122.087000
0.547514 122.094000
0.548066 122.098000
0.548619 122.118000
0.549171 122.133000
0.549724 122.137000
0.550276 122.145000
0.550829 122.150000
0.551381 122.184000
0.551934 122.188000
0.552486 122.194000
0.553039 122.195000
0.553591 122.220000
0.554144 122.227000
0.554696 122.235000
0.555249 122.244000
0.555801 122.253000
0.556354 122.273000
0.556906 122.323000
0.557459 122.330000
0.558011 122.335000
0.558564 122.363000
0.559116 122.368000
0.559669 122.382000
0.560221 122.402000
0.560773 122.414000
0.561326 122.423000
0.561878 122.436000
0.562431 122.448000
0.562983 122.471000
0.563536 122.504000
0.564088 122.538000
0.564641 122.556000
0.565193 122.564000
0.565746 122.574000
0.566298 122.577000
0.566851 122.616000
0.567403 122.625000
0.567956 122.634000
0.568508 122.636000
0.569061 122.670000
0.569613 122.679000
0.570166 122.701000
0.570718 122.704000
0.571271 122.706000
0.571823 122.727000
0.572376 122.756000
0.572928 122.761000
0.573481 122.768000
0.574033 122.778000
0.574586 122.810000
0.575138 122.824000
0.575691 122.827000
0.576243 122.829000
0.576796 122.837000
0.577348 122.854000
0.577901 122.875000
0.578453 122.878000
0.579006 122.882000
0.579558 122.905000
0.580110 122.949000
0.580663 122.998000
0.581215 123.043000
0.581768 123.045000
0.582320 123.049000
0.582873 123.057000
0.583425 123.103000
0.583978 123.113000
0.584530 123.130000
0.585083 123.145000
0.585635 123.147000
0.586188 123.177000
0.586740 123.180000
0.587293 123.192000
0.587845 123.227000
0.588398 123.250000
0.588950 123.250000
0.589503 123.261000
0.590055 123.278000
0.590608 123.285000
0.591160 123.297000
0.591713 123.306000
0.592265 123.331000
0.592818 123.354000
0.593370 123.375000
0.593923 123.376000
0.594475 123.376000
0.595028 123.383000
0.595580 123.402000
0.596133 123.407000
0.596685 123.427000
0.597238 123.436000
0.597790 123.463000
0.598343 123.487000
0.598895 123.492000
0.599448 123.509000
0.600000 123.525000
0.600552 123.553000
0.601105 123.560000
0.601657 123.570000
0.602210 123.622000
0.602762 123.637000
0.603315 123.649000
0.603867 123.655000
0.604420 123.663000
0.604972 123.714000
0.605525 123.733000
0.606077 123.742000
0.606630 123.758000
0.607182 123.772000
0.607735 123.776000
0.608287 123.806000
0.608840 123.828000
0.609392 123.837000
0.609945 123.871000
0.610497 123.876000
0.611050 123.889000
0.611602 123.901000
0.612155 123.901000
0.612707 123.958000
0.613260 123.961000
0.613812 123.971000
0.614365 123.982000
0.614917 123.985000
0.615470 124.003000
0.616022 124.005000
0.616575 124.018000
0.617127 124.057000
0.617680 124.061000
0.618232 124.069000
0.618785 124.071000
0.619337 124.075000
0.619890 124.086000
0.620442 124.087000
0.620994 124.110000
0.621547 124.126000
0.622099 124.136000
0.622652 124.158000
0.623204 124.160000
0.623757 124.205000
0.624309 124.212000
0.624862 124.214000
0.625414 124.219000
0.625967 124.246000
0.626519 124.260000
0.627072 124.291000
0.627624 124.299000
0.628177 124.304000
0.628729 124.306000
0.629282 124.312000
0.629834 124.332000
0.630387 124.336000
0.630939 124.336000
0.631492 124.338000
0.632044 124.372000
0.632597 124.393000
0.633149 124.394000
0.633702 124.402000
0.634254 124.435000
0.634807 124.437000
0.635359 124.496000
0.635912 124.519000
0.636464 124.530000
0.637017 124.534000
0.637569 124.552000
0.638122 124.553000
0.638674 124.589000
0.639227 124.601000
0.639779 124.630000
0.640331 124.643000
0.640884 124.648000
0.641436 124.657000
0.641989 124.661000
0.642541 124.668000
0.643094 124.683000
0.643646 124.684000
0.644199 124.684000
0.644751 124.715000
0.645304 124.728000
0.645856 124.743000
0.646409 124.744000
0.646961 124.755000
0.647514 124.756000
0.648066 124.768000
0.648619 124.789000
0.649171 124.794000
0.649724 124.797000
0.650276 124.798000
0.650829 124.803000
0.651381 124.806000
0.651934 124.836000
0.652486 124.839000
0.653039 124.845000
0.653591 124.866000
0.654144 124.875000
0.654696 124.911000
0.655249 124.973000
0.655801 124.993000
0.656354 124.994000
0.656906 124.995000
0.657459 124.995000
0.658011 124.998000
0.658564 125.001000
0.659116 125.021000
0.659669 125.026000
0.660221 125.030000
0.660773 125.050000
0.661326 125.055000
0.661878 125.070000
0.662431 125.080000
0.662983 125.080000
0.663536 125.085000
0.664088 125.087000
0.664641 125.098000
0.665193 125.115000
0.665746 125.124000
0.666298 125.142000
0.666851 125.155000
0.667403 125.167000
0.667956 125.179000
0.668508 125.202000
0.669061 125.202000
0.669613 125.234000
0.670166 125.247000
0.670718 125.263000
0.671271 125.376000
0.671823 125.384000
0.672376 125.390000
0.672928 125.393000
0.673481 125.428000
0.674033 125.432000
0.674586 125.449000
0.675138 125.471000
0.675691 125.478000
0.676243 125.493000
0.676796 125.504000
0.677348 125.520000
0.677901 125.524000
0.678453 125.529000
0.679006 125.535000
0.679558 125.542000
0.680110 125.561000
0.680663 125.575000
0.681215 125.576000
0.681768 125.604000
0.682320 125.607000
0.682873 125.630000
0.683425 125.637000
0.683978 125.650000
0.684530 125.658000
0.685083 125.668000
0.685635 125.719000
0.686188 125.780000
0.686740 125.807000
0.687293 125.809000
0.687845 125.815000
0.688398 125.836000
0.688950 125.840000
0.689503 125.846000
0.690055 125.878000
0.690608 125.880000
0.691160 125.945000
0.691713 125.946000
0.692265 125.955000
0.692818 125.958000
0.693370 125.960000
0.693923 125.966000
0.694475 125.977000
0.695028 125.981000
0.695580 125.982000
0.696133 125.982000
0.696685 125.983000
0.697238 126.018000
0.697790 126.023000
0.698343 126.027000
0.698895 126.037000
0.699448 126.043000
0.700000 126.044000
0.700552 126.056000
0.701105 126.062000
0.701657 126.069000
0.702210 126.070000
0.702762 126.078000
0.703315 126.085000
0.703867 126.087000
0.704420 126.096000
0.704972 126.112000
0.705525 126.122000
0.706077 126.135000
0.706630 126.141000
0.707182 126.148000
0.707735 126.164000
0.708287 126.169000
0.708840 126.216000
0.709392 126.236000
0.709945 126.268000
0.710497 126.270000
0.711050 126.273000
0.711602 126.277000
0.712155 126.277000
0.712707 126.282000
0.713260 126.284000
0.713812 126.290000
0.714365 126.290000
0.714917 126.292000
0.715470 126.311000
0.716022 126.328000
0.716575 126.358000
0.717127 126.363000
0.717680 126.371000
0.718232 126.380000
0.718785 126.384000
0.719337 126.434000
0.719890 126.439000
0.720442 126.450000
0.720994 126.476000
0.721547 126.490000
0.722099 126.492000
0.722652 126.497000
0.723204 126.500000
0.723757 126.504000
0.724309 126.518000
0.724862 126.519000
0.725414 126.539000
0.725967 126.559000
0.726519 126.560000
0.727072 126.631000
0.727624 126.658000
0.728177 126.670000
0.728729 126.689000
0.729282 126.694000
0.729834 126.707000
0.730387 126.758000
0.730939 126.766000
0.731492 126.770000
0.732044 126.780000
0.732597 126.796000
0.733149 126.806000
0.733702 126.811000
0.734254 126.811000
0.734807 126.827000
0.735359 126.836000
0.735912 126.854000
0.736464 126.899000
0.737017 126.900000
0.737569 126.902000
0.738122 126.906000
0.738674 126.914000
0.739227 126.924000
0.739779 126.940000
0.740331 126.944000
0.740884 126.949000
0.741436 126.956000
0.741989 126.993000
0.742541 126.994000
0.743094 126.997000
0.743646 127.014000
0.744199 127.018000
0.744751 127.041000
0.745304 127.044000
0.745856 127.047000
0.746409 127.067000
0.746961 127.076000
0.747514 127.107000
0.748066 127.126000
0.748619 127.138000
0.749171 127.138000
0.749724 127.197000
0.750276 127.202000
0.750829 127.217000
0.751381 127.255000
0.751934 127.272000
0.752486 127.275000
0.753039 127.303000
0.753591 127.308000
0.754144 127.339000
0.754696 127.341000
0.755249 127.343000
0.755801 127.356000
0.756354 127.369000
0.756906 127.377000
0.757459 127.416000
0.758011 127.427000
0.758564 127.448000
0.759116 127.449000
0.759669 127.469000
0.760221 127.471000
0.760773 127.480000
0.761326 127.527000
0.761878 127.537000
0.762431 127.540000
0.762983 127.553000
0.763536 127.555000
0.764088 127.564000
0.764641 127.568000
0.765193 127.606000
0.765746 127.612000
0.766298 127.626000
0.766851 127.642000
0.767403 127.667000
0.767956 127.701000
0.768508 127.726000
0.769061 127.733000
0.769613 127.739000
0.770166 127.753000
0.770718 127.761000
0.771271 127.812000
0.771823 127.813000
0.772376 127.859000
0.772928 127.877000
0.773481 127.883000
0.774033 127.937000
0.774586 127.940000
0.775138 127.941000
0.775691 127.944000
0.776243 127.958000
0.776796 128.045000
0.777348 128.056000
0.777901 128.065000
0.778453 128.067000
0.779006 128.095000
0.779558 128.149000
0.780110 128.155000
0.780663 128.174000
0.781215 128.199000
0.781768 128.207000
0.782320 128.221000
0.782873 128.225000
0.783425 128.235000
0.783978 128.239000
0.784530 128.276000
0.785083 128.311000
0.785635 128.403000
0.786188 128.442000
0.786740 128.450000
0.787293 128.529000
0.787845 128.561000
0.788398 128.572000
0.788950 128.587000
0.789503 128.599000
0.790055 128.625000
0.790608 128.626000
0.791160 128.665000
0.791713 128.722000
0.792265 128.730000
0.792818 128.761000
0.793370 128.764000
0.793923 128.845000
0.794475 128.853000
0.795028 128.870000
0.795580 128.890000
0.796133 128.892000
0.796685 128.902000
0.797238 128.913000
0.797790 128.958000
0.798343 128.992000
0.798895 129.009000
0.799448 129.030000
0.800000 129.035000
0.800552 129.037000
0.801105 129.057000
0.801657 129.060000
0.802210 129.060000
0.802762 129.070000
0.803315 129.091000
0.803867 129.102000
0.804420 129.105000
0.804972 129.116000
0.805525 129.139000
0.806077 129.161000
0.806630 129.173000
0.807182 129.174000
0.807735 129.175000
0.808287 129.195000
0.808840 129.207000
0.809392 129.209000
0.809945 129.212000
0.810497 129.241000
0.811050 129.254000
0.811602 129.308000
0.812155 129.325000
0.812707 129.334000
0.813260 129.356000
0.813812 129.372000
0.814365 129.438000
0.814917 129.457000
0.815470 129.457000
0.816022 129.472000
0.816575 129.483000
0.817127 129.499000
0.817680 129.519000
0.818232 129.547000
0.818785 129.575000
0.819337 129.594000
0.819890 129.594000
0.820442 129.632000
0.820994 129.674000
0.821547 129.687000
0.822099 129.705000
0.822652 129.707000
0.823204 129.798000
0.823757 129.838000
0.824309 129.845000
0.824862 129.905000
0.825414 129.912000
0.825967 129.918000
0.826519 129.927000
0.827072 129.950000
0.827624 129.977000
0.828177 129.981000
0.828729 129.981000
0.829282 130.022000
0.829834 130.032000
0.830387 130.054000
0.830939 130.082000
0.831492 130.097000
0.832044 130.172000
0.832597 130.186000
0.833149 130.202000
0.833702 130.208000
0.834254 130.254000
0.834807 130.284000
0.835359 130.328000
0.835912 130.355000
0.836464 130.371000
0.837017 130.377000
0.837569 130.379000
0.838122 130.412000
0.838674 130.418000
0.839227 130.424000
0.839779 130.461000
0.840331 130.484000
0.840884 130.501000
0.841436 130.507000
0.841989 130.521000
0.842541 130.563000
0.843094 130.568000
0.843646 130.621000
0.844199 130.626000
0.844751 130.661000
0.845304 130.675000
0.845856 130.739000
0.846409 130.742000
0.846961 130.778000
0.847514 130.779000
0.848066 130.781000
0.848619 130.786000
0.849171 130.818000
0.849724 130.828000
0.850276 130.874000
0.850829 130.893000
0.851381 130.920000
0.851934 130.936000
0.852486 130.939000
0.853039 130.955000
0.853591 130.992000
0.854144 131.004000
0.854696 131.006000
0.855249 131.066000
0.855801 131.085000
0.856354 131.124000
0.856906 131.125000
0.857459 131.135000
0.858011 131.139000
0.858564 131.160000
0.859116 131.169000
0.859669 131.169000
0.860221 131.193000
0.860773 131.193000
0.861326 131.196000
0.861878 131.216000
0.862431 131.217000
0.862983 131.264000
0.863536 131.276000
0.864088 131.281000
0.864641 131.320000
0.865193 131.328000
0.865746 131.344000
0.866298 131.364000
0.866851 131.369000
0.867403 131.375000
0.867956 131.386000
0.868508 131.391000
0.869061 131.396000
0.869613 131.401000
0.870166 131.432000
0.870718 131.438000
0.871271 131.473000
0.871823 131.503000
0.872376 131.519000
0.872928 131.533000
0.873481 131.552000
0.874033 131.597000
0.874586 131.599000
0.875138 131.610000
0.875691 131.678000
0.876243 131.681000
0.876796 131.731000
0.877348 131.751000
0.877901 131.755000
0.878453 131.862000
0.879006 131.871000
0.879558 131.874000
0.880110 131.906000
0.880663 131.910000
0.881215 131.920000
0.881768 131.955000
0.882320 131.956000
0.882873 131.966000
0.883425 131.989000
0.883978 131.990000
0.884530 132.074000
0.885083 132.121000
0.885635 132.126000
0.886188 132.178000
0.886740 132.220000
0.887293 132.225000
0.887845 132.231000
0.888398 132.236000
0.888950 132.414000
0.889503 132.438000
0.890055 132.485000
0.890608 132.505000
0.891160 132.521000
0.891713 132.522000
0.892265 132.580000
0.892818 132.679000
0.893370 132.695000
0.893923 132.726000
0.894475 132.757000
0.895028 132.781000
0.895580 132.841000
0.896133 132.896000
0.896685 132.960000
0.897238 132.962000
0.897790 132.996000
0.898343 132.997000
0.898895 133.036000
0.899448 133.050000
0.900000 133.179000
0.900552 133.198000
0.901105 133.223000
0.901657 133.297000
0.902210 133.308000
0.902762 133.324000
0.903315 133.333000
0.903867 133.374000
0.904420 133.384000
0.904972 133.390000
0.905525 133.401000
0.906077 133.421000
0.906630 133.427000
0.907182 133.448000
0.907735 133.478000
0.908287 133.627000
0.908840 133.695000
0.909392 133.773000
0.909945 133.816000
0.910497 133.821000
0.911050 133.848000
0.911602 133.975000
0.912155 133.979000
0.912707 134.050000
0.913260 134.058000
0.913812 134.086000
0.914365 134.156000
0.914917 134.161000
0.915470 134.166000
0.916022 134.260000
0.916575 134.350000
0.917127 134.375000
0.917680 134.417000
0.918232 134.437000
0.918785 134.443000
0.919337 134.479000
0.919890 134.480000
0.920442 134.488000
0.920994 134.507000
0.921547 134.579000
0.922099 134.593000
0.922652 134.606000
0.923204 134.659000
0.923757 134.721000
0.924309 134.733000
0.924862 134.791000
0.925414 134.802000
0.925967 134.864000
0.926519 134.890000
0.927072 134.916000
0.927624 134.967000
0.928177 134.993000
0.928729 135.003000
0.929282 135.007000
0.929834 135.057000
0.930387 135.066000
0.930939 135.102000
0.931492 135.199000
0.932044 135.257000
0.932597 135.259000
0.933149 135.288000
0.933702 135.305000
0.934254 135.396000
0.934807 135.416000
0.935359 135.473000
0.935912 135.546000
0.936464 135.551000
0.937017 135.692000
0.937569 135.701000
0.938122 135.733000
0.938674 135.734000
0.939227 135.752000
0.939779 135.795000
0.940331 135.801000
0.940884 135.829000
0.941436 135.859000
0.941989 135.906000
0.942541 135.993000
0.943094 136.094000
0.943646 136.160000
0.944199 136.215000
0.944751 136.223000
0.945304 136.260000
0.945856 136.291000
0.946409 136.296000
0.946961 136.483000
0.947514 136.499000
0.948066 136.562000
0.948619 136.565000
0.949171 136.572000
0.949724 136.709000
0.950276 136.826000
0.950829 136.842000
0.951381 136.853000
0.951934 136.994000
0.952486 137.089000
0.953039 137.105000
0.953591 137.106000
0.954144 137.305000
0.954696 137.410000
0.955249 137.518000
0.955801 137.599000
0.956354 137.736000
0.956906 137.902000
0.957459 138.325000
0.958011 138.433000
0.958564 138.477000
0.959116 138.534000
0.959669 138.562000
0.960221 138.696000
0.960773 138.856000
0.961326 138.863000
0.961878 138.983000
0.962431 139.334000
0.962983 139.395000
0.963536 139.405000
0.964088 139.483000
0.964641 139.497000
0.965193 139.575000
0.965746 139.734000
0.966298 139.737000
0.966851 139.829000
0.967403 139.844000
0.967956 139.887000
0.968508 139.928000
0.969061 140.148000
0.969613 140.248000
0.970166 140.380000
0.970718 140.502000
0.971271 140.573000
0.971823 140.602000
0.972376 140.669000
0.972928 140.696000
0.973481 140.714000
0.974033 140.876000
0.974586 141.120000
0.975138 141.289000
0.975691 141.301000
0.976243 141.319000
0.976796 141.417000
0.977348 141.704000
0.977901 141.904000
0.978453 141.985000
0.979006 142.100000
0.979558 142.114000
0.980110 142.219000
0.980663 142.321000
0.981215 142.500000
0.981768 142.893000
0.982320 143.036000
0.982873 143.044000
0.983425 143.182000
0.983978 143.656000
0.984530 143.756000
0.985083 143.977000
0.985635 144.308000
0.986188 144.769000
0.986740 144.811000
0.987293 144.987000
0.987845 145.036000
0.988398 145.086000
0.988950 146.180000
0.989503 146.828000
0.990055 146.934000
0.990608 147.998000
0.991160 148.280000
0.991713 148.283000
0.992265 148.358000
0.992818 148.541000
0.993370 148.639000
0.993923 149.068000
0.994475 149.349000
0.995028 150.752000
0.995580 151.474000
0.996133 151.861000
0.996685 152.266000
0.997238 152.288000
0.997790 156.399000
0.998343 160.081000
0.998895 160.333000
0.999448 164.121000
1.000000 171.845000
