0.000552 4.242900
0.001105 4.883050
0.001657 5.414010
0.002210 5.525830
0.002762 5.735160
0.003315 5.740880
0.003867 5.830050
0.004420 5.872960
0.004972 5.906110
0.005525 6.005050
0.006077 6.050110
0.006630 6.056070
0.007182 6.081100
0.007735 6.329060
0.008287 6.423000
0.008840 6.433010
0.009392 6.500010
0.009945 6.511930
0.010497 6.519790
0.011050 6.525040
0.011602 6.546970
0.012155 6.565090
0.012707 6.623030
0.013260 6.623980
0.013812 6.642820
0.014365 6.643060
0.014917 6.659980
0.015470 6.672140
0.016022 6.684060
0.016575 6.695990
0.017127 6.698130
0.017680 6.715060
0.018232 6.818060
0.018785 6.824020
0.019337 6.845000
0.019890 6.883860
0.020442 6.888150
0.020994 6.889100
0.021547 6.915810
0.022099 6.927010
0.022652 7.004980
0.023204 7.008790
0.023757 7.022140
0.024309 7.160900
0.024862 7.184980
0.025414 7.209060
0.025967 7.215980
0.026519 7.262950
0.027072 7.285830
0.027624 7.346150
0.028177 7.376910
0.028729 7.404800
0.029282 7.516860
0.029834 7.555960
0.030387 7.568120
0.030939 7.581000
0.031492 7.664920
0.032044 7.699970
0.032597 7.705930
0.033149 7.721900
0.033702 7.769820
0.034254 7.771970
0.034807 7.781980
0.035359 7.791040
0.035912 7.797000
0.036464 7.802010
0.037017 7.817980
0.037569 7.818940
0.038122 7.825850
0.038674 7.826090
0.039227 7.827040
0.039779 7.857080
0.040331 7.860900
0.040884 7.886170
0.041436 7.888080
0.041989 7.927890
0.042541 7.931230
0.043094 7.936000
0.043646 7.936950
0.044199 7.947920
0.044751 7.956030
0.045304 7.957940
0.045856 7.960080
0.046409 7.966040
0.046961 7.972960
0.047514 7.977960
0.048066 7.982970
0.048619 7.987020
0.049171 7.997990
0.049724 8.000850
0.050276 8.005140
0.050829 8.023980
0.051381 8.039000
0.051934 8.055930
0.052486 8.058790
0.053039 8.094070
0.053591 8.106950
0.054144 8.115050
0.054696 8.118150
0.055249 8.131980
0.055801 8.138900
0.056354 8.172040
0.056906 8.172990
0.057459 8.204940
0.058011 8.224010
0.058564 8.228060
0.059116 8.234980
0.059669 8.239030
0.060221 8.240940
0.060773 8.244990
0.061326 8.254050
0.061878 8.270980
0.062431 8.272170
0.062983 8.276940
0.063536 8.285050
0.064088 8.303880
0.064641 8.309840
0.065193 8.310080
0.065746 8.313180
0.066298 8.316040
0.066851 8.318190
0.067403 8.325820
0.067956 8.328910
0.068508 8.350130
0.069061 8.353950
0.069613 8.358960
0.070166 8.362050
0.070718 8.363960
0.071271 8.365150
0.071823 8.369920
0.072376 8.384230
0.072928 8.389950
0.073481 8.404020
0.074033 8.405920
0.074586 8.408070
0.075138 8.409020
0.075691 8.412120
0.076243 8.421180
0.076796 8.425950
0.077348 8.425950
0.077901 8.433100
0.078453 8.443120
0.079006 8.452890
0.079558 8.476970
0.080110 8.496050
0.080663 8.504870
0.081215 8.508920
0.081768 8.511070
0.082320 8.513930
0.082873 8.568050
0.083425 8.569960
0.083978 8.579020
0.084530 8.587120
0.085083 8.591180
0.085635 8.596900
0.086188 8.610010
0.086740 8.646010
0.087293 8.656020
0.087845 8.661990
0.088398 8.693220
0.088950 8.701800
0.089503 8.728030
0.090055 8.728980
0.090608 8.801940
0.091160 8.806940
0.091713 8.809090
0.092265 8.810040
0.092818 8.827920
0.093370 8.841040
0.093923 8.847000
0.094475 8.853910
0.095028 8.857010
0.095580 8.863930
0.096133 8.863930
0.096685 8.892060
0.097238 8.933780
0.097790 8.934970
0.098343 8.941170
0.098895 8.948800
0.099448 8.950000
0.100000 8.960960
0.100552 8.963820
0.101105 8.997920
0.101657 9.010080
0.102210 9.011980
0.102762 9.041070
0.103315 9.073020
0.103867 9.074930
0.104420 9.104010
0.104972 9.132150
0.105525 9.135960
0.106077 9.148120
0.106630 9.190080
0.107182 9.197950
0.107735 9.236100
0.108287 9.237050
0.108840 9.241820
0.109392 9.302140
0.109945 9.308100
0.110497 9.326930
0.111050 9.328130
0.111602 9.333850
0.112155 9.379860
0.112707 9.381770
0.113260 9.400130
0.113812 9.410140
0.114365 9.429930
0.114917 9.449010
0.115470 9.449960
0.116022 9.467120
0.116575 9.469990
0.117127 9.494070
0.117680 9.510990
0.118232 9.538170
0.118785 9.565110
0.119337 9.583000
0.119890 9.603980
0.120442 9.612080
0.120994 9.637120
0.121547 9.639020
0.122099 9.675980
0.122652 9.688140
0.123204 9.699110
0.123757 9.701970
0.124309 9.740110
0.124862 9.763000
0.125414 9.792800
0.125967 9.807110
0.126519 9.807110
0.127072 9.815930
0.127624 9.838100
0.128177 9.889840
0.128729 9.902000
0.129282 9.912010
0.129834 9.920120
0.130387 9.928940
0.130939 9.950160
0.131492 9.953020
0.132044 9.999040
0.132597 10.042900
0.133149 10.048900
0.133702 10.075100
0.134254 10.084900
0.134807 10.100100
0.135359 10.112000
0.135912 10.129000
0.136464 10.131100
0.137017 10.134000
0.137569 10.135200
0.138122 10.157100
0.138674 10.186000
0.139227 10.196900
0.139779 10.196900
0.140331 10.211900
0.140884 10.229100
0.141436 10.253000
0.141989 10.268900
0.142541 10.272000
0.143094 10.299000
0.143646 10.300200
0.144199 10.304000
0.144751 10.355900
0.145304 10.359000
0.145856 10.366000
0.146409 10.372200
0.146961 10.382900
0.147514 10.408900
0.148066 10.414800
0.148619 10.415100
0.149171 10.419800
0.149724 10.439200
0.150276 10.449900
0.150829 10.464000
0.151381 10.468000
0.151934 10.473000
0.152486 10.484900
0.153039 10.494000
0.153591 10.499000
0.154144 10.502100
0.154696 10.505000
0.155249 10.522100
0.155801 10.537900
0.156354 10.586000
0.156906 10.597900
0.157459 10.640900
0.158011 10.669000
0.158564 10.674000
0.159116 10.686900
0.159669 10.694000
0.160221 10.695900
0.160773 10.709000
0.161326 10.716900
0.161878 10.734100
0.162431 10.736900
0.162983 10.745000
0.163536 10.746000
0.164088 10.775100
0.164641 10.777000
0.165193 10.779100
0.165746 10.787000
0.166298 10.788900
0.166851 10.790100
0.167403 10.792000
0.167956 10.792000
0.168508 10.798000
0.169061 10.803200
0.169613 10.810900
0.170166 10.819900
0.170718 10.833000
0.171271 10.839000
0.171823 10.849000
0.172376 10.851100
0.172928 10.855000
0.173481 10.858100
0.174033 10.871200
0.174586 10.871900
0.175138 10.876200
0.175691 10.881900
0.176243 10.888800
0.176796 10.894800
0.177348 10.901000
0.177901 10.901000
0.178453 10.903100
0.179006 10.910000
0.179558 10.918100
0.180110 10.919800
0.180663 10.924100
0.181215 10.925100
0.181768 10.927000
0.182320 10.934800
0.182873 10.936000
0.183425 10.939100
0.183978 10.941000
0.184530 10.942000
0.185083 10.942900
0.185635 10.943900
0.186188 10.947000
0.186740 10.951000
0.187293 10.952000
0.187845 10.953200
0.188398 10.959100
0.188950 10.961100
0.189503 10.962000
0.190055 10.963000
0.190608 10.966100
0.191160 10.968900
0.191713 10.973000
0.192265 10.979900
0.192818 10.981100
0.193370 10.984900
0.193923 10.992100
0.194475 10.998000
0.195028 11.007100
0.195580 11.007800
0.196133 11.019900
0.196685 11.038100
0.197238 11.039000
0.197790 11.048100
0.198343 11.050900
0.198895 11.065000
0.199448 11.067900
0.200000 11.072900
0.200552 11.086000
0.201105 11.090000
0.201657 11.104100
0.202210 11.109100
0.202762 11.123900
0.203315 11.127000
0.203867 11.132000
0.204420 11.149900
0.204972 11.156100
0.205525 11.158000
0.206077 11.169900
0.206630 11.182100
0.207182 11.184000
0.207735 11.194000
0.208287 11.204000
0.208840 11.219000
0.209392 11.225000
0.209945 11.230000
0.210497 11.237900
0.211050 11.238100
0.211602 11.252200
0.212155 11.255000
0.212707 11.260000
0.213260 11.261000
0.213812 11.261900
0.214365 11.277000
0.214917 11.281000
0.215470 11.285100
0.216022 11.286000
0.216575 11.301000
0.217127 11.307000
0.217680 11.318900
0.218232 11.323900
0.218785 11.328900
0.219337 11.332000
0.219890 11.337000
0.220442 11.338900
0.220994 11.344000
0.221547 11.344900
0.222099 11.345100
0.222652 11.351100
0.223204 11.361100
0.223757 11.369000
0.224309 11.375000
0.224862 11.379000
0.225414 11.394000
0.225967 11.398100
0.226519 11.403100
0.227072 11.405900
0.227624 11.405900
0.228177 11.409000
0.228729 11.426000
0.229282 11.432200
0.229834 11.434100
0.230387 11.444100
0.230939 11.444100
0.231492 11.447000
0.232044 11.447000
0.232597 11.454100
0.233149 11.455100
0.233702 11.459100
0.234254 11.460100
0.234807 11.461000
0.235359 11.461000
0.235912 11.463200
0.236464 11.466000
0.237017 11.466000
0.237569 11.467900
0.238122 11.469800
0.238674 11.470100
0.239227 11.470100
0.239779 11.472900
0.240331 11.478200
0.240884 11.483000
0.241436 11.504900
0.241989 11.505100
0.242541 11.512000
0.243094 11.515100
0.243646 11.517000
0.244199 11.518000
0.244751 11.519900
0.245304 11.525900
0.245856 11.532100
0.246409 11.532100
0.246961 11.535200
0.247514 11.544000
0.248066 11.544900
0.248619 11.545900
0.249171 11.545900
0.249724 11.546100
0.250276 11.546900
0.250829 11.547100
0.251381 11.549900
0.251934 11.550900
0.252486 11.558100
0.253039 11.560900
0.253591 11.564000
0.254144 11.565900
0.254696 11.568100
0.255249 11.568800
0.255801 11.571900
0.256354 11.573100
0.256906 11.580000
0.257459 11.591900
0.258011 11.593800
0.258564 11.596200
0.259116 11.600000
0.259669 11.602200
0.260221 11.603800
0.260773 11.605000
0.261326 11.609100
0.261878 11.615000
0.262431 11.625100
0.262983 11.628200
0.263536 11.632900
0.264088 11.632900
0.264641 11.633900
0.265193 11.634800
0.265746 11.637000
0.266298 11.637000
0.266851 11.643900
0.267403 11.646000
0.267956 11.648200
0.268508 11.650100
0.269061 11.651000
0.269613 11.653900
0.270166 11.654900
0.270718 11.655100
0.271271 11.657000
0.271823 11.660100
0.272376 11.662000
0.272928 11.662000
0.273481 11.665100
0.274033 11.672000
0.274586 11.673900
0.275138 11.673900
0.275691 11.675800
0.276243 11.683000
0.276796 11.689200
0.277348 11.696100
0.277901 11.717100
0.278453 11.719900
0.279006 11.723000
0.279558 11.723000
0.280110 11.724900
0.280663 11.727100
0.281215 11.730900
0.281768 11.730900
0.282320 11.734000
0.282873 11.735000
0.283425 11.737100
0.283978 11.745000
0.284530 11.745000
0.285083 11.755000
0.285635 11.755000
0.286188 11.755900
0.286740 11.759000
0.287293 11.761000
0.287845 11.761000
0.288398 11.767900
0.288950 11.768100
0.289503 11.776000
0.290055 11.776200
0.290608 11.780000
0.291160 11.781000
0.291713 11.781000
0.292265 11.783100
0.292818 11.784100
0.293370 11.788100
0.293923 11.789100
0.294475 11.789100
0.295028 11.789100
0.295580 11.796000
0.296133 11.799100
0.296685 11.808200
0.297238 11.808900
0.297790 11.809100
0.298343 11.811000
0.298895 11.811000
0.299448 11.814100
0.300000 11.817000
0.300552 11.818900
0.301105 11.821000
0.301657 11.824800
0.302210 11.826000
0.302762 11.828900
0.303315 11.834900
0.303867 11.840800
0.304420 11.842000
0.304972 11.845100
0.305525 11.846100
0.306077 11.846100
0.306630 11.850100
0.307182 11.850800
0.307735 11.852000
0.308287 11.853000
0.308840 11.858000
0.309392 11.864900
0.309945 11.864900
0.310497 11.865100
0.311050 11.867000
0.311602 11.867000
0.312155 11.868000
0.312707 11.870900
0.313260 11.874000
0.313812 11.874000
0.314365 11.874900
0.314917 11.877100
0.315470 11.878000
0.316022 11.878000
0.316575 11.879000
0.317127 11.881100
0.317680 11.882100
0.318232 11.884000
0.318785 11.886800
0.319337 11.889900
0.319890 11.890200
0.320442 11.890900
0.320994 11.891800
0.321547 11.891800
0.322099 11.892100
0.322652 11.895900
0.323204 11.899000
0.323757 11.901100
0.324309 11.905000
0.324862 11.905000
0.325414 11.905900
0.325967 11.909000
0.326519 11.910000
0.327072 11.910900
0.327624 11.912100
0.328177 11.915000
0.328729 11.915900
0.329282 11.916200
0.329834 11.916900
0.330387 11.918100
0.330939 11.920000
0.331492 11.922800
0.332044 11.923100
0.332597 11.924000
0.333149 11.924000
0.333702 11.926900
0.334254 11.927100
0.334807 11.927800
0.335359 11.933100
0.335912 11.935000
0.336464 11.939800
0.337017 11.943100
0.337569 11.944800
0.338122 11.949100
0.338674 11.954100
0.339227 11.956000
0.339779 11.956000
0.340331 11.957900
0.340884 11.958800
0.341436 11.969800
0.341989 11.972900
0.342541 11.976000
0.343094 11.981000
0.343646 11.983900
0.344199 11.983900
0.344751 11.984800
0.345304 11.984800
0.345856 11.988200
0.346409 11.991000
0.346961 11.991000
0.347514 11.992000
0.348066 11.995100
0.348619 12.001000
0.349171 12.001000
0.349724 12.001000
0.350276 12.002000
0.350829 12.005100
0.351381 12.006000
0.351934 12.008000
0.352486 12.008000
0.353039 12.008900
0.353591 12.009900
0.354144 12.011100
0.354696 12.012000
0.355249 12.013000
0.355801 12.014900
0.356354 12.017000
0.356906 12.017000
0.357459 12.018900
0.358011 12.018900
0.358564 12.023000
0.359116 12.024200
0.359669 12.028900
0.360221 12.033000
0.360773 12.033000
0.361326 12.033900
0.361878 12.036800
0.362431 12.038000
0.362983 12.040100
0.363536 12.042000
0.364088 12.047100
0.364641 12.048000
0.365193 12.050200
0.365746 12.051100
0.366298 12.053000
0.366851 12.055200
0.367403 12.055900
0.367956 12.057100
0.368508 12.063000
0.369061 12.064900
0.369613 12.065900
0.370166 12.068000
0.370718 12.069900
0.371271 12.069900
0.371823 12.071800
0.372376 12.076100
0.372928 12.077100
0.373481 12.079000
0.374033 12.080000
0.374586 12.081100
0.375138 12.085900
0.375691 12.086900
0.376243 12.086900
0.376796 12.088100
0.377348 12.090000
0.377901 12.090000
0.378453 12.090000
0.379006 12.090900
0.379558 12.097800
0.380110 12.100900
0.380663 12.100900
0.381215 12.102100
0.381768 12.103800
0.382320 12.104000
0.382873 12.105900
0.383425 12.113100
0.383978 12.116900
0.384530 12.116900
0.385083 12.117100
0.385635 12.117100
0.386188 12.119100
0.386740 12.120000
0.387293 12.121900
0.387845 12.125000
0.388398 12.125000
0.388950 12.126000
0.389503 12.126000
0.390055 12.126200
0.390608 12.126900
0.391160 12.129100
0.391713 12.131000
0.392265 12.131900
0.392818 12.134800
0.393370 12.136000
0.393923 12.140000
0.394475 12.142900
0.395028 12.144100
0.395580 12.145000
0.396133 12.145000
0.396685 12.147900
0.397238 12.149800
0.397790 12.150000
0.398343 12.151000
0.398895 12.152900
0.399448 12.153900
0.400000 12.158900
0.400552 12.160100
0.401105 12.164800
0.401657 12.165100
0.402210 12.166000
0.402762 12.167900
0.403315 12.171000
0.403867 12.171000
0.404420 12.171000
0.404972 12.172000
0.405525 12.172900
0.406077 12.172900
0.406630 12.177000
0.407182 12.178200
0.407735 12.183000
0.408287 12.185100
0.408840 12.185800
0.409392 12.188000
0.409945 12.188900
0.410497 12.189100
0.411050 12.189900
0.411602 12.189900
0.412155 12.193900
0.412707 12.194200
0.413260 12.197000
0.413812 12.198000
0.414365 12.198000
0.414917 12.200100
0.415470 12.200800
0.416022 12.203000
0.416575 12.204200
0.417127 12.210100
0.417680 12.211100
0.418232 12.213900
0.418785 12.215900
0.419337 12.218000
0.419890 12.220100
0.420442 12.220100
0.420994 12.220900
0.421547 12.221100
0.422099 12.221100
0.422652 12.224200
0.423204 12.226100
0.423757 12.227100
0.424309 12.228000
0.424862 12.230200
0.425414 12.234200
0.425967 12.239000
0.426519 12.239000
0.427072 12.244000
0.427624 12.245200
0.428177 12.245900
0.428729 12.249000
0.429282 12.249000
0.429834 12.250900
0.430387 12.254000
0.430939 12.257100
0.431492 12.257100
0.432044 12.260000
0.432597 12.264000
0.433149 12.264000
0.433702 12.265000
0.434254 12.265900
0.434807 12.265900
0.435359 12.275000
0.435912 12.278100
0.436464 12.279000
0.437017 12.285900
0.437569 12.293100
0.438122 12.296900
0.438674 12.299100
0.439227 12.303100
0.439779 12.308800
0.440331 12.309100
0.440884 12.311000
0.441436 12.311900
0.441989 12.312900
0.442541 12.314100
0.443094 12.315000
0.443646 12.318100
0.444199 12.318800
0.444751 12.318800
0.445304 12.321000
0.445856 12.322900
0.446409 12.322900
0.446961 12.328100
0.447514 12.330100
0.448066 12.333900
0.448619 12.338200
0.449171 12.340100
0.449724 12.343200
0.450276 12.343900
0.450829 12.345800
0.451381 12.347900
0.451934 12.348900
0.452486 12.348900
0.453039 12.350800
0.453591 12.351000
0.454144 12.351000
0.454696 12.352900
0.455249 12.356000
0.455801 12.357000
0.456354 12.357000
0.456906 12.358900
0.457459 12.360800
0.458011 12.365100
0.458564 12.368000
0.459116 12.368900
0.459669 12.371800
0.460221 12.372000
0.460773 12.376100
0.461326 12.377000
0.461878 12.378900
0.462431 12.378900
0.462983 12.385100
0.463536 12.390100
0.464088 12.391100
0.464641 12.393000
0.465193 12.401100
0.465746 12.402100
0.466298 12.406100
0.466851 12.411800
0.467403 12.419200
0.467956 12.419900
0.468508 12.421100
0.469061 12.427800
0.469613 12.432100
0.470166 12.436200
0.470718 12.440000
0.471271 12.440000
0.471823 12.440900
0.472376 12.440900
0.472928 12.444000
0.473481 12.447100
0.474033 12.447800
0.474586 12.450000
0.475138 12.450900
0.475691 12.456200
0.476243 12.466000
0.476796 12.468100
0.477348 12.473800
0.477901 12.475000
0.478453 12.476000
0.479006 12.476900
0.479558 12.484100
0.480110 12.492900
0.480663 12.492900
0.481215 12.495000
0.481768 12.496900
0.482320 12.496900
0.482873 12.499800
0.483425 12.502000
0.483978 12.503100
0.484530 12.508900
0.485083 12.512000
0.485635 12.513200
0.486188 12.513900
0.486740 12.517000
0.487293 12.521000
0.487845 12.527000
0.488398 12.527900
0.488950 12.534100
0.489503 12.535800
0.490055 12.553000
0.490608 12.556100
0.491160 12.562000
0.491713 12.562000
0.492265 12.588000
0.492818 12.598000
0.493370 12.605000
0.493923 12.605900
0.494475 12.605900
0.495028 12.606900
0.495580 12.621900
0.496133 12.623100
0.496685 12.625900
0.497238 12.626200
0.497790 12.634000
0.498343 12.638100
0.498895 12.647900
0.499448 12.651000
0.500000 12.653100
0.500552 12.654100
0.501105 12.656200
0.501657 12.659100
0.502210 12.671900
0.502762 12.675000
0.503315 12.676000
0.503867 12.677000
0.504420 12.694100
0.504972 12.694100
0.505525 12.703200
0.506077 12.711000
0.506630 12.713000
0.507182 12.718200
0.507735 12.728900
0.508287 12.753000
0.508840 12.759000
0.509392 12.789000
0.509945 12.801900
0.510497 12.806900
0.511050 12.814000
0.511602 12.824100
0.512155 12.866000
0.512707 12.872900
0.513260 12.883900
0.513812 12.887000
0.514365 12.916100
0.514917 12.926100
0.515470 12.929200
0.516022 12.942800
0.516575 12.944000
0.517127 12.975000
0.517680 13.017900
0.518232 13.024800
0.518785 13.030100
0.519337 13.055100
0.519890 13.055800
0.520442 13.076100
0.520994 13.098000
0.521547 13.136100
0.522099 13.147100
0.522652 13.201000
0.523204 13.239100
0.523757 13.257000
0.524309 13.292100
0.524862 13.292800
0.525414 13.293000
0.525967 13.336900
0.526519 13.481100
0.527072 13.510000
0.527624 13.512100
0.528177 13.630200
0.528729 13.680000
0.529282 13.768200
0.529834 13.788000
0.530387 13.793000
0.530939 13.911000
0.531492 13.932000
0.532044 14.030900
0.532597 14.106000
0.533149 14.149900
0.533702 14.151800
0.534254 14.168000
0.534807 14.173000
0.535359 14.260100
0.535912 14.277000
0.536464 14.290800
0.537017 14.306100
0.537569 14.307000
0.538122 14.360900
0.538674 14.390000
0.539227 14.407200
0.539779 14.441000
0.540331 14.456000
0.540884 14.462000
0.541436 14.462000
0.541989 14.465100
0.542541 14.475100
0.543094 14.485800
0.543646 14.497000
0.544199 14.511100
0.544751 14.537100
0.545304 14.540900
0.545856 14.566200
0.546409 14.589100
0.546961 14.625100
0.547514 14.661100
0.548066 14.680100
0.548619 14.683000
0.549171 14.695900
0.549724 14.703000
0.550276 14.727800
0.550829 14.794800
0.551381 14.802900
0.551934 14.816000
0.552486 14.822000
0.553039 14.825100
0.553591 14.827000
0.554144 14.830100
0.554696 14.835100
0.555249 14.842000
0.555801 14.854000
0.556354 14.889000
0.556906 14.890200
0.557459 14.902100
0.558011 14.904000
0.558564 14.932900
0.559116 14.937900
0.559669 14.945000
0.560221 14.966000
0.560773 14.972200
0.561326 14.977900
0.561878 14.984100
0.562431 15.005800
0.562983 15.013000
0.563536 15.032100
0.564088 15.050200
0.564641 15.054900
0.565193 15.075000
0.565746 15.100000
0.566298 15.108800
0.566851 15.109100
0.567403 15.124100
0.567956 15.147200
0.568508 15.152900
0.569061 15.157000
0.569613 15.192000
0.570166 15.208000
0.570718 15.211100
0.571271 15.221100
0.571823 15.229000
0.572376 15.258100
0.572928 15.259000
0.573481 15.293100
0.574033 15.334100
0.574586 15.380900
0.575138 15.383000
0.575691 15.394200
0.576243 15.408000
0.576796 15.414000
0.577348 15.424000
0.577901 15.479100
0.578453 15.481000
0.579006 15.503900
0.579558 15.522000
0.580110 15.531100
0.580663 15.531800
0.581215 15.554900
0.581768 15.560200
0.582320 15.562100
0.582873 15.563000
0.583425 15.567100
0.583978 15.580900
0.584530 15.586100
0.585083 15.590000
0.585635 15.590900
0.586188 15.601900
0.586740 15.602100
0.587293 15.623100
0.587845 15.677900
0.588398 15.695100
0.588950 15.712000
0.589503 15.716100
0.590055 15.718000
0.590608 15.721800
0.591160 15.726100
0.591713 15.727000
0.592265 15.733000
0.592818 15.742100
0.593370 15.757800
0.593923 15.772100
0.594475 15.796900
0.595028 15.797100
0.595580 15.807200
0.596133 15.829100
0.596685 15.843900
0.597238 15.854800
0.597790 15.858900
0.598343 15.879900
0.598895 15.886100
0.599448 15.895800
0.600000 15.912100
0.600552 15.913000
0.601105 15.919000
0.601657 15.927100
0.602210 15.929000
0.602762 15.930900
0.603315 15.931800
0.603867 15.939000
0.604420 15.942100
0.604972 15.949000
0.605525 15.954000
0.606077 15.956900
0.606630 15.962100
0.607182 15.975000
0.607735 15.976000
0.608287 15.976900
0.608840 15.981900
0.609392 16.001000
0.609945 16.009800
0.610497 16.012900
0.611050 16.019100
0.611602 16.020100
0.612155 16.025100
0.612707 16.039100
0.613260 16.042900
0.613812 16.048000
0.614365 16.066800
0.614917 16.068900
0.615470 16.082000
0.616022 16.085900
0.616575 16.088000
0.617127 16.089200
0.617680 16.089900
0.618232 16.109000
0.618785 16.109000
0.619337 16.115900
0.619890 16.117100
0.620442 16.120000
0.620994 16.130200
0.621547 16.131900
0.622099 16.136200
0.622652 16.141900
0.623204 16.155000
0.623757 16.155000
0.624309 16.163800
0.624862 16.165000
0.625414 16.166900
0.625967 16.166900
0.626519 16.168100
0.627072 16.170000
0.627624 16.171000
0.628177 16.171900
0.628729 16.176000
0.629282 16.176000
0.629834 16.180000
0.630387 16.192000
0.630939 16.196000
0.631492 16.201000
0.632044 16.205100
0.632597 16.211000
0.633149 16.212900
0.633702 16.213200
0.634254 16.213900
0.634807 16.214100
0.635359 16.215100
0.635912 16.216000
0.636464 16.221000
0.637017 16.222000
0.637569 16.229900
0.638122 16.231100
0.638674 16.236100
0.639227 16.242000
0.639779 16.243000
0.640331 16.251100
0.640884 16.251100
0.641436 16.253900
0.641989 16.255900
0.642541 16.256100
0.643094 16.257000
0.643646 16.257000
0.644199 16.258000
0.644751 16.259900
0.645304 16.266800
0.645856 16.267100
0.646409 16.271800
0.646961 16.272100
0.647514 16.280900
0.648066 16.281800
0.648619 16.282100
0.649171 16.284000
0.649724 16.285900
0.650276 16.289900
0.650829 16.292100
0.651381 16.294000
0.651934 16.295000
0.652486 16.295000
0.653039 16.295200
0.653591 16.296100
0.654144 16.296100
0.654696 16.305000
0.655249 16.305900
0.655801 16.314000
0.656354 16.317100
0.656906 16.318100
0.657459 16.320000
0.658011 16.320900
0.658564 16.324000
0.659116 16.325000
0.659669 16.335000
0.660221 16.341900
0.660773 16.343100
0.661326 16.343800
0.661878 16.347900
0.662431 16.349100
0.662983 16.353800
0.663536 16.361000
0.664088 16.361000
0.664641 16.367900
0.665193 16.368200
0.665746 16.369100
0.666298 16.370100
0.666851 16.370100
0.667403 16.371000
0.667956 16.376000
0.668508 16.382000
0.669061 16.385100
0.669613 16.391000
0.670166 16.392000
0.670718 16.393900
0.671271 16.398900
0.671823 16.410800
0.672376 16.411100
0.672928 16.411800
0.673481 16.412000
0.674033 16.412000
0.674586 16.413900
0.675138 16.415100
0.675691 16.426100
0.676243 16.429900
0.676796 16.430100
0.677348 16.431100
0.677901 16.458000
0.678453 16.458000
0.679006 16.461100
0.679558 16.462100
0.680110 16.474000
0.680663 16.477100
0.681215 16.484000
0.681768 16.485000
0.682320 16.490000
0.682873 16.490900
0.683425 16.491200
0.683978 16.495900
0.684530 16.498100
0.685083 16.500900
0.685635 16.504000
0.686188 16.504000
0.686740 16.506200
0.687293 16.506900
0.687845 16.507100
0.688398 16.508800
0.688950 16.511900
0.689503 16.513100
0.690055 16.516900
0.690608 16.519100
0.691160 16.523100
0.691713 16.524100
0.692265 16.526900
0.692818 16.531000
0.693370 16.531900
0.693923 16.532900
0.694475 16.532900
0.695028 16.533100
0.695580 16.537900
0.696133 16.538900
0.696685 16.541000
0.697238 16.544100
0.697790 16.551000
0.698343 16.551000
0.698895 16.554100
0.699448 16.554800
0.700000 16.555100
0.700552 16.557000
0.701105 16.561000
0.701657 16.562000
0.702210 16.564800
0.702762 16.566000
0.703315 16.567900
0.703867 16.568900
0.704420 16.576100
0.704972 16.581100
0.705525 16.583000
0.706077 16.583200
0.706630 16.584200
0.707182 16.586100
0.707735 16.588000
0.708287 16.588900
0.708840 16.590100
0.709392 16.591800
0.709945 16.597000
0.710497 16.598200
0.711050 16.598900
0.711602 16.601100
0.712155 16.603900
0.712707 16.606800
0.713260 16.607000
0.713812 16.608000
0.714365 16.612100
0.714917 16.617100
0.715470 16.619900
0.716022 16.626800
0.716575 16.628000
0.717127 16.629900
0.717680 16.630900
0.718232 16.634900
0.718785 16.639000
0.719337 16.639900
0.719890 16.640900
0.720442 16.641100
0.720994 16.642100
0.721547 16.646100
0.722099 16.651900
0.722652 16.658800
0.723204 16.661900
0.723757 16.665000
0.724309 16.690000
0.724862 16.691000
0.725414 16.695000
0.725967 16.701000
0.726519 16.713100
0.727072 16.713900
0.727624 16.716000
0.728177 16.717000
0.728729 16.717000
0.729282 16.721000
0.729834 16.722900
0.730387 16.723200
0.730939 16.732000
0.731492 16.732900
0.732044 16.733200
0.732597 16.734800
0.733149 16.735100
0.733702 16.738900
0.734254 16.744100
0.734807 16.749900
0.735359 16.749900
0.735912 16.752000
0.736464 16.760800
0.737017 16.770100
0.737569 16.775100
0.738122 16.778000
0.738674 16.778900
0.739227 16.780900
0.739779 16.784000
0.740331 16.785100
0.740884 16.793000
0.741436 16.794000
0.741989 16.794900
0.742541 16.796800
0.743094 16.799000
0.743646 16.804000
0.744199 16.816900
0.744751 16.820900
0.745304 16.825900
0.745856 16.828100
0.746409 16.828100
0.746961 16.829000
0.747514 16.829000
0.748066 16.835000
0.748619 16.835000
0.749171 16.835900
0.749724 16.836200
0.750276 16.840900
0.750829 16.850900
0.751381 16.854000
0.751934 16.873800
0.752486 16.881000
0.753039 16.887900
0.753591 16.888900
0.754144 16.889100
0.754696 16.890000
0.755249 16.895100
0.755801 16.901000
0.756354 16.901000
0.756906 16.904100
0.757459 16.905100
0.758011 16.906000
0.758564 16.920800
0.759116 16.922200
0.759669 16.935100
0.760221 16.936100
0.760773 16.939900
0.761326 16.943000
0.761878 16.943200
0.762431 16.951100
0.762983 16.955900
0.763536 16.959000
0.764088 16.959000
0.764641 16.963000
0.765193 16.963000
0.765746 16.968000
0.766298 16.968000
0.766851 16.988000
0.767403 16.990200
0.767956 16.993000
0.768508 16.995000
0.769061 17.000900
0.769613 17.005900
0.770166 17.007100
0.770718 17.010000
0.771271 17.010000
0.771823 17.013100
0.772376 17.018100
0.772928 17.022800
0.773481 17.029000
0.774033 17.036900
0.774586 17.037900
0.775138 17.044100
0.775691 17.045000
0.776243 17.064100
0.776796 17.074800
0.777348 17.083900
0.777901 17.103900
0.778453 17.107000
0.779006 17.112000
0.779558 17.113000
0.780110 17.116100
0.780663 17.123000
0.781215 17.129900
0.781768 17.133000
0.782320 17.139000
0.782873 17.139000
0.783425 17.148000
0.783978 17.149000
0.784530 17.163000
0.785083 17.170000
0.785635 17.170900
0.786188 17.175000
0.786740 17.181200
0.787293 17.182100
0.787845 17.204000
0.788398 17.228100
0.788950 17.251000
0.789503 17.254100
0.790055 17.266000
0.790608 17.272900
0.791160 17.278900
0.791713 17.295100
0.792265 17.308000
0.792818 17.313000
0.793370 17.318000
0.793923 17.320900
0.794475 17.329000
0.795028 17.331800
0.795580 17.331800
0.796133 17.350900
0.796685 17.359000
0.797238 17.369000
0.797790 17.369000
0.798343 17.397900
0.798895 17.417900
0.799448 17.420100
0.800000 17.438200
0.800552 17.449100
0.801105 17.470800
0.801657 17.473900
0.802210 17.474200
0.802762 17.483000
0.803315 17.483000
0.803867 17.519000
0.804420 17.523100
0.804972 17.541900
0.805525 17.631100
0.806077 17.651100
0.806630 17.664000
0.807182 17.666100
0.807735 17.684000
0.808287 17.701100
0.808840 17.718100
0.809392 17.724000
0.809945 17.767900
0.810497 18.153000
0.811050 18.192100
0.811602 18.532000
0.812155 19.480900
0.812707 19.496200
0.813260 19.511900
0.813812 19.549100
0.814365 19.799000
0.814917 20.078200
0.815470 20.354000
0.816022 20.364000
0.816575 20.760100
0.817127 20.777000
0.817680 20.913100
0.818232 20.969900
0.818785 21.127000
0.819337 21.230000
0.819890 21.830800
0.820442 21.937100
0.820994 22.091900
0.821547 23.409800
0.822099 23.458000
0.822652 23.472100
0.823204 23.562000
0.823757 23.652800
0.824309 23.906000
0.824862 24.162100
0.825414 24.447000
0.825967 25.847200
0.826519 26.247000
0.827072 26.466800
0.827624 27.476100
0.828177 27.633200
0.828729 27.729000
0.829282 29.122800
0.829834 29.184100
0.830387 29.319000
0.830939 29.526000
0.831492 30.013800
0.832044 30.245100
0.832597 30.583900
0.833149 30.593900
0.833702 30.726000
0.834254 30.785800
0.834807 31.381800
0.835359 31.503000
0.835912 31.513200
0.836464 31.611000
0.837017 31.954100
0.837569 32.462100
0.838122 32.594000
0.838674 32.992800
0.839227 33.906900
0.839779 34.010200
0.840331 34.183000
0.840884 34.346100
0.841436 35.027000
0.841989 35.115000
0.842541 35.133800
0.843094 35.177000
0.843646 35.197000
0.844199 35.288100
0.844751 35.418000
0.845304 35.504100
0.845856 35.553000
0.846409 35.579900
0.846961 35.635000
0.847514 35.703900
0.848066 35.945900
0.848619 35.967100
0.849171 35.992100
0.849724 36.063000
0.850276 36.068900
0.850829 36.206000
0.851381 36.598900
0.851934 36.703100
0.852486 36.824000
0.853039 37.255000
0.853591 37.560000
0.854144 37.648000
0.854696 38.214000
0.855249 38.226100
0.855801 38.238000
0.856354 38.557100
0.856906 38.783100
0.857459 38.853900
0.858011 38.953100
0.858564 38.969000
0.859116 39.160000
0.859669 39.227000
0.860221 39.295200
0.860773 40.767000
0.861326 41.446000
0.861878 41.827000
0.862431 42.029100
0.862983 42.045100
0.863536 43.152800
0.864088 43.323000
0.864641 43.552200
0.865193 43.927000
0.865746 44.419100
0.866298 44.425000
0.866851 44.655800
0.867403 44.768100
0.867956 44.889900
0.868508 45.030800
0.869061 45.241800
0.869613 45.248000
0.870166 45.378000
0.870718 45.405900
0.871271 45.435900
0.871823 45.575900
0.872376 45.651000
0.872928 45.839100
0.873481 45.971200
0.874033 46.124000
0.874586 46.141900
0.875138 46.694000
0.875691 46.984000
0.876243 47.555900
0.876796 47.790100
0.877348 47.812900
0.877901 48.095000
0.878453 48.327900
0.879006 48.667200
0.879558 48.739900
0.880110 49.201000
0.880663 49.231100
0.881215 49.455900
0.881768 49.494000
0.882320 49.727200
0.882873 49.799900
0.883425 50.235000
0.883978 50.365000
0.884530 50.507100
0.885083 50.925000
0.885635 50.992000
0.886188 51.080200
0.886740 51.240000
0.887293 51.507900
0.887845 51.610000
0.888398 51.772100
0.888950 52.276100
0.889503 52.505000
0.890055 52.696000
0.890608 52.794000
0.891160 53.328000
0.891713 53.348100
0.892265 53.428900
0.892818 53.582200
0.893370 53.833000
0.893923 54.029000
0.894475 54.775000
0.895028 54.994800
0.895580 55.110000
0.896133 55.845000
0.896685 55.999000
0.897238 56.070100
0.897790 56.232900
0.898343 56.307100
0.898895 56.329000
0.899448 56.438900
0.900000 56.685000
0.900552 56.768900
0.901105 56.871200
0.901657 57.112000
0.902210 57.126000
0.902762 57.361100
0.903315 57.439100
0.903867 58.325100
0.904420 58.334800
0.904972 58.468100
0.905525 58.536100
0.906077 58.548200
0.906630 58.571100
0.907182 58.599900
0.907735 58.925900
0.908287 59.835000
0.908840 60.222100
0.909392 61.092100
0.909945 61.273100
0.910497 61.500100
0.911050 62.946100
0.911602 63.635100
0.912155 63.705900
0.912707 64.378000
0.913260 64.554200
0.913812 64.811900
0.914365 64.883000
0.914917 64.974100
0.915470 65.052000
0.916022 65.069000
0.916575 65.628100
0.917127 65.772100
0.917680 65.830000
0.918232 65.943000
0.918785 66.392900
0.919337 66.397900
0.919890 66.674000
0.920442 67.520900
0.920994 67.533000
0.921547 67.546100
0.922099 67.552100
0.922652 67.601000
0.923204 67.606000
0.923757 67.805100
0.924309 67.909000
0.924862 68.263100
0.925414 68.833800
0.925967 68.985000
0.926519 69.063900
0.927072 69.193800
0.927624 69.446800
0.928177 69.542900
0.928729 69.713100
0.929282 69.788200
0.929834 70.252900
0.930387 70.814100
0.930939 70.930000
0.931492 71.134100
0.932044 71.136000
0.932597 71.166000
0.933149 71.334100
0.933702 71.456900
0.934254 71.832900
0.934807 71.908000
0.935359 71.987200
0.935912 72.022900
0.936464 72.212000
0.937017 72.339100
0.937569 72.673800
0.938122 72.705000
0.938674 73.097900
0.939227 73.341100
0.939779 73.396000
0.940331 73.437000
0.940884 73.725900
0.941436 73.758100
0.941989 73.849000
0.942541 74.757800
0.943094 74.784000
0.943646 74.945900
0.944199 75.365100
0.944751 75.903900
0.945304 75.989000
0.945856 76.230000
0.946409 76.269100
0.946961 76.767000
0.947514 77.096000
0.948066 77.106000
0.948619 77.185900
0.949171 77.251900
0.949724 77.949000
0.950276 78.210800
0.950829 79.251100
0.951381 79.613000
0.951934 79.741000
0.952486 79.825200
0.953039 79.874000
0.953591 80.004000
0.954144 80.497000
0.954696 80.980100
0.955249 81.275900
0.955801 81.709900
0.956354 83.127000
0.956906 83.195000
0.957459 83.316100
0.958011 83.336800
0.958564 83.604100
0.959116 83.655100
0.959669 85.367000
0.960221 85.831200
0.960773 86.282000
0.961326 86.351900
0.961878 86.461100
0.962431 87.154200
0.962983 87.277900
0.963536 87.301000
0.964088 87.345800
0.964641 87.500100
0.965193 87.653900
0.965746 87.835100
0.966298 87.839800
0.966851 88.129000
0.967403 89.000900
0.967956 90.364900
0.968508 90.742100
0.969061 91.337000
0.969613 91.476200
0.970166 92.887200
0.970718 93.308900
0.971271 94.363000
0.971823 94.419000
0.972376 94.767100
0.972928 94.965000
0.973481 95.227000
0.974033 95.266100
0.974586 97.284100
0.975138 98.312900
0.975691 98.846000
0.976243 99.489900
0.976796 100.084000
0.977348 101.872000
0.977901 102.789000
0.978453 104.038000
0.979006 104.160000
0.979558 104.557000
0.980110 105.111000
0.980663 105.940000
0.981215 106.484000
0.981768 106.643000
0.982320 107.090000
0.982873 107.155000
0.983425 107.344000
0.983978 107.490000
0.984530 107.726000
0.985083 108.256000
0.985635 108.285000
0.986188 109.170000
0.986740 109.212000
0.987293 110.072000
0.987845 110.216000
0.988398 111.800000
0.988950 112.277000
0.989503 112.364000
0.990055 113.470000
0.990608 115.068000
0.991160 115.747000
0.991713 117.577000
0.992265 117.970000
0.992818 118.914000
0.993370 119.583000
0.993923 119.916000
0.994475 121.344000
0.995028 121.969000
0.995580 122.826000
0.996133 123.815000
0.996685 136.832000
0.997238 137.912000
0.997790 137.951000
0.998343 144.423000
0.998895 148.796000
0.999448 151.855000
1.000000 195.776000
