0.000260 1.266960
0.000520 1.268150
0.000781 1.270060
0.001041 1.272920
0.001301 1.273870
0.001561 1.274110
0.001821 1.274820
0.002082 1.275060
0.002342 1.275780
0.002602 1.276020
0.002862 1.276970
0.003123 1.277920
0.003383 1.277920
0.003643 1.279120
0.003903 1.279830
0.004163 1.280070
0.004424 1.281980
0.004684 1.282930
0.004944 1.282930
0.005204 1.283170
0.005464 1.283880
0.005725 1.283880
0.005985 1.284840
0.006245 1.284840
0.006505 1.285080
0.006766 1.285080
0.007026 1.286980
0.007286 1.286980
0.007546 1.287940
0.007806 1.287940
0.008067 1.288890
0.008327 1.288890
0.008587 1.288890
0.008847 1.288890
0.009107 1.289130
0.009368 1.289130
0.009628 1.289130
0.009888 1.289130
0.010148 1.289130
0.010409 1.289840
0.010669 1.290080
0.010929 1.290800
0.011189 1.290800
0.011449 1.291040
0.011710 1.291040
0.011970 1.291040
0.012230 1.291990
0.012490 1.291990
0.012750 1.292940
0.013011 1.292940
0.013271 1.292940
0.013531 1.292940
0.013791 1.292940
0.014052 1.293180
0.014312 1.293180
0.014572 1.293180
0.014832 1.294140
0.015092 1.294140
0.015353 1.294850
0.015613 1.294850
0.015873 1.295090
0.016133 1.296040
0.016393 1.296040
0.016654 1.296040
0.016914 1.297950
0.017174 1.297950
0.017434 1.297950
0.017695 1.298190
0.017955 1.298190
0.018215 1.298190
0.018475 1.298900
0.018735 1.298900
0.018996 1.298900
0.019256 1.299140
0.019516 1.299140
0.019776 1.299860
0.020036 1.299860
0.020297 1.299860
0.020557 1.300100
0.020817 1.300100
0.021077 1.300100
0.021337 1.300810
0.021598 1.300810
0.021858 1.301050
0.022118 1.301050
0.022378 1.301050
0.022639 1.302000
0.022899 1.302000
0.023159 1.302000
0.023419 1.302000
0.023679 1.302000
0.023940 1.302000
0.024200 1.302960
0.024460 1.302960
0.024720 1.303200
0.024980 1.303200
0.025241 1.304150
0.025501 1.304150
0.025761 1.304860
0.026021 1.304860
0.026282 1.304860
0.026542 1.304860
0.026802 1.305820
0.027062 1.305820
0.027322 1.306060
0.027583 1.306060
0.027843 1.306060
0.028103 1.306060
0.028363 1.307010
0.028623 1.307960
0.028884 1.307960
0.029144 1.307960
0.029404 1.308200
0.029664 1.308920
0.029925 1.308920
0.030185 1.308920
0.030445 1.308920
0.030705 1.308920
0.030965 1.309160
0.031226 1.309160
0.031486 1.309870
0.031746 1.310110
0.032006 1.310110
0.032266 1.310110
0.032527 1.310110
0.032787 1.310110
0.033047 1.310830
0.033307 1.310830
0.033568 1.311060
0.033828 1.311060
0.034088 1.312020
0.034348 1.312020
0.034608 1.312020
0.034869 1.312970
0.035129 1.313210
0.035389 1.313920
0.035649 1.313920
0.035909 1.314160
0.036170 1.314160
0.036430 1.314880
0.036690 1.314880
0.036950 1.315120
0.037211 1.315120
0.037471 1.315120
0.037731 1.315120
0.037991 1.315830
0.038251 1.316070
0.038512 1.316070
0.038772 1.316070
0.039032 1.316070
0.039292 1.316070
0.039552 1.316790
0.039813 1.316790
0.040073 1.317020
0.040333 1.317020
0.040593 1.317020
0.040853 1.317020
0.041114 1.317020
0.041374 1.317980
0.041634 1.317980
0.041894 1.317980
0.042155 1.318930
0.042415 1.319890
0.042675 1.319890
0.042935 1.320120
0.043195 1.321080
0.043456 1.321080
0.043716 1.321080
0.043976 1.322030
0.044236 1.322030
0.044496 1.322030
0.044757 1.322030
0.045017 1.322980
0.045277 1.322980
0.045537 1.322980
0.045798 1.322980
0.046058 1.323940
0.046318 1.323940
0.046578 1.323940
0.046838 1.323940
0.047099 1.324180
0.047359 1.324890
0.047619 1.324890
0.047879 1.324890
0.048139 1.325130
0.048400 1.325850
0.048660 1.326080
0.048920 1.326080
0.049180 1.327990
0.049441 1.327990
0.049701 1.327990
0.049961 1.327990
0.050221 1.328950
0.050481 1.328950
0.050742 1.328950
0.051002 1.328950
0.051262 1.328950
0.051522 1.328950
0.051782 1.328950
0.052043 1.329900
0.052303 1.329900
0.052563 1.330850
0.052823 1.330850
0.053084 1.331090
0.053344 1.331090
0.053604 1.331090
0.053864 1.332040
0.054124 1.332040
0.054385 1.332040
0.054645 1.333950
0.054905 1.333950
0.055165 1.334190
0.055425 1.334910
0.055686 1.334910
0.055946 1.335860
0.056206 1.335860
0.056466 1.335860
0.056727 1.336100
0.056987 1.336100
0.057247 1.336100
0.057507 1.336100
0.057767 1.336810
0.058028 1.337050
0.058288 1.337050
0.058548 1.338010
0.058808 1.338010
0.059068 1.338010
0.059329 1.338010
0.059589 1.338010
0.059849 1.338010
0.060109 1.338010
0.060370 1.338960
0.060630 1.338960
0.060890 1.338960
0.061150 1.338960
0.061410 1.339200
0.061671 1.339910
0.061931 1.339910
0.062191 1.340150
0.062451 1.340150
0.062711 1.340150
0.062972 1.341100
0.063232 1.341820
0.063492 1.342060
0.063752 1.342060
0.064012 1.342060
0.064273 1.342060
0.064533 1.342060
0.064793 1.342060
0.065053 1.343010
0.065314 1.343010
0.065574 1.343010
0.065834 1.343010
0.066094 1.343010
0.066354 1.343010
0.066615 1.343010
0.066875 1.343010
0.067135 1.343970
0.067395 1.343970
0.067655 1.343970
0.067916 1.343970
0.068176 1.343970
0.068436 1.343970
0.068696 1.344920
0.068957 1.344920
0.069217 1.344920
0.069477 1.344920
0.069737 1.344920
0.069997 1.345160
0.070258 1.345160
0.070518 1.345160
0.070778 1.345870
0.071038 1.345870
0.071298 1.346110
0.071559 1.346110
0.071819 1.346110
0.072079 1.346110
0.072339 1.346110
0.072600 1.346110
0.072860 1.346110
0.073120 1.346110
0.073380 1.346830
0.073640 1.346830
0.073901 1.347060
0.074161 1.347060
0.074421 1.348020
0.074681 1.348020
0.074941 1.348020
0.075202 1.348020
0.075462 1.348020
0.075722 1.348970
0.075982 1.348970
0.076243 1.348970
0.076503 1.348970
0.076763 1.348970
0.077023 1.348970
0.077283 1.348970
0.077544 1.348970
0.077804 1.348970
0.078064 1.348970
0.078324 1.349930
0.078584 1.349930
0.078845 1.349930
0.079105 1.349930
0.079365 1.349930
0.079625 1.349930
0.079886 1.349930
0.080146 1.349930
0.080406 1.349930
0.080666 1.349930
0.080926 1.349930
0.081187 1.349930
0.081447 1.349930
0.081707 1.350880
0.081967 1.350880
0.082227 1.350880
0.082488 1.351120
0.082748 1.351120
0.083008 1.351120
0.083268 1.351120
0.083528 1.351120
0.083789 1.351830
0.084049 1.351830
0.084309 1.352070
0.084569 1.352070
0.084830 1.352070
0.085090 1.352070
0.085350 1.352070
0.085610 1.352070
0.085870 1.352790
0.086131 1.352790
0.086391 1.352790
0.086651 1.352790
0.086911 1.353030
0.087171 1.353030
0.087432 1.353030
0.087692 1.353030
0.087952 1.353030
0.088212 1.353030
0.088473 1.353030
0.088733 1.353030
0.088993 1.353030
0.089253 1.353030
0.089513 1.353030
0.089774 1.353030
0.090034 1.353980
0.090294 1.353980
0.090554 1.353980
0.090814 1.353980
0.091075 1.353980
0.091335 1.353980
0.091595 1.354220
0.091855 1.354220
0.092116 1.354930
0.092376 1.354930
0.092636 1.354930
0.092896 1.354930
0.093156 1.354930
0.093417 1.354930
0.093677 1.354930
0.093937 1.355170
0.094197 1.355170
0.094457 1.355170
0.094718 1.355890
0.094978 1.355890
0.095238 1.355890
0.095498 1.355890
0.095759 1.356120
0.096019 1.356120
0.096279 1.356120
0.096539 1.356120
0.096799 1.356840
0.097060 1.356840
0.097320 1.356840
0.097580 1.356840
0.097840 1.357080
0.098100 1.357080
0.098361 1.357080
0.098621 1.357080
0.098881 1.357080
0.099141 1.357080
0.099402 1.357080
0.099662 1.357080
0.099922 1.357080
0.100182 1.357080
0.100442 1.357080
0.100703 1.357790
0.100963 1.357790
0.101223 1.358030
0.101483 1.358030
0.101743 1.358030
0.102004 1.358030
0.102264 1.358030
0.102524 1.358030
0.102784 1.358030
0.103044 1.358990
0.103305 1.358990
0.103565 1.358990
0.103825 1.358990
0.104085 1.358990
0.104346 1.358990
0.104606 1.358990
0.104866 1.358990
0.105126 1.358990
0.105386 1.358990
0.105647 1.359220
0.105907 1.359940
0.106167 1.359940
0.106427 1.359940
0.106687 1.359940
0.106948 1.360180
0.107208 1.360180
0.107468 1.360180
0.107728 1.360180
0.107989 1.360890
0.108249 1.360890
0.108509 1.360890
0.108769 1.360890
0.109029 1.360890
0.109290 1.360890
0.109550 1.360890
0.109810 1.360890
0.110070 1.360890
0.110330 1.361130
0.110591 1.361130
0.110851 1.361130
0.111111 1.361130
0.111371 1.361850
0.111632 1.361850
0.111892 1.362090
0.112152 1.362090
0.112412 1.362090
0.112672 1.362090
0.112933 1.362090
0.113193 1.362090
0.113453 1.362090
0.113713 1.362800
0.113973 1.362800
0.114234 1.363040
0.114494 1.363040
0.114754 1.363040
0.115014 1.363040
0.115275 1.363040
0.115535 1.363040
0.115795 1.363040
0.116055 1.363990
0.116315 1.363990
0.116576 1.363990
0.116836 1.363990
0.117096 1.363990
0.117356 1.363990
0.117616 1.363990
0.117877 1.363990
0.118137 1.363990
0.118397 1.363990
0.118657 1.363990
0.118918 1.363990
0.119178 1.364950
0.119438 1.364950
0.119698 1.364950
0.119958 1.364950
0.120219 1.364950
0.120479 1.364950
0.120739 1.365180
0.120999 1.365900
0.121259 1.365900
0.121520 1.366140
0.121780 1.366140
0.122040 1.366140
0.122300 1.366140
0.122560 1.366850
0.122821 1.366850
0.123081 1.366850
0.123341 1.366850
0.123601 1.366850
0.123862 1.367090
0.124122 1.367090
0.124382 1.367090
0.124642 1.367090
0.124902 1.367810
0.125163 1.368050
0.125423 1.368050
0.125683 1.368050
0.125943 1.368050
0.126203 1.368050
0.126464 1.369000
0.126724 1.369000
0.126984 1.369000
0.127244 1.369000
0.127505 1.369000
0.127765 1.369000
0.128025 1.369950
0.128285 1.369950
0.128545 1.369950
0.128806 1.369950
0.129066 1.370190
0.129326 1.370190
0.129586 1.370910
0.129846 1.370910
0.130107 1.370910
0.130367 1.370910
0.130627 1.370910
0.130887 1.370910
0.131148 1.371150
0.131408 1.371150
0.131668 1.371150
0.131928 1.371860
0.132188 1.371860
0.132449 1.371860
0.132709 1.372100
0.132969 1.372100
0.133229 1.372100
0.133489 1.373050
0.133750 1.373050
0.134010 1.373050
0.134270 1.373050
0.134530 1.373050
0.134791 1.374010
0.135051 1.374010
0.135311 1.374010
0.135571 1.374010
0.135831 1.374010
0.136092 1.374010
0.136352 1.374010
0.136612 1.374960
0.136872 1.374960
0.137132 1.374960
0.137393 1.374960
0.137653 1.374960
0.137913 1.375910
0.138173 1.375910
0.138434 1.375910
0.138694 1.375910
0.138954 1.375910
0.139214 1.375910
0.139474 1.375910
0.139735 1.375910
0.139995 1.376150
0.140255 1.376150
0.140515 1.376150
0.140775 1.376150
0.141036 1.376150
0.141296 1.376870
0.141556 1.377110
0.141816 1.377110
0.142077 1.377110
0.142337 1.377820
0.142597 1.377820
0.142857 1.378060
0.143117 1.378060
0.143378 1.378060
0.143638 1.378060
0.143898 1.378060
0.144158 1.378060
0.144418 1.378060
0.144679 1.378770
0.144939 1.379010
0.145199 1.379010
0.145459 1.379010
0.145719 1.379010
0.145980 1.379010
0.146240 1.379010
0.146500 1.379970
0.146760 1.379970
0.147021 1.379970
0.147281 1.379970
0.147541 1.379970
0.147801 1.379970
0.148061 1.380210
0.148322 1.380920
0.148582 1.380920
0.148842 1.380920
0.149102 1.381160
0.149362 1.381160
0.149623 1.381160
0.149883 1.381160
0.150143 1.381160
0.150403 1.381870
0.150664 1.382110
0.150924 1.382110
0.151184 1.382110
0.151444 1.382830
0.151704 1.382830
0.151965 1.383070
0.152225 1.383070
0.152485 1.384020
0.152745 1.384020
0.153005 1.384020
0.153266 1.384020
0.153526 1.384020
0.153786 1.384020
0.154046 1.384020
0.154307 1.384020
0.154567 1.384020
0.154827 1.384020
0.155087 1.384020
0.155347 1.384970
0.155608 1.384970
0.155868 1.384970
0.156128 1.384970
0.156388 1.384970
0.156648 1.384970
0.156909 1.384970
0.157169 1.384970
0.157429 1.384970
0.157689 1.385930
0.157950 1.385930
0.158210 1.385930
0.158470 1.385930
0.158730 1.386170
0.158990 1.386170
0.159251 1.386170
0.159511 1.386880
0.159771 1.386880
0.160031 1.386880
0.160291 1.387120
0.160552 1.387120
0.160812 1.387120
0.161072 1.387830
0.161332 1.387830
0.161593 1.388070
0.161853 1.388070
0.162113 1.388070
0.162373 1.388070
0.162633 1.388070
0.162894 1.388790
0.163154 1.389030
0.163414 1.389030
0.163674 1.389030
0.163934 1.389030
0.164195 1.389030
0.164455 1.389030
0.164715 1.389030
0.164975 1.389030
0.165235 1.389980
0.165496 1.389980
0.165756 1.389980
0.166016 1.389980
0.166276 1.389980
0.166537 1.390220
0.166797 1.390220
0.167057 1.390930
0.167317 1.390930
0.167577 1.390930
0.167838 1.390930
0.168098 1.391170
0.168358 1.391170
0.168618 1.391170
0.168878 1.391890
0.169139 1.391890
0.169399 1.392130
0.169659 1.392130
0.169919 1.392130
0.170180 1.392130
0.170440 1.392840
0.170700 1.392840
0.170960 1.392840
0.171220 1.392840
0.171481 1.392840
0.171741 1.392840
0.172001 1.393080
0.172261 1.393080
0.172521 1.393080
0.172782 1.393080
0.173042 1.393800
0.173302 1.394030
0.173562 1.394030
0.173823 1.394030
0.174083 1.394990
0.174343 1.394990
0.174603 1.394990
0.174863 1.394990
0.175124 1.394990
0.175384 1.394990
0.175644 1.395940
0.175904 1.395940
0.176164 1.395940
0.176425 1.395940
0.176685 1.395940
0.176945 1.395940
0.177205 1.396180
0.177466 1.396180
0.177726 1.396180
0.177986 1.396180
0.178246 1.396890
0.178506 1.396890
0.178767 1.396890
0.179027 1.396890
0.179287 1.397130
0.179547 1.397130
0.179807 1.397130
0.180068 1.397130
0.180328 1.397130
0.180588 1.397850
0.180848 1.397850
0.181109 1.397850
0.181369 1.397850
0.181629 1.398800
0.181889 1.399040
0.182149 1.399040
0.182410 1.399040
0.182670 1.399040
0.182930 1.399040
0.183190 1.399040
0.183450 1.399040
0.183711 1.399990
0.183971 1.399990
0.184231 1.399990
0.184491 1.399990
0.184751 1.399990
0.185012 1.399990
0.185272 1.399990
0.185532 1.400950
0.185792 1.400950
0.186053 1.400950
0.186313 1.400950
0.186573 1.400950
0.186833 1.401190
0.187093 1.401190
0.187354 1.401900
0.187614 1.401900
0.187874 1.401900
0.188134 1.401900
0.188394 1.401900
0.188655 1.401900
0.188915 1.402850
0.189175 1.402850
0.189435 1.402850
0.189696 1.402850
0.189956 1.402850
0.190216 1.403090
0.190476 1.403090
0.190736 1.403090
0.190997 1.403810
0.191257 1.404050
0.191517 1.404050
0.191777 1.404050
0.192037 1.404050
0.192298 1.404050
0.192558 1.404050
0.192818 1.404050
0.193078 1.404050
0.193339 1.405000
0.193599 1.405000
0.193859 1.405000
0.194119 1.405000
0.194379 1.405000
0.194640 1.405000
0.194900 1.405000
0.195160 1.405000
0.195420 1.405000
0.195680 1.405950
0.195941 1.405950
0.196201 1.406910
0.196461 1.406910
0.196721 1.406910
0.196982 1.406910
0.197242 1.406910
0.197502 1.406910
0.197762 1.406910
0.198022 1.406910
0.198283 1.407150
0.198543 1.407150
0.198803 1.407150
0.199063 1.407150
0.199323 1.407150
0.199584 1.407860
0.199844 1.407860
0.200104 1.408100
0.200364 1.408100
0.200625 1.408100
0.200885 1.408100
0.201145 1.408100
0.201405 1.408100
0.201665 1.408100
0.201926 1.408820
0.202186 1.409050
0.202446 1.409050
0.202706 1.409050
0.202966 1.409050
0.203227 1.409050
0.203487 1.409050
0.203747 1.410010
0.204007 1.410010
0.204267 1.410010
0.204528 1.410010
0.204788 1.410010
0.205048 1.410010
0.205308 1.410010
0.205569 1.410010
0.205829 1.410010
0.206089 1.410010
0.206349 1.410960
0.206609 1.410960
0.206870 1.410960
0.207130 1.410960
0.207390 1.410960
0.207650 1.410960
0.207910 1.410960
0.208171 1.411200
0.208431 1.411910
0.208691 1.411910
0.208951 1.411910
0.209212 1.412150
0.209472 1.412150
0.209732 1.412150
0.209992 1.412150
0.210252 1.412870
0.210513 1.412870
0.210773 1.412870
0.211033 1.413110
0.211293 1.413110
0.211553 1.414060
0.211814 1.414060
0.212074 1.414060
0.212334 1.414060
0.212594 1.414780
0.212855 1.415010
0.213115 1.415010
0.213375 1.415970
0.213635 1.415970
0.213895 1.415970
0.214156 1.415970
0.214416 1.415970
0.214676 1.415970
0.214936 1.415970
0.215196 1.415970
0.215457 1.416210
0.215717 1.416210
0.215977 1.416920
0.216237 1.417160
0.216498 1.417160
0.216758 1.417880
0.217018 1.417880
0.217278 1.417880
0.217538 1.418830
0.217799 1.419070
0.218059 1.419070
0.218319 1.419070
0.218579 1.419780
0.218839 1.420020
0.219100 1.420020
0.219360 1.420020
0.219620 1.420020
0.219880 1.420020
0.220141 1.420020
0.220401 1.420970
0.220661 1.420970
0.220921 1.420970
0.221181 1.420970
0.221442 1.420970
0.221702 1.420970
0.221962 1.420970
0.222222 1.420970
0.222482 1.421210
0.222743 1.421930
0.223003 1.421930
0.223263 1.421930
0.223523 1.422170
0.223784 1.422170
0.224044 1.422880
0.224304 1.422880
0.224564 1.422880
0.224824 1.422880
0.225085 1.423120
0.225345 1.423120
0.225605 1.423840
0.225865 1.423840
0.226125 1.423840
0.226386 1.424070
0.226646 1.424070
0.226906 1.424070
0.227166 1.424790
0.227426 1.424790
0.227687 1.425030
0.227947 1.425030
0.228207 1.425030
0.228467 1.425030
0.228728 1.425030
0.228988 1.425030
0.229248 1.425980
0.229508 1.425980
0.229768 1.426940
0.230029 1.426940
0.230289 1.426940
0.230549 1.427170
0.230809 1.427170
0.231069 1.427890
0.231330 1.428130
0.231590 1.428130
0.231850 1.428130
0.232110 1.428130
0.232371 1.428840
0.232631 1.429080
0.232891 1.429080
0.233151 1.429080
0.233411 1.429080
0.233672 1.429080
0.233932 1.430030
0.234192 1.430030
0.234452 1.430030
0.234712 1.430030
0.234973 1.430030
0.235233 1.430030
0.235493 1.430030
0.235753 1.430030
0.236014 1.430030
0.236274 1.430030
0.236534 1.430030
0.236794 1.430030
0.237054 1.430030
0.237315 1.430990
0.237575 1.430990
0.237835 1.430990
0.238095 1.430990
0.238355 1.430990
0.238616 1.430990
0.238876 1.430990
0.239136 1.430990
0.239396 1.430990
0.239657 1.430990
0.239917 1.430990
0.240177 1.430990
0.240437 1.431230
0.240697 1.431940
0.240958 1.431940
0.241218 1.431940
0.241478 1.431940
0.241738 1.431940
0.241998 1.431940
0.242259 1.431940
0.242519 1.432180
0.242779 1.432180
0.243039 1.432180
0.243300 1.432180
0.243560 1.432900
0.243820 1.432900
0.244080 1.432900
0.244340 1.432900
0.244601 1.432900
0.244861 1.432900
0.245121 1.432900
0.245381 1.433130
0.245641 1.433130
0.245902 1.433130
0.246162 1.433130
0.246422 1.433850
0.246682 1.433850
0.246942 1.433850
0.247203 1.433850
0.247463 1.433850
0.247723 1.434090
0.247983 1.434090
0.248244 1.434090
0.248504 1.434800
0.248764 1.434800
0.249024 1.434800
0.249284 1.435040
0.249545 1.435040
0.249805 1.435040
0.250065 1.435040
0.250325 1.435040
0.250585 1.435040
0.250846 1.435040
0.251106 1.435040
0.251366 1.435040
0.251626 1.435040
0.251887 1.436000
0.252147 1.436000
0.252407 1.436000
0.252667 1.436000
0.252927 1.436000
0.253188 1.436000
0.253448 1.436000
0.253708 1.436000
0.253968 1.436950
0.254228 1.436950
0.254489 1.436950
0.254749 1.436950
0.255009 1.436950
0.255269 1.436950
0.255530 1.436950
0.255790 1.437190
0.256050 1.437190
0.256310 1.437190
0.256570 1.437190
0.256831 1.437900
0.257091 1.437900
0.257351 1.437900
0.257611 1.437900
0.257871 1.437900
0.258132 1.437900
0.258392 1.437900
0.258652 1.437900
0.258912 1.438140
0.259173 1.438140
0.259433 1.438140
0.259693 1.438140
0.259953 1.438860
0.260213 1.438860
0.260474 1.438860
0.260734 1.438860
0.260994 1.438860
0.261254 1.439090
0.261514 1.439090
0.261775 1.439090
0.262035 1.439090
0.262295 1.439090
0.262555 1.439090
0.262816 1.439810
0.263076 1.439810
0.263336 1.439810
0.263596 1.440050
0.263856 1.440050
0.264117 1.440050
0.264377 1.440050
0.264637 1.440050
0.264897 1.440050
0.265157 1.441000
0.265418 1.441000
0.265678 1.441000
0.265938 1.441000
0.266198 1.441000
0.266458 1.441000
0.266719 1.441000
0.266979 1.441000
0.267239 1.441000
0.267499 1.441000
0.267760 1.441960
0.268020 1.441960
0.268280 1.441960
0.268540 1.442190
0.268800 1.442910
0.269061 1.442910
0.269321 1.442910
0.269581 1.442910
0.269841 1.442910
0.270101 1.442910
0.270362 1.443150
0.270622 1.443150
0.270882 1.443860
0.271142 1.443860
0.271403 1.443860
0.271663 1.443860
0.271923 1.443860
0.272183 1.443860
0.272443 1.444100
0.272704 1.444100
0.272964 1.444100
0.273224 1.444820
0.273484 1.444820
0.273744 1.445060
0.274005 1.445060
0.274265 1.445060
0.274525 1.445060
0.274785 1.445060
0.275046 1.445060
0.275306 1.445060
0.275566 1.445060
0.275826 1.446010
0.276086 1.446010
0.276347 1.446010
0.276607 1.446010
0.276867 1.446010
0.277127 1.446010
0.277387 1.446010
0.277648 1.446010
0.277908 1.446010
0.278168 1.446010
0.278428 1.446010
0.278689 1.446010
0.278949 1.446010
0.279209 1.446010
0.279469 1.446010
0.279729 1.446010
0.279990 1.446010
0.280250 1.446010
0.280510 1.446010
0.280770 1.446960
0.281030 1.446960
0.281291 1.446960
0.281551 1.446960
0.281811 1.446960
0.282071 1.446960
0.282332 1.446960
0.282592 1.446960
0.282852 1.447200
0.283112 1.447920
0.283372 1.447920
0.283633 1.447920
0.283893 1.447920
0.284153 1.447920
0.284413 1.447920
0.284673 1.448150
0.284934 1.448150
0.285194 1.448870
0.285454 1.448870
0.285714 1.448870
0.285974 1.448870
0.286235 1.448870
0.286495 1.448870
0.286755 1.449110
0.287015 1.449110
0.287276 1.449110
0.287536 1.449820
0.287796 1.449820
0.288056 1.449820
0.288316 1.450060
0.288577 1.450060
0.288837 1.450060
0.289097 1.450780
0.289357 1.451020
0.289617 1.451020
0.289878 1.451020
0.290138 1.451020
0.290398 1.451020
0.290658 1.451020
0.290919 1.451020
0.291179 1.451020
0.291439 1.451020
0.291699 1.451020
0.291959 1.451020
0.292220 1.451020
0.292480 1.451970
0.292740 1.451970
0.293000 1.451970
0.293260 1.451970
0.293521 1.451970
0.293781 1.451970
0.294041 1.452210
0.294301 1.452920
0.294562 1.452920
0.294822 1.452920
0.295082 1.452920
0.295342 1.452920
0.295602 1.452920
0.295863 1.452920
0.296123 1.453160
0.296383 1.454110
0.296643 1.454110
0.296903 1.454110
0.297164 1.454110
0.297424 1.454110
0.297684 1.454110
0.297944 1.454830
0.298205 1.454830
0.298465 1.454830
0.298725 1.455070
0.298985 1.455070
0.299245 1.455070
0.299506 1.455070
0.299766 1.455070
0.300026 1.455070
0.300286 1.455070
0.300546 1.456020
0.300807 1.456020
0.301067 1.456020
0.301327 1.456020
0.301587 1.456020
0.301848 1.456020
0.302108 1.456020
0.302368 1.456020
0.302628 1.456980
0.302888 1.456980
0.303149 1.456980
0.303409 1.456980
0.303669 1.456980
0.303929 1.456980
0.304189 1.456980
0.304450 1.457930
0.304710 1.457930
0.304970 1.457930
0.305230 1.457930
0.305491 1.457930
0.305751 1.457930
0.306011 1.458170
0.306271 1.458170
0.306531 1.458170
0.306792 1.458170
0.307052 1.458880
0.307312 1.458880
0.307572 1.458880
0.307832 1.458880
0.308093 1.458880
0.308353 1.458880
0.308613 1.459120
0.308873 1.459120
0.309133 1.459120
0.309394 1.459120
0.309654 1.459840
0.309914 1.459840
0.310174 1.459840
0.310435 1.459840
0.310695 1.459840
0.310955 1.459840
0.311215 1.460080
0.311475 1.460080
0.311736 1.460080
0.311996 1.460080
0.312256 1.460080
0.312516 1.460080
0.312776 1.460080
0.313037 1.460080
0.313297 1.460080
0.313557 1.460790
0.313817 1.461030
0.314078 1.461030
0.314338 1.461030
0.314598 1.461030
0.314858 1.461030
0.315118 1.461030
0.315379 1.461030
0.315639 1.461030
0.315899 1.461030
0.316159 1.461980
0.316419 1.461980
0.316680 1.461980
0.316940 1.461980
0.317200 1.461980
0.317460 1.461980
0.317721 1.461980
0.317981 1.461980
0.318241 1.461980
0.318501 1.462220
0.318761 1.462940
0.319022 1.462940
0.319282 1.462940
0.319542 1.462940
0.319802 1.462940
0.320062 1.462940
0.320323 1.462940
0.320583 1.462940
0.320843 1.463170
0.321103 1.463170
0.321364 1.463170
0.321624 1.463890
0.321884 1.464130
0.322144 1.464130
0.322404 1.464840
0.322665 1.464840
0.322925 1.464840
0.323185 1.464840
0.323445 1.464840
0.323705 1.465080
0.323966 1.465080
0.324226 1.465080
0.324486 1.465080
0.324746 1.465080
0.325007 1.465800
0.325267 1.466040
0.325527 1.466040
0.325787 1.466040
0.326047 1.466040
0.326308 1.466040
0.326568 1.466040
0.326828 1.466990
0.327088 1.466990
0.327348 1.466990
0.327609 1.466990
0.327869 1.466990
0.328129 1.466990
0.328389 1.466990
0.328649 1.466990
0.328910 1.467940
0.329170 1.467940
0.329430 1.467940
0.329690 1.467940
0.329951 1.467940
0.330211 1.467940
0.330471 1.467940
0.330731 1.467940
0.330991 1.468180
0.331252 1.468900
0.331512 1.468900
0.331772 1.468900
0.332032 1.468900
0.332292 1.468900
0.332553 1.468900
0.332813 1.469140
0.333073 1.469850
0.333333 1.469850
0.333594 1.469850
0.333854 1.469850
0.334114 1.469850
0.334374 1.469850
0.334634 1.469850
0.334895 1.470090
0.335155 1.470090
0.335415 1.470090
0.335675 1.470090
0.335935 1.470090
0.336196 1.470800
0.336456 1.471040
0.336716 1.471040
0.336976 1.471040
0.337237 1.471040
0.337497 1.471040
0.337757 1.471040
0.338017 1.471040
0.338277 1.471040
0.338538 1.471040
0.338798 1.471040
0.339058 1.471040
0.339318 1.471040
0.339578 1.472000
0.339839 1.472000
0.340099 1.472000
0.340359 1.472000
0.340619 1.472000
0.340880 1.472000
0.341140 1.472000
0.341400 1.472000
0.341660 1.472000
0.341920 1.472950
0.342181 1.472950
0.342441 1.472950
0.342701 1.472950
0.342961 1.473190
0.343221 1.473190
0.343482 1.473900
0.343742 1.473900
0.344002 1.473900
0.344262 1.473900
0.344523 1.474140
0.344783 1.474140
0.345043 1.474860
0.345303 1.474860
0.345563 1.475100
0.345824 1.475100
0.346084 1.475100
0.346344 1.475100
0.346604 1.475100
0.346864 1.475100
0.347125 1.475810
0.347385 1.475810
0.347645 1.476050
0.347905 1.476050
0.348165 1.476050
0.348426 1.476050
0.348686 1.476050
0.348946 1.476050
0.349206 1.477000
0.349467 1.477000
0.349727 1.477000
0.349987 1.477000
0.350247 1.477000
0.350507 1.477000
0.350768 1.477000
0.351028 1.477000
0.351288 1.477000
0.351548 1.477000
0.351808 1.477000
0.352069 1.477000
0.352329 1.477000
0.352589 1.477000
0.352849 1.477000
0.353110 1.477000
0.353370 1.477960
0.353630 1.477960
0.353890 1.477960
0.354150 1.477960
0.354411 1.477960
0.354671 1.477960
0.354931 1.477960
0.355191 1.477960
0.355451 1.477960
0.355712 1.477960
0.355972 1.477960
0.356232 1.477960
0.356492 1.478200
0.356753 1.478200
0.357013 1.478200
0.357273 1.478200
0.357533 1.478910
0.357793 1.478910
0.358054 1.478910
0.358314 1.478910
0.358574 1.478910
0.358834 1.479150
0.359094 1.479150
0.359355 1.479150
0.359615 1.479860
0.359875 1.479860
0.360135 1.479860
0.360396 1.480100
0.360656 1.480100
0.360916 1.480100
0.361176 1.480100
0.361436 1.480100
0.361697 1.480100
0.361957 1.480100
0.362217 1.480820
0.362477 1.480820
0.362737 1.481060
0.362998 1.481060
0.363258 1.481060
0.363518 1.481060
0.363778 1.481060
0.364039 1.481060
0.364299 1.481060
0.364559 1.481060
0.364819 1.481060
0.365079 1.481060
0.365340 1.481060
0.365600 1.481060
0.365860 1.482010
0.366120 1.482010
0.366380 1.482010
0.366641 1.482010
0.366901 1.482010
0.367161 1.482010
0.367421 1.482010
0.367681 1.482010
0.367942 1.482010
0.368202 1.482010
0.368462 1.482010
0.368722 1.482010
0.368983 1.482010
0.369243 1.482960
0.369503 1.482960
0.369763 1.482960
0.370023 1.482960
0.370284 1.482960
0.370544 1.482960
0.370804 1.482960
0.371064 1.482960
0.371324 1.482960
0.371585 1.483920
0.371845 1.483920
0.372105 1.483920
0.372365 1.484160
0.372626 1.484870
0.372886 1.484870
0.373146 1.484870
0.373406 1.484870
0.373666 1.484870
0.373927 1.485820
0.374187 1.485820
0.374447 1.485820
0.374707 1.486060
0.374967 1.486060
0.375228 1.486060
0.375488 1.486060
0.375748 1.486060
0.376008 1.486060
0.376269 1.486060
0.376529 1.486060
0.376789 1.487020
0.377049 1.487020
0.377309 1.487020
0.377570 1.487020
0.377830 1.487020
0.378090 1.487020
0.378350 1.487020
0.378610 1.487020
0.378871 1.487020
0.379131 1.487020
0.379391 1.487020
0.379651 1.487020
0.379912 1.487020
0.380172 1.487970
0.380432 1.487970
0.380692 1.487970
0.380952 1.487970
0.381213 1.487970
0.381473 1.487970
0.381733 1.487970
0.381993 1.487970
0.382253 1.487970
0.382514 1.487970
0.382774 1.487970
0.383034 1.487970
0.383294 1.488210
0.383555 1.488920
0.383815 1.488920
0.384075 1.488920
0.384335 1.488920
0.384595 1.488920
0.384856 1.488920
0.385116 1.488920
0.385376 1.488920
0.385636 1.488920
0.385896 1.489160
0.386157 1.489160
0.386417 1.489160
0.386677 1.489160
0.386937 1.489160
0.387198 1.489880
0.387458 1.489880
0.387718 1.489880
0.387978 1.490120
0.388238 1.490120
0.388499 1.490120
0.388759 1.490120
0.389019 1.490120
0.389279 1.490830
0.389539 1.490830
0.389800 1.490830
0.390060 1.490830
0.390320 1.490830
0.390580 1.490830
0.390840 1.490830
0.391101 1.491070
0.391361 1.491070
0.391621 1.491070
0.391881 1.491070
0.392142 1.491070
0.392402 1.491070
0.392662 1.491070
0.392922 1.491070
0.393182 1.491070
0.393443 1.491070
0.393703 1.491070
0.393963 1.491070
0.394223 1.491070
0.394483 1.491070
0.394744 1.491070
0.395004 1.491070
0.395264 1.491070
0.395524 1.491790
0.395785 1.491790
0.396045 1.492020
0.396305 1.492020
0.396565 1.492020
0.396825 1.492020
0.397086 1.492020
0.397346 1.492020
0.397606 1.492020
0.397866 1.492020
0.398126 1.492020
0.398387 1.492020
0.398647 1.492020
0.398907 1.492020
0.399167 1.492020
0.399428 1.492020
0.399688 1.492980
0.399948 1.492980
0.400208 1.492980
0.400468 1.492980
0.400729 1.492980
0.400989 1.492980
0.401249 1.492980
0.401509 1.492980
0.401769 1.492980
0.402030 1.492980
0.402290 1.492980
0.402550 1.492980
0.402810 1.492980
0.403071 1.493220
0.403331 1.493930
0.403591 1.493930
0.403851 1.493930
0.404111 1.493930
0.404372 1.493930
0.404632 1.493930
0.404892 1.493930
0.405152 1.493930
0.405412 1.494170
0.405673 1.494170
0.405933 1.494880
0.406193 1.494880
0.406453 1.494880
0.406714 1.494880
0.406974 1.494880
0.407234 1.495120
0.407494 1.495120
0.407754 1.495120
0.408015 1.495120
0.408275 1.495120
0.408535 1.495120
0.408795 1.495840
0.409055 1.495840
0.409316 1.495840
0.409576 1.495840
0.409836 1.495840
0.410096 1.495840
0.410356 1.496080
0.410617 1.496080
0.410877 1.496080
0.411137 1.496080
0.411397 1.496080
0.411658 1.496080
0.411918 1.496080
0.412178 1.496080
0.412438 1.496080
0.412698 1.496790
0.412959 1.497030
0.413219 1.497030
0.413479 1.497030
0.413739 1.497030
0.413999 1.497030
0.414260 1.497030
0.414520 1.497030
0.414780 1.497030
0.415040 1.497030
0.415301 1.497030
0.415561 1.497030
0.415821 1.497030
0.416081 1.497980
0.416341 1.497980
0.416602 1.497980
0.416862 1.497980
0.417122 1.497980
0.417382 1.497980
0.417642 1.497980
0.417903 1.497980
0.418163 1.497980
0.418423 1.498940
0.418683 1.498940
0.418944 1.498940
0.419204 1.498940
0.419464 1.498940
0.419724 1.498940
0.419984 1.498940
0.420245 1.499180
0.420505 1.499890
0.420765 1.499890
0.421025 1.499890
0.421285 1.499890
0.421546 1.499890
0.421806 1.499890
0.422066 1.499890
0.422326 1.499890
0.422587 1.500130
0.422847 1.500130
0.423107 1.500840
0.423367 1.500840
0.423627 1.500840
0.423888 1.501080
0.424148 1.501080
0.424408 1.501080
0.424668 1.501080
0.424928 1.502040
0.425189 1.502040
0.425449 1.502040
0.425709 1.502040
0.425969 1.502040
0.426230 1.502990
0.426490 1.502990
0.426750 1.502990
0.427010 1.502990
0.427270 1.502990
0.427531 1.502990
0.427791 1.502990
0.428051 1.502990
0.428311 1.502990
0.428571 1.502990
0.428832 1.503940
0.429092 1.503940
0.429352 1.503940
0.429612 1.503940
0.429872 1.504180
0.430133 1.504180
0.430393 1.504900
0.430653 1.504900
0.430913 1.504900
0.431174 1.504900
0.431434 1.505140
0.431694 1.505140
0.431954 1.505850
0.432214 1.506090
0.432475 1.506090
0.432735 1.506090
0.432995 1.506090
0.433255 1.506810
0.433515 1.507040
0.433776 1.507040
0.434036 1.507040
0.434296 1.507040
0.434556 1.507040
0.434817 1.507040
0.435077 1.507040
0.435337 1.507040
0.435597 1.507040
0.435857 1.507040
0.436118 1.507040
0.436378 1.508000
0.436638 1.508000
0.436898 1.508000
0.437158 1.508000
0.437419 1.508000
0.437679 1.508000
0.437939 1.508000
0.438199 1.508950
0.438460 1.508950
0.438720 1.508950
0.438980 1.508950
0.439240 1.508950
0.439500 1.508950
0.439761 1.508950
0.440021 1.508950
0.440281 1.508950
0.440541 1.509190
0.440801 1.509900
0.441062 1.509900
0.441322 1.509900
0.441582 1.509900
0.441842 1.509900
0.442103 1.509900
0.442363 1.510140
0.442623 1.510140
0.442883 1.510140
0.443143 1.510140
0.443404 1.510140
0.443664 1.510140
0.443924 1.511100
0.444184 1.511100
0.444444 1.511100
0.444705 1.511100
0.444965 1.511810
0.445225 1.511810
0.445485 1.512050
0.445746 1.512050
0.446006 1.512050
0.446266 1.512050
0.446526 1.513000
0.446786 1.513000
0.447047 1.513000
0.447307 1.513000
0.447567 1.513000
0.447827 1.513000
0.448087 1.513000
0.448348 1.513000
0.448608 1.513000
0.448868 1.513000
0.449128 1.513000
0.449388 1.513960
0.449649 1.513960
0.449909 1.513960
0.450169 1.514200
0.450429 1.514910
0.450690 1.514910
0.450950 1.514910
0.451210 1.514910
0.451470 1.514910
0.451730 1.514910
0.451991 1.515150
0.452251 1.515150
0.452511 1.515870
0.452771 1.515870
0.453031 1.515870
0.453292 1.515870
0.453552 1.516100
0.453812 1.516820
0.454072 1.517060
0.454333 1.517060
0.454593 1.517060
0.454853 1.517060
0.455113 1.518010
0.455373 1.518010
0.455634 1.518010
0.455894 1.518010
0.456154 1.518010
0.456414 1.518960
0.456674 1.518960
0.456935 1.518960
0.457195 1.518960
0.457455 1.518960
0.457715 1.519200
0.457976 1.519200
0.458236 1.519920
0.458496 1.519920
0.458756 1.519920
0.459016 1.519920
0.459277 1.519920
0.459537 1.520160
0.459797 1.520160
0.460057 1.520160
0.460317 1.520160
0.460578 1.521110
0.460838 1.521110
0.461098 1.521110
0.461358 1.521830
0.461619 1.521830
0.461879 1.521830
0.462139 1.521830
0.462399 1.521830
0.462659 1.521830
0.462920 1.522060
0.463180 1.522060
0.463440 1.522060
0.463700 1.523020
0.463960 1.523020
0.464221 1.523020
0.464481 1.523020
0.464741 1.523020
0.465001 1.523970
0.465262 1.523970
0.465522 1.523970
0.465782 1.523970
0.466042 1.523970
0.466302 1.523970
0.466563 1.523970
0.466823 1.523970
0.467083 1.524930
0.467343 1.524930
0.467603 1.524930
0.467864 1.524930
0.468124 1.525160
0.468384 1.525160
0.468644 1.525160
0.468905 1.525880
0.469165 1.525880
0.469425 1.525880
0.469685 1.525880
0.469945 1.526120
0.470206 1.526120
0.470466 1.526120
0.470726 1.526830
0.470986 1.526830
0.471246 1.526830
0.471507 1.527070
0.471767 1.527070
0.472027 1.527070
0.472287 1.527790
0.472547 1.528020
0.472808 1.528020
0.473068 1.528020
0.473328 1.528020
0.473588 1.528020
0.473849 1.528980
0.474109 1.528980
0.474369 1.528980
0.474629 1.528980
0.474889 1.528980
0.475150 1.529930
0.475410 1.529930
0.475670 1.529930
0.475930 1.529930
0.476190 1.529930
0.476451 1.529930
0.476711 1.530170
0.476971 1.530890
0.477231 1.530890
0.477492 1.530890
0.477752 1.531120
0.478012 1.531120
0.478272 1.532080
0.478532 1.532080
0.478793 1.532080
0.479053 1.532080
0.479313 1.532080
0.479573 1.533030
0.479833 1.533030
0.480094 1.533030
0.480354 1.533030
0.480614 1.533030
0.480874 1.533030
0.481135 1.533990
0.481395 1.533990
0.481655 1.533990
0.481915 1.533990
0.482175 1.534220
0.482436 1.534220
0.482696 1.534940
0.482956 1.534940
0.483216 1.534940
0.483476 1.534940
0.483737 1.534940
0.483997 1.534940
0.484257 1.534940
0.484517 1.535180
0.484778 1.535180
0.485038 1.535890
0.485298 1.535890
0.485558 1.536130
0.485818 1.536130
0.486079 1.536130
0.486339 1.536130
0.486599 1.536130
0.486859 1.536850
0.487119 1.537080
0.487380 1.537080
0.487640 1.537080
0.487900 1.537080
0.488160 1.538040
0.488421 1.538040
0.488681 1.538040
0.488941 1.538040
0.489201 1.538040
0.489461 1.538040
0.489722 1.538040
0.489982 1.538990
0.490242 1.538990
0.490502 1.538990
0.490762 1.538990
0.491023 1.538990
0.491283 1.538990
0.491543 1.539230
0.491803 1.539950
0.492063 1.539950
0.492324 1.539950
0.492584 1.539950
0.492844 1.539950
0.493104 1.539950
0.493365 1.539950
0.493625 1.539950
0.493885 1.539950
0.494145 1.539950
0.494405 1.540180
0.494666 1.540900
0.494926 1.540900
0.495186 1.540900
0.495446 1.540900
0.495706 1.540900
0.495967 1.540900
0.496227 1.540900
0.496487 1.540900
0.496747 1.541140
0.497008 1.541140
0.497268 1.541140
0.497528 1.541850
0.497788 1.541850
0.498048 1.541850
0.498309 1.542090
0.498569 1.542810
0.498829 1.542810
0.499089 1.543050
0.499349 1.543050
0.499610 1.543050
0.499870 1.543050
0.500130 1.543050
0.500390 1.543050
0.500651 1.543050
0.500911 1.543050
0.501171 1.544000
0.501431 1.544000
0.501691 1.544000
0.501952 1.544000
0.502212 1.544000
0.502472 1.544000
0.502732 1.544000
0.502992 1.544000
0.503253 1.544000
0.503513 1.544000
0.503773 1.544000
0.504033 1.544000
0.504294 1.544950
0.504554 1.544950
0.504814 1.544950
0.505074 1.544950
0.505334 1.544950
0.505595 1.544950
0.505855 1.544950
0.506115 1.544950
0.506375 1.545190
0.506635 1.545190
0.506896 1.545910
0.507156 1.545910
0.507416 1.545910
0.507676 1.545910
0.507937 1.546140
0.508197 1.546140
0.508457 1.546140
0.508717 1.546140
0.508977 1.546860
0.509238 1.546860
0.509498 1.546860
0.509758 1.546860
0.510018 1.546860
0.510278 1.547100
0.510539 1.547100
0.510799 1.547100
0.511059 1.547100
0.511319 1.547100
0.511579 1.547100
0.511840 1.547100
0.512100 1.547100
0.512360 1.547810
0.512620 1.547810
0.512881 1.547810
0.513141 1.548050
0.513401 1.548050
0.513661 1.548050
0.513921 1.548050
0.514182 1.548050
0.514442 1.548050
0.514702 1.548050
0.514962 1.548050
0.515222 1.549010
0.515483 1.549010
0.515743 1.549010
0.516003 1.549010
0.516263 1.549010
0.516524 1.549010
0.516784 1.549010
0.517044 1.549010
0.517304 1.549010
0.517564 1.549010
0.517825 1.549010
0.518085 1.549010
0.518345 1.549010
0.518605 1.549010
0.518865 1.549960
0.519126 1.549960
0.519386 1.549960
0.519646 1.549960
0.519906 1.549960
0.520167 1.549960
0.520427 1.550910
0.520687 1.550910
0.520947 1.550910
0.521207 1.550910
0.521468 1.551150
0.521728 1.551150
0.521988 1.551150
0.522248 1.551870
0.522508 1.551870
0.522769 1.551870
0.523029 1.551870
0.523289 1.552100
0.523549 1.552100
0.523810 1.552100
0.524070 1.553060
0.524330 1.553060
0.524590 1.553060
0.524850 1.553060
0.525111 1.553060
0.525371 1.554010
0.525631 1.554010
0.525891 1.554010
0.526151 1.554010
0.526412 1.554010
0.526672 1.554010
0.526932 1.554010
0.527192 1.554010
0.527453 1.554010
0.527713 1.554010
0.527973 1.554010
0.528233 1.554970
0.528493 1.554970
0.528754 1.554970
0.529014 1.554970
0.529274 1.554970
0.529534 1.554970
0.529794 1.554970
0.530055 1.554970
0.530315 1.555200
0.530575 1.555200
0.530835 1.555920
0.531095 1.555920
0.531356 1.555920
0.531616 1.555920
0.531876 1.555920
0.532136 1.556160
0.532397 1.556160
0.532657 1.556160
0.532917 1.556870
0.533177 1.556870
0.533437 1.556870
0.533698 1.556870
0.533958 1.557110
0.534218 1.557110
0.534478 1.557110
0.534738 1.557110
0.534999 1.557110
0.535259 1.557830
0.535519 1.557830
0.535779 1.558070
0.536040 1.558070
0.536300 1.558070
0.536560 1.558070
0.536820 1.558070
0.537080 1.558780
0.537341 1.559020
0.537601 1.559020
0.537861 1.559020
0.538121 1.559020
0.538381 1.559020
0.538642 1.559020
0.538902 1.559970
0.539162 1.559970
0.539422 1.559970
0.539683 1.559970
0.539943 1.559970
0.540203 1.559970
0.540463 1.559970
0.540723 1.559970
0.540984 1.559970
0.541244 1.559970
0.541504 1.560930
0.541764 1.560930
0.542024 1.560930
0.542285 1.560930
0.542545 1.560930
0.542805 1.561160
0.543065 1.561160
0.543326 1.561880
0.543586 1.561880
0.543846 1.561880
0.544106 1.561880
0.544366 1.562120
0.544627 1.562120
0.544887 1.562120
0.545147 1.562830
0.545407 1.562830
0.545667 1.562830
0.545928 1.562830
0.546188 1.562830
0.546448 1.563070
0.546708 1.563070
0.546969 1.563790
0.547229 1.564030
0.547489 1.564030
0.547749 1.564030
0.548009 1.564030
0.548270 1.564030
0.548530 1.564980
0.548790 1.564980
0.549050 1.564980
0.549310 1.564980
0.549571 1.564980
0.549831 1.565220
0.550091 1.565930
0.550351 1.565930
0.550612 1.565930
0.550872 1.565930
0.551132 1.566170
0.551392 1.566170
0.551652 1.566890
0.551913 1.566890
0.552173 1.566890
0.552433 1.566890
0.552693 1.566890
0.552953 1.567130
0.553214 1.567130
0.553474 1.567840
0.553734 1.568080
0.553994 1.568080
0.554254 1.568790
0.554515 1.569990
0.554775 1.569990
0.555035 1.570220
0.555295 1.570220
0.555556 1.570940
0.555816 1.570940
0.556076 1.570940
0.556336 1.571890
0.556596 1.571890
0.556857 1.571890
0.557117 1.572130
0.557377 1.572130
0.557637 1.572130
0.557897 1.572850
0.558158 1.573090
0.558418 1.573090
0.558678 1.573090
0.558938 1.574040
0.559199 1.574040
0.559459 1.574040
0.559719 1.574990
0.559979 1.575230
0.560239 1.575950
0.560500 1.575950
0.560760 1.575950
0.561020 1.575950
0.561280 1.575950
0.561540 1.575950
0.561801 1.576900
0.562061 1.577140
0.562321 1.577140
0.562581 1.577850
0.562842 1.577850
0.563102 1.578090
0.563362 1.578090
0.563622 1.578090
0.563882 1.579050
0.564143 1.579050
0.564403 1.579050
0.564663 1.579050
0.564923 1.580000
0.565183 1.580000
0.565444 1.580000
0.565704 1.580000
0.565964 1.580000
0.566224 1.580950
0.566485 1.580950
0.566745 1.581910
0.567005 1.582150
0.567265 1.582150
0.567525 1.582860
0.567786 1.582860
0.568046 1.583100
0.568306 1.584050
0.568566 1.584050
0.568826 1.584050
0.569087 1.585010
0.569347 1.585960
0.569607 1.585960
0.569867 1.586200
0.570128 1.586910
0.570388 1.587870
0.570648 1.588110
0.570908 1.588110
0.571168 1.589060
0.571429 1.589060
0.571689 1.590010
0.571949 1.590010
0.572209 1.590970
0.572469 1.590970
0.572730 1.590970
0.572990 1.591920
0.573250 1.592870
0.573510 1.592870
0.573770 1.592870
0.574031 1.593110
0.574291 1.593110
0.574551 1.593110
0.574811 1.595020
0.575072 1.595970
0.575332 1.595970
0.575592 1.596930
0.575852 1.597880
0.576112 1.598120
0.576373 1.598830
0.576633 1.599070
0.576893 1.599070
0.577153 1.599790
0.577413 1.600980
0.577674 1.601930
0.577934 1.602170
0.578194 1.602170
0.578454 1.602890
0.578715 1.603130
0.578975 1.603130
0.579235 1.603130
0.579495 1.603130
0.579755 1.604080
0.580016 1.605030
0.580276 1.606940
0.580536 1.607890
0.580796 1.607890
0.581056 1.607890
0.581317 1.607890
0.581577 1.610040
0.581837 1.611950
0.582097 1.614090
0.582358 1.615050
0.582618 1.615050
0.582878 1.616000
0.583138 1.616000
0.583398 1.616950
0.583659 1.618150
0.583919 1.620050
0.584179 1.620050
0.584439 1.620050
0.584699 1.621010
0.584960 1.621010
0.585220 1.621010
0.585480 1.621010
0.585740 1.621010
0.586001 1.624820
0.586261 1.626010
0.586521 1.628880
0.586781 1.628880
0.587041 1.629110
0.587302 1.629110
0.587562 1.629830
0.587822 1.632930
0.588082 1.633170
0.588342 1.634840
0.588603 1.636030
0.588863 1.637940
0.589123 1.637940
0.589383 1.641990
0.589644 1.641990
0.589904 1.647000
0.590164 1.647950
0.590424 1.648190
0.590684 1.648900
0.590945 1.649860
0.591205 1.651050
0.591465 1.651050
0.591725 1.652000
0.591985 1.652000
0.592246 1.652000
0.592506 1.652000
0.592766 1.652000
0.593026 1.652960
0.593286 1.653910
0.593547 1.654150
0.593807 1.654860
0.594067 1.654860
0.594327 1.655100
0.594588 1.655100
0.594848 1.656060
0.595108 1.656060
0.595368 1.657010
0.595628 1.657010
0.595889 1.657010
0.596149 1.657010
0.596409 1.657960
0.596669 1.657960
0.596929 1.658200
0.597190 1.659150
0.597450 1.659150
0.597710 1.659870
0.597970 1.661060
0.598231 1.662020
0.598491 1.662970
0.598751 1.662970
0.599011 1.666070
0.599271 1.667020
0.599532 1.667020
0.599792 1.667020
0.600052 1.667020
0.600312 1.667980
0.600572 1.667980
0.600833 1.667980
0.601093 1.667980
0.601353 1.668210
0.601613 1.668930
0.601874 1.669170
0.602134 1.669880
0.602394 1.669880
0.602654 1.670840
0.602914 1.671080
0.603175 1.672030
0.603435 1.672030
0.603695 1.672980
0.603955 1.672980
0.604215 1.673940
0.604476 1.675840
0.604736 1.677990
0.604996 1.677990
0.605256 1.677990
0.605517 1.678940
0.605777 1.678940
0.606037 1.679900
0.606297 1.680850
0.606557 1.682040
0.606818 1.682040
0.607078 1.683000
0.607338 1.683000
0.607598 1.683000
0.607858 1.683000
0.608119 1.683950
0.608379 1.683950
0.608639 1.684190
0.608899 1.684900
0.609160 1.685140
0.609420 1.685860
0.609680 1.686810
0.609940 1.688000
0.610200 1.688960
0.610461 1.688960
0.610721 1.688960
0.610981 1.688960
0.611241 1.688960
0.611501 1.689200
0.611762 1.691100
0.612022 1.692060
0.612282 1.692060
0.612542 1.693010
0.612802 1.693010
0.613063 1.693960
0.613323 1.694920
0.613583 1.695160
0.613843 1.696830
0.614104 1.697060
0.614364 1.698020
0.614624 1.698020
0.614884 1.698020
0.615144 1.700160
0.615405 1.702070
0.615665 1.702070
0.615925 1.703020
0.616185 1.703020
0.616445 1.703980
0.616706 1.703980
0.616966 1.703980
0.617226 1.703980
0.617486 1.704220
0.617747 1.707080
0.618007 1.708980
0.618267 1.710890
0.618527 1.710890
0.618787 1.711850
0.619048 1.711850
0.619308 1.712800
0.619568 1.713040
0.619828 1.713990
0.620088 1.715900
0.620349 1.715900
0.620609 1.715900
0.620869 1.716140
0.621129 1.717090
0.621390 1.718040
0.621650 1.719000
0.621910 1.719000
0.622170 1.719000
0.622430 1.721140
0.622691 1.722100
0.622951 1.722810
0.623211 1.722810
0.623471 1.723050
0.623731 1.723050
0.623992 1.724000
0.624252 1.724960
0.624512 1.724960
0.624772 1.725910
0.625033 1.725910
0.625293 1.725910
0.625553 1.726870
0.625813 1.728060
0.626073 1.729010
0.626334 1.729010
0.626594 1.731870
0.626854 1.732110
0.627114 1.732830
0.627374 1.732830
0.627635 1.734020
0.627895 1.734970
0.628155 1.734970
0.628415 1.735930
0.628676 1.737120
0.628936 1.738790
0.629196 1.739980
0.629456 1.739980
0.629716 1.739980
0.629977 1.739980
0.630237 1.739980
0.630497 1.740930
0.630757 1.740930
0.631017 1.741890
0.631278 1.742120
0.631538 1.743080
0.631798 1.743080
0.632058 1.744030
0.632319 1.744990
0.632579 1.744990
0.632839 1.745940
0.633099 1.746890
0.633359 1.747850
0.633620 1.748090
0.633880 1.748090
0.634140 1.749040
0.634400 1.749040
0.634660 1.749990
0.634921 1.749990
0.635181 1.749990
0.635441 1.749990
0.635701 1.750950
0.635961 1.750950
0.636222 1.750950
0.636482 1.751180
0.636742 1.752140
0.637002 1.752140
0.637263 1.752140
0.637523 1.753090
0.637783 1.753090
0.638043 1.753090
0.638303 1.754050
0.638564 1.754050
0.638824 1.754050
0.639084 1.755000
0.639344 1.755000
0.639604 1.755950
0.639865 1.755950
0.640125 1.755950
0.640385 1.755950
0.640645 1.756190
0.640906 1.756910
0.641166 1.756910
0.641426 1.757140
0.641686 1.757140
0.641946 1.757860
0.642207 1.757860
0.642467 1.757860
0.642727 1.759050
0.642987 1.759050
0.643247 1.759050
0.643508 1.759050
0.643768 1.760010
0.644028 1.760010
0.644288 1.760960
0.644549 1.760960
0.644809 1.760960
0.645069 1.760960
0.645329 1.762150
0.645589 1.762150
0.645850 1.763820
0.646110 1.764060
0.646370 1.764060
0.646630 1.764060
0.646890 1.765010
0.647151 1.765010
0.647411 1.765010
0.647671 1.765970
0.647931 1.765970
0.648192 1.766200
0.648452 1.766920
0.648712 1.767870
0.648972 1.768110
0.649232 1.769070
0.649493 1.770020
0.649753 1.770020
0.650013 1.770970
0.650273 1.770970
0.650533 1.771210
0.650794 1.771930
0.651054 1.771930
0.651314 1.771930
0.651574 1.772170
0.651835 1.772170
0.652095 1.772880
0.652355 1.773120
0.652615 1.775030
0.652875 1.775030
0.653136 1.775030
0.653396 1.776930
0.653656 1.778130
0.653916 1.778840
0.654176 1.779080
0.654437 1.780030
0.654697 1.780990
0.654957 1.781940
0.655217 1.781940
0.655477 1.782890
0.655738 1.782890
0.655998 1.782890
0.656258 1.782890
0.656518 1.785040
0.656779 1.785040
0.657039 1.785990
0.657299 1.786950
0.657559 1.786950
0.657819 1.787190
0.658080 1.787900
0.658340 1.788850
0.658600 1.789090
0.658860 1.790050
0.659120 1.790050
0.659381 1.790050
0.659641 1.790050
0.659901 1.791000
0.660161 1.791000
0.660422 1.791000
0.660682 1.791950
0.660942 1.791950
0.661202 1.792910
0.661462 1.793150
0.661723 1.793860
0.661983 1.794100
0.662243 1.794820
0.662503 1.794820
0.662763 1.795050
0.663024 1.795050
0.663284 1.795770
0.663544 1.796010
0.663804 1.796010
0.664065 1.797910
0.664325 1.797910
0.664585 1.797910
0.664845 1.797910
0.665105 1.798150
0.665366 1.798870
0.665626 1.799110
0.665886 1.799820
0.666146 1.799820
0.666406 1.799820
0.666667 1.801010
0.666927 1.801010
0.667187 1.801010
0.667447 1.801970
0.667708 1.801970
0.667968 1.802920
0.668228 1.802920
0.668488 1.803160
0.668748 1.804110
0.669009 1.804830
0.669269 1.805070
0.669529 1.805070
0.669789 1.806970
0.670049 1.806970
0.670310 1.806970
0.670570 1.806970
0.670830 1.806970
0.671090 1.806970
0.671351 1.806970
0.671611 1.808880
0.671871 1.809120
0.672131 1.810070
0.672391 1.811030
0.672652 1.811030
0.672912 1.811030
0.673172 1.811980
0.673432 1.812220
0.673692 1.812930
0.673953 1.813890
0.674213 1.814130
0.674473 1.814840
0.674733 1.815080
0.674993 1.816030
0.675254 1.816990
0.675514 1.817230
0.675774 1.817940
0.676034 1.817940
0.676295 1.818900
0.676555 1.819130
0.676815 1.820090
0.677075 1.821040
0.677335 1.821040
0.677596 1.821040
0.677856 1.821990
0.678116 1.821990
0.678376 1.822950
0.678636 1.822950
0.678897 1.824860
0.679157 1.824860
0.679417 1.824860
0.679677 1.825090
0.679938 1.826050
0.680198 1.826050
0.680458 1.826050
0.680718 1.827000
0.680978 1.827000
0.681239 1.828910
0.681499 1.828910
0.681759 1.829150
0.682019 1.830820
0.682279 1.831050
0.682540 1.831770
0.682800 1.832010
0.683060 1.832010
0.683320 1.832010
0.683581 1.832010
0.683841 1.832960
0.684101 1.832960
0.684361 1.834150
0.684621 1.835110
0.684882 1.836060
0.685142 1.836060
0.685402 1.836060
0.685662 1.836060
0.685922 1.837020
0.686183 1.837020
0.686443 1.837970
0.686703 1.837970
0.686963 1.837970
0.687224 1.837970
0.687484 1.837970
0.687744 1.838920
0.688004 1.838920
0.688264 1.839880
0.688525 1.839880
0.688785 1.840110
0.689045 1.840830
0.689305 1.842020
0.689565 1.844170
0.689826 1.845120
0.690086 1.845120
0.690346 1.845120
0.690606 1.845840
0.690867 1.846080
0.691127 1.846080
0.691387 1.846080
0.691647 1.846080
0.691907 1.847980
0.692168 1.847980
0.692428 1.847980
0.692688 1.847980
0.692948 1.848940
0.693208 1.848940
0.693469 1.848940
0.693729 1.848940
0.693989 1.849170
0.694249 1.850840
0.694509 1.850840
0.694770 1.851080
0.695030 1.851080
0.695290 1.852040
0.695550 1.852040
0.695811 1.852040
0.696071 1.852990
0.696331 1.852990
0.696591 1.853940
0.696851 1.854180
0.697112 1.854180
0.697372 1.854900
0.697632 1.854900
0.697892 1.854900
0.698152 1.854900
0.698413 1.855130
0.698673 1.855130
0.698933 1.855130
0.699193 1.855850
0.699454 1.856090
0.699714 1.857040
0.699974 1.857040
0.700234 1.857040
0.700494 1.857040
0.700755 1.857040
0.701015 1.858000
0.701275 1.858000
0.701535 1.859190
0.701795 1.859900
0.702056 1.859900
0.702316 1.860140
0.702576 1.860140
0.702836 1.863000
0.703097 1.863000
0.703357 1.863000
0.703617 1.863000
0.703877 1.863960
0.704137 1.863960
0.704398 1.865860
0.704658 1.866100
0.704918 1.867060
0.705178 1.868010
0.705438 1.868010
0.705699 1.868960
0.705959 1.868960
0.706219 1.868960
0.706479 1.869920
0.706740 1.870870
0.707000 1.871110
0.707260 1.871110
0.707520 1.872060
0.707780 1.873020
0.708041 1.873020
0.708301 1.873020
0.708561 1.873970
0.708821 1.873970
0.709081 1.874920
0.709342 1.875880
0.709602 1.875880
0.709862 1.876830
0.710122 1.878020
0.710383 1.878020
0.710643 1.878020
0.710903 1.879220
0.711163 1.879220
0.711423 1.879930
0.711684 1.880170
0.711944 1.880880
0.712204 1.881120
0.712464 1.882080
0.712724 1.882080
0.712985 1.882790
0.713245 1.883980
0.713505 1.883980
0.713765 1.886130
0.714026 1.886840
0.714286 1.887080
0.714546 1.888990
0.714806 1.888990
0.715066 1.888990
0.715327 1.890180
0.715587 1.890900
0.715847 1.890900
0.716107 1.892090
0.716367 1.892090
0.716628 1.892090
0.716888 1.893040
0.717148 1.894000
0.717408 1.894000
0.717668 1.894950
0.717929 1.896860
0.718189 1.896860
0.718449 1.897100
0.718709 1.897100
0.718970 1.899000
0.719230 1.899000
0.719490 1.899000
0.719750 1.899960
0.720010 1.899960
0.720271 1.899960
0.720531 1.900910
0.720791 1.902100
0.721051 1.902820
0.721311 1.904010
0.721572 1.904960
0.721832 1.905920
0.722092 1.906870
0.722352 1.907110
0.722613 1.907110
0.722873 1.908060
0.723133 1.908060
0.723393 1.908060
0.723653 1.909020
0.723914 1.909020
0.724174 1.909970
0.724434 1.909970
0.724694 1.910210
0.724954 1.910920
0.725215 1.911160
0.725475 1.912830
0.725735 1.913070
0.725995 1.914020
0.726256 1.914020
0.726516 1.914020
0.726776 1.914980
0.727036 1.914980
0.727296 1.914980
0.727557 1.916170
0.727817 1.917120
0.728077 1.919030
0.728337 1.919030
0.728597 1.919980
0.728858 1.919980
0.729118 1.920220
0.729378 1.920940
0.729638 1.920940
0.729899 1.920940
0.730159 1.920940
0.730419 1.921180
0.730679 1.921180
0.730939 1.921180
0.731200 1.921890
0.731460 1.921890
0.731720 1.921890
0.731980 1.922850
0.732240 1.923080
0.732501 1.923080
0.732761 1.923080
0.733021 1.924040
0.733281 1.924040
0.733542 1.926900
0.733802 1.926900
0.734062 1.926900
0.734322 1.926900
0.734582 1.927140
0.734843 1.927850
0.735103 1.927850
0.735363 1.928090
0.735623 1.929040
0.735883 1.929040
0.736144 1.930000
0.736404 1.930950
0.736664 1.930950
0.736924 1.931910
0.737184 1.932140
0.737445 1.933100
0.737705 1.933100
0.737965 1.933100
0.738225 1.933810
0.738486 1.934050
0.738746 1.934050
0.739006 1.935960
0.739266 1.935960
0.739526 1.936910
0.739787 1.937150
0.740047 1.937870
0.740307 1.938100
0.740567 1.939060
0.740827 1.939060
0.741088 1.940010
0.741348 1.940010
0.741608 1.940970
0.741868 1.941920
0.742129 1.944070
0.742389 1.944070
0.742649 1.944070
0.742909 1.944070
0.743169 1.945970
0.743430 1.946930
0.743690 1.948120
0.743950 1.948120
0.744210 1.948830
0.744470 1.948830
0.744731 1.949070
0.744991 1.949070
0.745251 1.949790
0.745511 1.950030
0.745772 1.951930
0.746032 1.953120
0.746292 1.954080
0.746552 1.954080
0.746812 1.954080
0.747073 1.955030
0.747333 1.955990
0.747593 1.955990
0.747853 1.955990
0.748113 1.956940
0.748374 1.958130
0.748634 1.959090
0.748894 1.960040
0.749154 1.960040
0.749415 1.963140
0.749675 1.965050
0.749935 1.966000
0.750195 1.966950
0.750455 1.966950
0.750716 1.966950
0.750976 1.966950
0.751236 1.967910
0.751496 1.967910
0.751756 1.967910
0.752017 1.968860
0.752277 1.968860
0.752537 1.969810
0.752797 1.970050
0.753058 1.971010
0.753318 1.971010
0.753578 1.971960
0.753838 1.971960
0.754098 1.972910
0.754359 1.974110
0.754619 1.974110
0.754879 1.975060
0.755139 1.976970
0.755399 1.976970
0.755660 1.976970
0.755920 1.977920
0.756180 1.977920
0.756440 1.978160
0.756700 1.978870
0.756961 1.980070
0.757221 1.980070
0.757481 1.981020
0.757741 1.981020
0.758002 1.981970
0.758262 1.982930
0.758522 1.982930
0.758782 1.982930
0.759042 1.985070
0.759303 1.987930
0.759563 1.989130
0.759823 1.989840
0.760083 1.991030
0.760343 1.991990
0.760604 1.992940
0.760864 1.994130
0.761124 1.995090
0.761384 1.995800
0.761645 1.996990
0.761905 1.996990
0.762165 2.000090
0.762425 2.000090
0.762685 2.001050
0.762946 2.001760
0.763206 2.002950
0.763466 2.003910
0.763726 2.004150
0.763986 2.005820
0.764247 2.006050
0.764507 2.006050
0.764767 2.006050
0.765027 2.007010
0.765288 2.007010
0.765548 2.007960
0.765808 2.007960
0.766068 2.008910
0.766328 2.011060
0.766589 2.012010
0.766849 2.016070
0.767109 2.016070
0.767369 2.019880
0.767629 2.027990
0.767890 2.027990
0.768150 2.028230
0.768410 2.028940
0.768670 2.030850
0.768931 2.031090
0.769191 2.033950
0.769451 2.033950
0.769711 2.035140
0.769971 2.036810
0.770232 2.038000
0.770492 2.038000
0.770752 2.039910
0.771012 2.042060
0.771272 2.042060
0.771533 2.042060
0.771793 2.048970
0.772053 2.049920
0.772313 2.050160
0.772574 2.051830
0.772834 2.053020
0.773094 2.055170
0.773354 2.063040
0.773614 2.063990
0.773875 2.063990
0.774135 2.066850
0.774395 2.068040
0.774655 2.068040
0.774915 2.069950
0.775176 2.070190
0.775436 2.070900
0.775696 2.071860
0.775956 2.073050
0.776216 2.074960
0.776477 2.075200
0.776737 2.076150
0.776997 2.077100
0.777257 2.077820
0.777518 2.079010
0.777778 2.079010
0.778038 2.080920
0.778298 2.080920
0.778558 2.080920
0.778819 2.081160
0.779079 2.087120
0.779339 2.088070
0.779599 2.090220
0.779859 2.090930
0.780120 2.091880
0.780380 2.094980
0.780640 2.097130
0.780900 2.098800
0.781161 2.099040
0.781421 2.099040
0.781681 2.105000
0.781941 2.105000
0.782201 2.108100
0.782462 2.108100
0.782722 2.110960
0.782982 2.111910
0.783242 2.114060
0.783502 2.115960
0.783763 2.115960
0.784023 2.117160
0.784283 2.118110
0.784543 2.120020
0.784804 2.124070
0.785064 2.125020
0.785324 2.126930
0.785584 2.127890
0.785844 2.130030
0.786105 2.130030
0.786365 2.130990
0.786625 2.131940
0.786885 2.132890
0.787145 2.133850
0.787406 2.134080
0.787666 2.135040
0.787926 2.136950
0.788186 2.143140
0.788447 2.144100
0.788707 2.144100
0.788967 2.146960
0.789227 2.147910
0.789487 2.148870
0.789748 2.149820
0.790008 2.151970
0.790268 2.152920
0.790528 2.154110
0.790788 2.156970
0.791049 2.156970
0.791309 2.156970
0.791569 2.161030
0.791829 2.161030
0.792090 2.161030
0.792350 2.167940
0.792610 2.167940
0.792870 2.168180
0.793130 2.168890
0.793391 2.168890
0.793651 2.170090
0.793911 2.171990
0.794171 2.173900
0.794431 2.174140
0.794692 2.174140
0.794952 2.176050
0.795212 2.177000
0.795472 2.177000
0.795733 2.177000
0.795993 2.178910
0.796253 2.179860
0.796513 2.181050
0.796773 2.181050
0.797034 2.181050
0.797294 2.182010
0.797554 2.182010
0.797814 2.185110
0.798074 2.185110
0.798335 2.186060
0.798595 2.186060
0.798855 2.187010
0.799115 2.187010
0.799375 2.187970
0.799636 2.188920
0.799896 2.188920
0.800156 2.189870
0.800416 2.191070
0.800677 2.192970
0.800937 2.194880
0.801197 2.194880
0.801457 2.196070
0.801717 2.196790
0.801978 2.197030
0.802238 2.198930
0.802498 2.199890
0.802758 2.201080
0.803018 2.201080
0.803279 2.202990
0.803539 2.203940
0.803799 2.203940
0.804059 2.205130
0.804320 2.205850
0.804580 2.206090
0.804840 2.207040
0.805100 2.207040
0.805360 2.207040
0.805621 2.208950
0.805881 2.208950
0.806141 2.209900
0.806401 2.210860
0.806661 2.211090
0.806922 2.213000
0.807182 2.213950
0.807442 2.213950
0.807702 2.215150
0.807963 2.216100
0.808223 2.216100
0.808483 2.217050
0.808743 2.218010
0.809003 2.218960
0.809264 2.219920
0.809524 2.221820
0.809784 2.222060
0.810044 2.222780
0.810304 2.223010
0.810565 2.223970
0.810825 2.223970
0.811085 2.224920
0.811345 2.225880
0.811606 2.226110
0.811866 2.227070
0.812126 2.227070
0.812386 2.228020
0.812646 2.228020
0.812907 2.228980
0.813167 2.228980
0.813427 2.230170
0.813687 2.231120
0.813947 2.233030
0.814208 2.233030
0.814468 2.236130
0.814728 2.238040
0.814988 2.238990
0.815249 2.238990
0.815509 2.240900
0.815769 2.240900
0.816029 2.242800
0.816289 2.244000
0.816550 2.244000
0.816810 2.244000
0.817070 2.244000
0.817330 2.246860
0.817590 2.247100
0.817851 2.247100
0.818111 2.249960
0.818371 2.250910
0.818631 2.252100
0.818891 2.254010
0.819152 2.254010
0.819412 2.254960
0.819672 2.256160
0.819932 2.257110
0.820193 2.258060
0.820453 2.259970
0.820713 2.260920
0.820973 2.261160
0.821233 2.264020
0.821494 2.266170
0.821754 2.269980
0.822014 2.269980
0.822274 2.269980
0.822534 2.271890
0.822795 2.272130
0.823055 2.272130
0.823315 2.272840
0.823575 2.273080
0.823836 2.273800
0.824096 2.275940
0.824356 2.278090
0.824616 2.280000
0.824876 2.280000
0.825137 2.280950
0.825397 2.282140
0.825657 2.284050
0.825917 2.285000
0.826177 2.286200
0.826438 2.290010
0.826698 2.290010
0.826958 2.291200
0.827218 2.292870
0.827479 2.295970
0.827739 2.296920
0.827999 2.296920
0.828259 2.299070
0.828519 2.301930
0.828780 2.302890
0.829040 2.303840
0.829300 2.303840
0.829560 2.304080
0.829820 2.304790
0.830081 2.306940
0.830341 2.306940
0.830601 2.307890
0.830861 2.307890
0.831122 2.309800
0.831382 2.310040
0.831642 2.310990
0.831902 2.310990
0.832162 2.312900
0.832423 2.312900
0.832683 2.313140
0.832943 2.313850
0.833203 2.316000
0.833463 2.316000
0.833724 2.316000
0.833984 2.317910
0.834244 2.317910
0.834504 2.321000
0.834765 2.321000
0.835025 2.321000
0.835285 2.322910
0.835545 2.322910
0.835805 2.322910
0.836066 2.323150
0.836326 2.324100
0.836586 2.326010
0.836846 2.326010
0.837106 2.326970
0.837367 2.328160
0.837627 2.329830
0.837887 2.330060
0.838147 2.334120
0.838407 2.336030
0.838668 2.340080
0.838928 2.341990
0.839188 2.341990
0.839448 2.343180
0.839709 2.343890
0.839969 2.345090
0.840229 2.346990
0.840489 2.347950
0.840749 2.348900
0.841010 2.352000
0.841270 2.352000
0.841530 2.354150
0.841790 2.355100
0.842050 2.356050
0.842311 2.356050
0.842571 2.357010
0.842831 2.357960
0.843091 2.358910
0.843352 2.358910
0.843612 2.361060
0.843872 2.365830
0.844132 2.366070
0.844392 2.367020
0.844653 2.368930
0.844913 2.369170
0.845173 2.369880
0.845433 2.371070
0.845693 2.371790
0.845954 2.372030
0.846214 2.373930
0.846474 2.374890
0.846734 2.375130
0.846995 2.377990
0.847255 2.379890
0.847515 2.380130
0.847775 2.381800
0.848035 2.382040
0.848296 2.382040
0.848556 2.382990
0.848816 2.383230
0.849076 2.384900
0.849336 2.384900
0.849597 2.384900
0.849857 2.387050
0.850117 2.387050
0.850377 2.388000
0.850638 2.388000
0.850898 2.388000
0.851158 2.389190
0.851418 2.391100
0.851678 2.391820
0.851939 2.392050
0.852199 2.392050
0.852459 2.393960
0.852719 2.393960
0.852979 2.393960
0.853240 2.393960
0.853500 2.394910
0.853760 2.398970
0.854020 2.398970
0.854281 2.399920
0.854541 2.402070
0.854801 2.403020
0.855061 2.404930
0.855321 2.405170
0.855582 2.405880
0.855842 2.405880
0.856102 2.406120
0.856362 2.407070
0.856622 2.407790
0.856883 2.408980
0.857143 2.408980
0.857403 2.411130
0.857663 2.413990
0.857923 2.413990
0.858184 2.413990
0.858444 2.414230
0.858704 2.415900
0.858964 2.416130
0.859225 2.416130
0.859485 2.417090
0.859745 2.418040
0.860005 2.418990
0.860265 2.422090
0.860526 2.423050
0.860786 2.424960
0.861046 2.425190
0.861306 2.425910
0.861566 2.426860
0.861827 2.427820
0.862087 2.428050
0.862347 2.433060
0.862607 2.434970
0.862868 2.435920
0.863128 2.437110
0.863388 2.437830
0.863648 2.441880
0.863908 2.442840
0.864169 2.443080
0.864429 2.444030
0.864689 2.445220
0.864949 2.445940
0.865209 2.451180
0.865470 2.452140
0.865730 2.453090
0.865990 2.453090
0.866250 2.458100
0.866511 2.458810
0.866771 2.463100
0.867031 2.465010
0.867291 2.465960
0.867551 2.465960
0.867812 2.466920
0.868072 2.467870
0.868332 2.467870
0.868592 2.468110
0.868852 2.469060
0.869113 2.471920
0.869373 2.472160
0.869633 2.473120
0.869893 2.474070
0.870154 2.475020
0.870414 2.475020
0.870674 2.479080
0.870934 2.479080
0.871194 2.480030
0.871455 2.480980
0.871715 2.480980
0.871975 2.481940
0.872235 2.481940
0.872495 2.481940
0.872756 2.481940
0.873016 2.482180
0.873276 2.483130
0.873536 2.484080
0.873797 2.485040
0.874057 2.485040
0.874317 2.485040
0.874577 2.485990
0.874837 2.485990
0.875098 2.486940
0.875358 2.487180
0.875618 2.488850
0.875878 2.490040
0.876138 2.491000
0.876399 2.493140
0.876659 2.495050
0.876919 2.496960
0.877179 2.498870
0.877440 2.499100
0.877700 2.499820
0.877960 2.500060
0.878220 2.500060
0.878480 2.501010
0.878741 2.506970
0.879001 2.507930
0.879261 2.507930
0.879521 2.516030
0.879781 2.521040
0.880042 2.521040
0.880302 2.521990
0.880562 2.521990
0.880822 2.523900
0.881082 2.525090
0.881343 2.530100
0.881603 2.530100
0.881863 2.530100
0.882123 2.530100
0.882384 2.531050
0.882644 2.534870
0.882904 2.536060
0.883164 2.541780
0.883424 2.542020
0.883685 2.542970
0.883945 2.542970
0.884205 2.543210
0.884465 2.543930
0.884725 2.545120
0.884986 2.545120
0.885246 2.548930
0.885506 2.549170
0.885766 2.552030
0.886027 2.554890
0.886287 2.555850
0.886547 2.562050
0.886807 2.562050
0.887067 2.563950
0.887328 2.564190
0.887588 2.564910
0.887848 2.566100
0.888108 2.566100
0.888368 2.566100
0.888629 2.567050
0.888889 2.567050
0.889149 2.568010
0.889409 2.570870
0.889670 2.571110
0.889930 2.571820
0.890190 2.577780
0.890450 2.578020
0.890710 2.579930
0.890971 2.579930
0.891231 2.580170
0.891491 2.581120
0.891751 2.583980
0.892011 2.585170
0.892272 2.586840
0.892532 2.588990
0.892792 2.591850
0.893052 2.591850
0.893313 2.593990
0.893573 2.593990
0.893833 2.596140
0.894093 2.597090
0.894353 2.598050
0.894614 2.598050
0.894874 2.599950
0.895134 2.600910
0.895394 2.602100
0.895654 2.606870
0.895915 2.606870
0.896175 2.609010
0.896435 2.610210
0.896695 2.610920
0.896956 2.610920
0.897216 2.614970
0.897476 2.615930
0.897736 2.618070
0.897996 2.620220
0.898257 2.620940
0.898517 2.620940
0.898777 2.624030
0.899037 2.624990
0.899297 2.627850
0.899558 2.628090
0.899818 2.630000
0.900078 2.630000
0.900338 2.630000
0.900598 2.630950
0.900859 2.630950
0.901119 2.632860
0.901379 2.633090
0.901639 2.633810
0.901900 2.636910
0.902160 2.636910
0.902420 2.637860
0.902680 2.640010
0.902940 2.641920
0.903201 2.642150
0.903461 2.642870
0.903721 2.643820
0.903981 2.643820
0.904241 2.644060
0.904502 2.645020
0.904762 2.645970
0.905022 2.647880
0.905282 2.650020
0.905543 2.650980
0.905803 2.653840
0.906063 2.654080
0.906323 2.655030
0.906583 2.660040
0.906844 2.660040
0.907104 2.661940
0.907364 2.665040
0.907624 2.666000
0.907884 2.666950
0.908145 2.669100
0.908405 2.671000
0.908665 2.672910
0.908925 2.676010
0.909186 2.676010
0.909446 2.680060
0.909706 2.680060
0.909966 2.681020
0.910226 2.683880
0.910487 2.686020
0.910747 2.687930
0.911007 2.688170
0.911267 2.690080
0.911527 2.691030
0.911788 2.692940
0.912048 2.695080
0.912308 2.696990
0.912568 2.696990
0.912829 2.696990
0.913089 2.697940
0.913349 2.697940
0.913609 2.698900
0.913869 2.704140
0.914130 2.704140
0.914390 2.706050
0.914650 2.708910
0.914910 2.710100
0.915170 2.712010
0.915431 2.712010
0.915691 2.712010
0.915951 2.714160
0.916211 2.717020
0.916472 2.717020
0.916732 2.719880
0.916992 2.722980
0.917252 2.723930
0.917512 2.727990
0.917773 2.731080
0.918033 2.732040
0.918293 2.735140
0.918553 2.736090
0.918813 2.738000
0.919074 2.738950
0.919334 2.739910
0.919594 2.743010
0.919854 2.743010
0.920114 2.744910
0.920375 2.745870
0.920635 2.745870
0.920895 2.746110
0.921155 2.748970
0.921416 2.750160
0.921676 2.751110
0.921936 2.752070
0.922196 2.753020
0.922456 2.753970
0.922717 2.756830
0.922977 2.757070
0.923237 2.758030
0.923497 2.762080
0.923757 2.762080
0.924018 2.765890
0.924278 2.766130
0.924538 2.766850
0.924798 2.766850
0.925059 2.767090
0.925319 2.770190
0.925579 2.770900
0.925839 2.773050
0.926099 2.779010
0.926360 2.779010
0.926620 2.779960
0.926880 2.779960
0.927140 2.781150
0.927400 2.782110
0.927661 2.784010
0.927921 2.787110
0.928181 2.788070
0.928441 2.790930
0.928702 2.790930
0.928962 2.790930
0.929222 2.791880
0.929482 2.793070
0.929742 2.794030
0.930003 2.794980
0.930263 2.794980
0.930523 2.797130
0.930783 2.797840
0.931043 2.801900
0.931304 2.803090
0.931564 2.804990
0.931824 2.809050
0.932084 2.810000
0.932345 2.810000
0.932605 2.810000
0.932865 2.814050
0.933125 2.815010
0.933385 2.817870
0.933646 2.818110
0.933906 2.818110
0.934166 2.818110
0.934426 2.822880
0.934686 2.827880
0.934947 2.828120
0.935207 2.828120
0.935467 2.829070
0.935727 2.830030
0.935988 2.832170
0.936248 2.834800
0.936508 2.836940
0.936768 2.837180
0.937028 2.839090
0.937289 2.842900
0.937549 2.842900
0.937809 2.844100
0.938069 2.846000
0.938329 2.846000
0.938590 2.848860
0.938850 2.849820
0.939110 2.851010
0.939370 2.852920
0.939630 2.856970
0.939891 2.860070
0.940151 2.860780
0.940411 2.862220
0.940671 2.863170
0.940932 2.863170
0.941192 2.866980
0.941452 2.870800
0.941712 2.871040
0.941972 2.873180
0.942233 2.874140
0.942493 2.877000
0.942753 2.877000
0.943013 2.878190
0.943273 2.884150
0.943534 2.885100
0.943794 2.885100
0.944054 2.886060
0.944314 2.889160
0.944575 2.890110
0.944835 2.891060
0.945095 2.892020
0.945355 2.892020
0.945615 2.892970
0.945876 2.892970
0.946136 2.896070
0.946396 2.897020
0.946656 2.898930
0.946916 2.899170
0.947177 2.901080
0.947437 2.902030
0.947697 2.903940
0.947957 2.906080
0.948218 2.906080
0.948478 2.907040
0.948738 2.907040
0.948998 2.907990
0.949258 2.907990
0.949519 2.909900
0.949779 2.911090
0.950039 2.911090
0.950299 2.911090
0.950559 2.915140
0.950820 2.915860
0.951080 2.919200
0.951340 2.921100
0.951600 2.922060
0.951861 2.923010
0.952121 2.924200
0.952381 2.924200
0.952641 2.924920
0.952901 2.924920
0.953162 2.925160
0.953422 2.927060
0.953682 2.928020
0.953942 2.928020
0.954202 2.928970
0.954463 2.931120
0.954723 2.931830
0.954983 2.932070
0.955243 2.933030
0.955504 2.933030
0.955764 2.933980
0.956024 2.935170
0.956284 2.936840
0.956544 2.937080
0.956805 2.938030
0.957065 2.938990
0.957325 2.939940
0.957585 2.939940
0.957845 2.939940
0.958106 2.943040
0.958366 2.943990
0.958626 2.944950
0.958886 2.946140
0.959147 2.954010
0.959407 2.955910
0.959667 2.956870
0.959927 2.956870
0.960187 2.958060
0.960448 2.959010
0.960708 2.964970
0.960968 2.966170
0.961228 2.974990
0.961488 2.974990
0.961749 2.974990
0.962009 2.976890
0.962269 2.979040
0.962529 2.981190
0.962789 2.984050
0.963050 2.984050
0.963310 2.985000
0.963570 2.986910
0.963830 2.987860
0.964091 2.988100
0.964351 2.992870
0.964611 2.995010
0.964871 2.996920
0.965131 2.996920
0.965392 2.997160
0.965652 2.997880
0.965912 3.000020
0.966172 3.000970
0.966432 3.005030
0.966693 3.006940
0.966953 3.010990
0.967213 3.015040
0.967473 3.015040
0.967734 3.016950
0.967994 3.018860
0.968254 3.021000
0.968514 3.024100
0.968774 3.024100
0.969035 3.025770
0.969295 3.027920
0.969555 3.029820
0.969815 3.030060
0.970075 3.030060
0.970336 3.031970
0.970596 3.031970
0.970856 3.032920
0.971116 3.035070
0.971377 3.036020
0.971637 3.036020
0.971897 3.038170
0.972157 3.041030
0.972417 3.044130
0.972678 3.046040
0.972938 3.048900
0.973198 3.066060
0.973458 3.069880
0.973718 3.076080
0.973979 3.082040
0.974239 3.087040
0.974499 3.088950
0.974759 3.089900
0.975020 3.092050
0.975280 3.097060
0.975540 3.097060
0.975800 3.098960
0.976060 3.110890
0.976321 3.111840
0.976581 3.120180
0.976841 3.121850
0.977101 3.124950
0.977361 3.125190
0.977622 3.134010
0.977882 3.139020
0.978142 3.164050
0.978402 3.165010
0.978663 3.165960
0.978923 3.167150
0.979183 3.169060
0.979443 3.170970
0.979703 3.180030
0.979964 3.181930
0.980224 3.200050
0.980484 3.201960
0.980744 3.205060
0.981004 3.208160
0.981265 3.211020
0.981525 3.215070
0.981785 3.223180
0.982045 3.223180
0.982305 3.227000
0.982566 3.239150
0.982826 3.264900
0.983086 3.265140
0.983346 3.282070
0.983607 3.285170
0.983867 3.304000
0.984127 3.316160
0.984387 3.321890
0.984647 3.347160
0.984908 3.351930
0.985168 3.354070
0.985428 3.363130
0.985688 3.379110
0.985948 3.397940
0.986209 3.400090
0.986469 3.405090
0.986729 3.466840
0.986989 3.468040
0.987250 3.468990
0.987510 3.474950
0.987770 3.479960
0.988030 3.483060
0.988290 3.484010
0.988551 3.485200
0.988811 3.488060
0.989071 3.491160
0.989331 3.494020
0.989591 3.497840
0.989852 3.499030
0.990112 3.539090
0.990372 3.544090
0.990632 3.546000
0.990893 3.561970
0.991153 3.578900
0.991413 3.584150
0.991673 3.588910
0.991933 3.596070
0.992194 3.602980
0.992454 3.617050
0.992714 3.722910
0.992974 3.722910
0.993234 3.741030
0.993495 3.777980
0.993755 3.793950
0.994015 3.849030
0.994275 3.899100
0.994536 3.916030
0.994796 3.952030
0.995056 3.963950
0.995316 3.983020
0.995576 4.003050
0.995837 4.037860
0.996097 4.124880
0.996357 4.127980
0.996617 4.156110
0.996877 4.158020
0.997138 4.194020
0.997398 4.209040
0.997658 4.227880
0.997918 4.235980
0.998179 4.347090
0.998439 4.431010
0.998699 4.455090
0.998959 4.463910
0.999219 4.602910
0.999480 4.655120
0.999740 4.724980
1.000000 4.989150
