4.65298  99600
4.76813  99600
4.82798  104160
4.83799  104160
4.92597  101520
4.97198  99600
4.97293  99600
5.00607  103200
5.08785  103200
5.13697  104160
5.14889  99600
5.17106  99600
5.1899  101760
5.26214  98160
5.27096  106800
5.28717  92880
5.32699  97680
5.33891  92640
5.36799  90960
5.37109  99600
5.373  99600
5.37992  92880
5.41806  105360
5.43189  101520
5.43809  101520
5.4481  103200
5.47504  104160
5.49603  105360
5.51391  92880
5.548  97680
5.5871  101760
5.61905  101280
5.63598  99600
5.70416  127254
5.72419  103200
5.79906  101520
5.80192  127254
5.8279  127254
5.82886  103200
5.831  127254
5.87082  103440
5.87511  132480
5.89585  127254
5.91898  101760
5.92208  101520
5.93615  127254
5.93781  127254
5.93901  127254
5.95713  92880
5.95903  104160
5.96595  132480
5.99098  127254
6.02818  110640
6.05798  103200
6.09398  127254
6.10018  101760
6.10495  127254
6.10805  101760
6.11901  101760
6.13117  97680
6.15311  101760
6.16884  99600
6.17194  92880
6.1841  127254
6.19912  105360
6.20604  127254
6.20985  132096
6.22296  132480
6.22606  101760
6.2871  127254
6.28805  106800
6.30903  127254
6.3169  105360
6.32191  93360
6.32215  97680
6.32405  90960
6.37603  99600
6.40011  127254
6.49881  99600
6.50001  127254
6.531  106800
6.53911  127254
6.56414  92880
6.59513  127254
6.63018  106800
6.63996  127254
6.64711  127254
6.65808  96720
6.66809  127254
6.675  101760
6.68001  93360
6.68216  101760
6.73509  101760
6.742  98160
6.78611  101760
6.80304  132480
6.82092  94560
6.82998  105360
6.84118  103200
6.90389  101520
6.91199  132096
6.91485  103200
6.93917  103440
6.99401  101520
7.00092  97680
7.0312  101760
7.04885  99600
7.05385  110400
7.08389  127254
7.0889  99600
7.08914  110400
7.09581  97680
7.09796  103200
7.13205  101280
7.14016  101760
7.15017  120380
7.16496  99600
7.18093  101760
7.18284  107760
7.18617  90960
7.18689  127254
7.20692  97680
7.26008  97680
7.28297  144240
7.34091  142080
7.34687  127254
7.37596  101760
7.37596  127254
7.38811  131208
7.39288  127254
7.39288  99600
7.39408  103200
7.406  127254
7.45821  90960
7.50303  103200
7.50303  119064
7.51185  177600
7.51805  127254
7.51996  101760
7.54905  110880
7.56311  101760
7.57885  177600
7.58505  177600
7.59697  101760
7.61318  177600
7.61414  106800
7.62486  177600
7.63083  127254
7.65896  91200
7.66993  177600
7.67016  177600
7.67088  127254
7.67088  127254
7.69687  177600
7.70187  177600
7.71379  177600
7.71999  177600
7.72119  177600
7.7281  127254
7.7281  177600
7.7281  177600
7.73287  177600
7.73501  177600
7.75194  177600
7.75218  177600
7.75599  177600
7.75695  177600
7.761  177600
7.76696  131208
7.76696  177600
7.76887  119064
7.77316  92880
7.78294  177600
7.79009  177600
7.79295  177600
7.79891  177600
7.80416  177600
7.80606  131208
7.80892  177600
7.80892  177600
7.81083  177600
7.81417  177600
7.81989  177600
7.82084  177600
7.828  177600
7.84087  97680
7.84993  177600
7.85494  127254
7.85804  177600
7.85804  99600
7.86209  119064
7.86209  99600
7.86304  177600
7.86901  177600
7.8721  177600
7.87807  177600
7.87997  177600
7.88617  127254
7.88713  101760
7.88808  177600
7.89404  177600
7.89404  177600
7.89714  97680
7.90095  144240
7.91001  177600
7.91001  177600
7.91311  177600
7.91907  101760
7.92098  177600
7.92098  177600
7.92909  177600
7.936  177600
7.93695  177600
7.93886  177600
7.93886  177600
7.94506  177600
7.95102  177600
7.95484  177600
7.95579  177600
7.96413  135360
7.9689  177600
7.96914  177600
7.97415  177600
7.98106  177600
7.98392  177600
7.98702  177600
7.98702  177600
7.98702  177600
7.99203  101760
8.00085  177600
8.00204  177600
8.00705  177600
8.008  127254
8.008  177600
8.01396  177600
8.01516  177600
8.01611  177600
8.02517  177600
8.02588  177600
8.02684  177600
8.02898  177600
8.03995  177600
8.04305  119064
8.044  177600
8.04591  177600
8.04687  177600
8.04901  177600
8.05593  127254
8.05902  177600
8.05998  108000
8.06904  177600
8.0719  177600
8.07309  177600
8.08597  177600
8.09312  177600
8.09813  119064
8.11005  136560
8.1141  177600
8.11815  177600
8.12292  103200
8.13293  177600
8.13508  177600
8.13794  177600
8.1389  177600
8.14199  177600
8.15392  177600
8.15487  127254
8.1718  101760
8.17204  103200
8.17299  127254
8.1749  136560
8.1749  177600
8.18491  177600
8.19898  99600
8.20303  177600
8.20899  136560
8.2128  177600
8.22186  177600
8.22592  101760
8.22997  106800
8.23593  177600
8.24094  177600
8.26001  177600
8.26716  177600
8.26788  177600
8.27193  177600
8.27813  177600
8.27909  177600
8.28886  99600
8.29482  177600
8.31008  177600
8.32295  177600
8.32391  177600
8.32605  177600
8.32891  177600
8.33488  99600
8.33702  177600
8.34584  101760
8.35299  92640
8.36205  177600
8.38399  106800
8.39686  177600
8.40306  177600
8.41379  177600
8.41904  93360
8.42309  177600
8.425  177600
8.4281  101760
8.43  177600
8.43382  177600
8.46696  136560
8.48198  177600
8.49199  127254
8.49223  177600
8.49295  127254
8.50105  177600
8.50582  177600
8.50701  92880
8.51393  155961
8.51607  177600
8.51798  90960
8.51989  177600
8.52418  177600
8.53205  177600
8.53586  177600
8.55088  177600
8.5609  131208
8.56495  99600
8.56996  177600
8.57687  136560
8.57997  101760
8.57997  177600
8.58688  177600
8.5969  127254
8.605  177600
8.61406  177600
8.62598  177600
8.6329  177600
8.636  177600
8.64983  177600
8.65602  177600
8.66103  101760
8.66103  177600
8.66604  177600
8.66818  177600
8.672  177600
8.67605  177600
8.67796  127254
8.67796  177600
8.68297  177600
8.69012  177600
8.69107  177600
8.69393  177600
8.70013  99600
8.70705  103200
8.72278  177600
8.72421  177600
8.73113  177600
8.73399  177600
8.73709  177600
8.74519  132096
8.74782  136560
8.75115  177600
8.75592  127254
8.75688  177600
8.75807  177600
8.75998  177600
8.76093  177600
8.76713  177600
8.76904  92880
8.77404  92880
8.77786  99600
8.7781  160080
8.78501  127254
8.79788  105360
8.79908  177600
8.80218  177600
8.80408  177600
8.82506  177600
8.82602  177600
8.83293  177600
8.83389  132480
8.84199  132480
8.84295  177600
8.84891  177600
8.8501  177600
8.85916  177600
8.86178  177600
8.86393  177600
8.87799  177600
8.88014  177600
8.88085  177600
8.8861  89280
8.89897  177600
8.90303  90960
8.91209  93360
8.91495  177600
8.91495  177600
8.91685  177600
8.92901  177600
8.93307  177600
8.93521  177600
8.93593  177600
8.93784  101520
8.93807  177600
8.93903  177600
8.94094  177600
8.95  177600
8.95286  177600
8.95309  177600
8.97217  177600
8.97384  177600
8.97503  177600
8.97694  177600
8.98314  99600
8.98385  177600
9.00102  98160
9.00197  142080
9.00698  107760
9.01008  177600
9.01008  177600
9.01198  177600
9.01794  177600
9.0189  177600
9.01914  177600
9.0239  177600
9.02581  177600
9.03106  177600
9.05013  177600
9.05514  177600
9.05585  99600
9.07302  177600
9.07898  127254
9.08208  177600
9.08899  177600
9.09281  177600
9.09686  177600
9.09805  177600
9.10401  177600
9.10997  177600
9.11307  177600
9.11307  177600
9.11498  177600
9.11593  142080
9.12309  93360
9.13095  177600
9.14001  127254
9.14001  177600
9.15384  177600
9.1579  104160
9.1629  177600
9.16696  177600
9.17888  177600
9.18198  99600
9.18293  177600
9.18698  177600
9.19104  177600
9.19294  142080
9.19819  177600
9.21392  96720
9.21607  132480
9.21988  144000
9.22489  177600
9.22585  177600
9.22894  132480
9.23014  177600
9.23395  177600
9.2442  127254
9.24706  127254
9.24802  127254
9.24802  177600
9.25398  131208
9.25612  177600
9.25708  144240
9.26709  155961
9.26805  177600
9.26995  177600
9.27997  177600
9.27997  177600
9.28092  110400
9.28211  177600
9.28903  142080
9.31191  177600
9.31501  177600
9.31597  177600
9.32503  177600
9.32598  177600
9.32693  177600
9.33099  177600
9.33599  177600
9.35292  177600
9.37605  101760
9.377  127254
9.377  177600
9.3801  98160
9.38892  177600
9.40204  177600
9.408  177600
9.4099  177600
9.41396  177600
9.42993  142080
9.43518  177600
9.44304  177600
9.44614  110640
9.44686  127254
9.44901  177600
9.45592  90960
9.45902  177600
9.45997  177600
9.46188  177600
9.46689  103200
9.46689  177600
9.46903  104160
9.46903  177600
9.47309  105360
9.48119  142080
9.48501  177600
9.48787  110880
9.48882  177600
9.49097  177600
9.5098  136560
9.51195  99600
9.5129  177600
9.51791  177600
9.52101  177600
9.52196  177600
9.52697  177600
9.53388  103200
9.53698  177600
9.53794  177600
9.53889  92880
9.54294  150960
9.54819  127254
9.55391  127254
9.55606  101520
9.56011  92880
9.56392  142080
9.58395  155961
9.59206  177600
9.59897  99600
9.59992  102720
9.60112  103200
9.60898  110400
9.60898  177600
9.61113  177600
9.61208  177600
9.61494  177600
9.61709  177600
9.63092  132480
9.63593  127254
9.63902  110400
9.64904  177600
9.6519  177600
9.66191  119064
9.66692  177600
9.66978  177600
9.68599  177600
9.691  177600
9.69481  99600
9.71413  177600
9.72295  177600
9.72414  177600
9.72486  155961
9.72509  177600
9.727  177600
9.72891  177600
9.72986  106800
9.73296  105360
9.73701  110400
9.73797  177600
9.74703  177600
9.75418  177600
9.76205  104160
9.763  99600
9.76801  92880
9.77302  177600
9.77516  177600
9.77707  177600
9.77802  177600
9.78613  177600
9.79614  97680
9.80115  177600
9.81307  102480
9.83191  177600
9.83691  177600
9.84097  177600
9.84907  177600
9.85312  177600
9.85718  177600
9.86719  177600
9.87411  92880
9.87697  131208
9.88293  177600
9.88579  177600
9.89604  177600
9.89795  177600
9.89795  177600
9.8989  177600
9.8989  97680
9.90009  177600
9.91488  110400
9.91893  92880
9.9349  177600
9.94086  127254
9.94682  177600
9.94706  177600
9.94897  120380
9.95803  106800
9.96089  177600
9.96685  177600
9.96804  177600
9.9709  177600
9.9771  177600
9.98092  177600
9.98402  102720
9.98712  177600
10.005  177600
10.006  177600
10.0091  177600
10.011  177600
10.015  177600
10.0188  177600
10.0191  177600
10.02  137520
10.0272  105120
10.03  177600
10.0322  106800
10.0381  177600
10.0391  110640
10.04  177600
10.0439  177600
10.047  177600
10.047  177600
10.0491  144000
10.0558  177600
10.062  177600
10.0639  177600
10.077  222640
10.0811  177600
10.0851  177600
10.0899  142080
10.093  127254
10.1042  97440
10.107  177600
10.108  127254
10.113  177600
10.1151  177600
10.1299  177600
10.1321  177600
10.134  177600
10.1359  127254
10.1399  177600
10.144  177600
10.149  177600
10.1511  177600
10.1569  110400
10.1581  177600
10.1671  177600
10.1681  177600
10.174  177600
10.175  103200
10.175  177600
10.1769  177600
10.18  127254
10.186  177600
10.191  114480
10.1941  103200
10.196  177600
10.1972  177600
10.1972  97680
10.1979  177600
10.201  177600
10.2019  103200
10.2139  99600
10.216  177600
10.2191  177600
10.2198  112560
10.222  136560
10.2251  177600
10.2279  177600
10.2279  90960
10.2289  110880
10.2289  177600
10.2289  177600
10.2329  177600
10.2339  110400
10.237  177600
10.2391  96720
10.241  177600
10.246  177600
10.247  177600
10.2501  177600
10.2561  177600
10.257  97680
10.258  177600
10.2611  222640
10.263  105360
10.2658  177600
10.267  177600
10.267  222640
10.2701  110400
10.2739  177600
10.277  127254
10.2789  106800
10.282  177600
10.283  177600
10.289  177600
10.2892  177600
10.2918  177600
10.3002  127254
10.3021  177600
10.304  97680
10.3102  222640
10.314  177600
10.3221  120380
10.3221  177600
10.329  177600
10.329  97680
10.3321  110400
10.335  177600
10.3362  127254
10.3369  177600
10.3371  93360
10.35  93360
10.355  177600
10.3559  120960
10.3559  177600
10.3581  96960
10.3612  177600
10.3619  106800
10.3619  177600
10.3641  177600
10.3672  177600
10.3719  97680
10.3741  99360
10.3762  177600
10.3779  128256
10.3791  177600
10.38  105360
10.3841  127254
10.3948  106800
10.396  103200
10.3989  177600
10.412  177600
10.4129  177600
10.416  110640
10.4189  177600
10.426  127254
10.4301  177600
10.4311  177600
10.432  177600
10.4342  177600
10.4361  96720
10.438  105360
10.4389  177600
10.4392  177600
10.4401  177600
10.4411  177600
10.443  177600
10.4449  177600
10.4461  177600
10.448  177600
10.4499  97680
10.4501  177600
10.453  177600
10.457  110640
10.457  94560
10.4599  177600
10.4611  177600
10.4649  177600
10.4671  177600
10.468  177600
10.4702  103200
10.4709  177600
10.478  177600
10.4799  177600
10.4802  177600
10.4802  177600
10.4809  177600
10.483  109200
10.484  114000
10.4852  177600
10.4861  177600
10.488  177600
10.489  105360
10.4899  177600
10.4918  177600
10.4921  177600
10.493  177600
10.4971  177600
10.5011  177600
10.5078  127254
10.5088  177600
10.515  127254
10.5181  177600
10.5188  177600
10.5209  177600
10.5221  97680
10.524  177600
10.525  177600
10.5259  177600
10.5259  177600
10.529  177600
10.53  177600
10.5309  177600
10.5321  177600
10.5381  177600
10.5419  177600
10.5429  177600
10.5429  177600
10.5438  177600
10.545  177600
10.546  177600
10.5472  127254
10.5481  110400
10.5529  108000
10.5529  177600
10.5541  109200
10.5569  177600
10.561  177600
10.5619  103200
10.5631  96720
10.5689  177600
10.571  177600
10.571  177600
10.5741  177600
10.576  177600
10.576  177600
10.577  177600
10.5791  177600
10.581  177600
10.587  110640
10.592  127254
10.592  177600
10.596  177600
10.597  177600
10.5999  177600
10.601  110880
10.601  222640
10.6101  121200
10.6101  177600
10.6101  177600
10.6111  177600
10.613  177600
10.6161  177600
10.6189  103200
10.6192  177600
10.6208  177600
10.622  177600
10.623  177600
10.6311  132480
10.633  177600
10.6351  177600
10.6359  177600
10.6392  97680
10.6411  177600
10.643  133200
10.644  127254
10.6471  177600
10.649  177600
10.6521  177600
10.654  177600
10.654  177600
10.654  177600
10.6559  177600
10.6568  177600
10.6599  177600
10.6649  177600
10.674  177600
10.6759  177600
10.6761  177600
10.6771  177600
10.6831  177600
10.6862  97680
10.6881  177600
10.6919  177600
10.6931  127254
10.699  127254
10.699  177600
10.7  177600
10.7009  177600
10.7028  177600
10.704  109200
10.7088  177600
10.7138  177600
10.715  177600
10.7179  160080
10.7191  177600
10.72  177600
10.7219  177600
10.7229  177600
10.7241  177600
10.7281  119064
10.736  177600
10.7381  177600
10.7422  177600
10.7448  177600
10.745  177600
10.746  127254
10.747  177600
10.747  177600
10.756  177600
10.7589  107520
10.7679  103200
10.7729  177600
10.778  177600
10.7789  177600
10.781  177600
10.7849  177600
10.7858  177600
10.788  177600
10.7892  103200
10.7908  97680
10.7942  177600
10.803  177600
10.803  177600
10.812  177600
10.814  177600
10.8211  177600
10.823  177600
10.8259  177600
10.829  177600
10.848  177600
10.85  177600
10.8531  177600
10.854  177600
10.8619  127254
10.8628  103440
10.8631  103200
10.865  177600
10.8662  177600
10.8678  177600
10.869  177600
10.8721  127254
10.874  177600
10.8778  177600
10.879  177600
10.88  110880
10.88  177600
10.884  131208
10.886  177600
10.9  177600
10.901  127254
10.901  134160
10.9041  177600
10.91  177600
10.9119  177600
10.916  177600
10.9189  177600
10.9198  103200
10.9241  177600
10.926  107520
10.9301  177600
10.9301  177600
10.9308  177600
10.932  127254
10.9398  177600
10.9441  177600
10.946  177600
10.9529  177600
10.9551  110640
10.956  177600
10.9589  177600
10.9599  177600
10.9601  177600
10.9651  177600
10.9661  177600
10.968  177600
10.973  177600
10.982  177600
10.982  177600
10.9861  177600
10.9899  177600
11.0018  177600
11.003  177600
11.0059  106800
11.0061  177600
11.0071  177600
11.014  177600
11.018  127254
11.018  177600
11.0192  222640
11.0199  97680
11.0259  177600
11.0312  177600
11.035  177600
11.035  177600
11.0431  177600
11.0471  177600
11.0471  222640
11.05  177600
11.0631  177600
11.076  127254
11.08  103440
11.085  177600
11.0872  177600
11.0879  177600
11.0881  119064
11.111  177600
11.1279  177600
11.1289  177600
11.1461  177600
11.1461  177600
11.1539  177600
11.1649  127254
11.1699  177600
11.183  177600
11.184  177600
11.1909  177600
11.1949  177600
11.1952  127254
11.1959  127254
11.1961  177600
11.198  177600
11.2062  132096
11.2112  127254
11.2159  119064
11.225  127254
11.2281  222640
11.2309  119064
11.2391  177600
11.24  177600
11.2431  177600
11.2441  177600
11.251  177600
11.2622  127254
11.2641  177600
11.271  128256
11.276  177600
11.2851  177600
11.3001  177600
11.306  113280
11.313  177600
11.3199  177600
11.3211  127254
11.3318  136560
11.3349  177600
11.3411  177600
11.3571  177600
11.3571  177600
11.359  106800
11.3659  127254
11.369  127254
11.3699  127254
11.3711  96240
11.3771  177600
11.3778  106800
11.3828  177600
11.3969  155961
11.4028  127254
11.4028  177600
11.4059  127254
11.41  127254
11.411  177600
11.4141  177600
11.4141  177600
11.42  127254
11.4238  177600
11.425  177600
11.43  119064
11.436  111360
11.44  119064
11.445  127254
11.446  119064
11.451  120720
11.4522  177600
11.4529  177600
11.457  177600
11.4589  101760
11.462  177600
11.4689  177600
11.4698  119064
11.4782  177600
11.4861  127254
11.4861  127254
11.4901  177600
11.493  121200
11.493  177600
11.5008  127254
11.5011  177600
11.5049  177600
11.507  177600
11.519  127254
11.523  119064
11.5249  127254
11.528  177600
11.534  127254
11.5342  127254
11.5349  177600
11.5352  177600
11.539  127254
11.5411  177600
11.5421  127254
11.5428  177600
11.548  177600
11.564  177600
11.5681  127254
11.5731  177600
11.58  177600
11.59  177600
11.5941  177600
11.5969  177600
11.6038  119064
11.605  119064
11.61  177600
11.616  177600
11.622  222640
11.6231  177600
11.6279  177600
11.6432  177600
11.6482  119064
11.656  177600
11.657  177600
11.678  177600
11.683  177600
11.687  111360
11.687  215040
11.703  222640
11.704  119064
11.704  132096
11.7161  177600
11.719  177600
11.7321  177600
11.734  132096
11.7359  127254
11.7381  127254
11.7381  128256
11.7419  177600
11.745  177600
11.7462  177600
11.7602  177600
11.7669  177600
11.7679  127254
11.7719  177600
11.7819  177600
11.786  177600
11.786  177600
11.7888  177600
11.79  127254
11.7919  160080
11.7931  177600
11.795  177600
11.7981  127254
11.8001  177600
11.801  177600
11.802  119064
11.802  177600
11.807  177600
11.8101  177600
11.8101  177600
11.812  119064
11.812  127254
11.8139  127254
11.8148  177600
11.817  127254
11.8189  120380
11.8201  127254
11.822  177600
11.8239  127254
11.8279  177600
11.831  127254
11.832  132480
11.8341  155961
11.837  177600
11.8389  177600
11.8399  222640
11.8411  119064
11.847  127254
11.857  127254
11.862  177600
11.862  282580
11.8651  177600
11.8759  177600
11.884  177600
11.8868  177600
11.8899  177600
11.8999  177600
11.9288  177600
11.929  177600
11.935  177600
11.941  177600
11.9431  177600
11.9531  177600
11.955  177600
11.956  132480
11.9579  119064
11.961  119064
11.9629  177600
11.965  136560
11.9691  177600
11.9691  177600
11.9722  177600
11.977  177600
11.981  177600
11.986  119064
11.986  127254
11.9882  177600
11.9979  119064
11.9989  127254
12.0039  119064
12.0041  177600
12.017  177600
12.0192  177600
12.0211  104160
12.043  127254
12.044  177600
12.0451  177600
12.0711  177600
12.078  177600
12.078  177600
12.0821  177600
12.085  177600
12.0871  177600
12.1  177600
12.11  119064
12.1121  177600
12.1219  177600
12.1238  177600
12.1241  119064
12.131  177600
12.1331  177600
12.1369  177600
12.141  177600
12.1441  177600
12.145  177600
12.152  119064
12.1579  177600
12.1648  128256
12.1648  177600
12.1651  177600
12.172  177600
12.1729  119064
12.1729  222640
12.1751  125760
12.176  121200
12.182  127254
12.182  177600
12.1861  177600
12.1882  177600
12.1968  177600
12.2039  177600
12.212  121200
12.213  119064
12.2361  127254
12.2399  177600
12.244  119064
12.2461  177600
12.2499  177600
12.26  177600
12.2669  119064
12.2721  177600
12.2731  177600
12.2781  177600
12.279  127254
12.2859  177600
12.29  177600
12.2991  119064
12.301  92880
12.3041  139200
12.306  177600
12.3088  127254
12.3191  177600
12.32  128256
12.3231  177600
12.326  128256
12.3279  177600
12.3351  127254
12.342  177600
12.3501  106800
12.3751  177600
12.3811  177600
12.3839  177600
12.388  177600
12.392  177600
12.394  177600
12.3999  177600
12.404  177600
12.4161  177600
12.4209  177600
12.4331  177600
12.4371  177600
12.445  127254
12.449  177600
12.4502  177600
12.4602  177600
12.4609  120720
12.466  177600
12.4679  177600
12.4681  177600
12.4722  177600
12.4729  142080
12.4791  127254
12.4819  177600
12.4841  177600
12.4989  177600
12.5  127254
12.5029  114000
12.506  177600
12.5082  177600
12.5089  177600
12.512  177600
12.517  177600
12.5341  177600
12.5391  127254
12.5391  127254
12.5439  119520
12.5439  132096
12.5489  177600
12.5589  177600
12.5649  142080
12.5768  127254
12.5799  127254
12.5802  142080
12.5821  177600
12.588  119520
12.589  128256
12.599  177600
12.605  177600
12.6071  177600
12.6071  177600
12.6178  177600
12.62  128256
12.6328  177600
12.6362  177600
12.6371  142080
12.6438  132096
12.6519  177600
12.6538  177600
12.66  127254
12.681  129600
12.6889  177600
12.702  177600
12.707  127254
12.7211  177600
12.722  177600
12.7449  177600
12.7521  177600
12.7618  177600
12.7618  177600
12.7671  177600
12.7699  177600
12.7769  177600
12.7769  177600
12.7852  177600
12.7981  177600
12.8219  177600
12.8222  177600
12.8319  177600
12.8441  177600
12.8469  177600
12.8498  177600
12.856  177600
12.8589  103200
12.861  177600
12.8729  177600
12.887  177600
12.887  177600
12.8882  177600
12.9011  132096
12.908  177600
12.9199  177600
12.928  177600
12.9409  177600
12.9569  177600
12.9619  139200
12.9809  177600
12.991  177600
13.0041  128256
13.011  177600
13.0119  142080
13.0138  282580
13.0191  177600
13.032  177600
13.0351  177600
13.041  177600
13.0539  177600
13.056  177600
13.057  177600
13.0601  177600
13.0649  177600
13.067  142080
13.067  177600
13.092  177600
13.093  142080
13.0951  127254
13.0968  177600
13.104  177600
13.109  142080
13.109  177600
13.1249  177600
13.133  177600
13.144  177600
13.145  142080
13.1571  128256
13.1578  142080
13.1669  120380
13.1691  177600
13.175  177600
13.1772  177600
13.1791  177600
13.186  177600
13.206  177600
13.206  177600
13.2079  177600
13.2089  94560
13.217  142080
13.2189  177600
13.222  177600
13.2239  177600
13.2298  177600
13.238  128256
13.2389  177600
13.2449  177600
13.2499  177600
13.2551  177600
13.2561  177600
13.257  177600
13.2599  177600
13.2661  177600
13.2699  177600
13.294  177600
13.2961  132096
13.2978  177600
13.3002  177600
13.303  177600
13.308  177600
13.3209  177600
13.3231  177600
13.325  177600
13.325  177600
13.329  177600
13.329  177600
13.3331  177600
13.3419  177600
13.346  177600
13.35  177600
13.35  177600
13.3581  177600
13.3591  177600
13.3629  222640
13.377  177600
13.3801  177600
13.382  177600
13.3829  177600
13.3851  177600
13.3889  177600
13.3901  177600
13.4048  177600
13.407  177600
13.407  177600
13.413  177600
13.4361  177600
13.448  177600
13.4549  177600
13.4561  177600
13.458  222640
13.4609  177600
13.468  177600
13.4828  177600
13.4871  177600
13.4902  177600
13.4969  177600
13.4981  177600
13.5019  177600
13.5031  177600
13.5059  177600
13.5078  177600
13.51  177600
13.5171  177600
13.519  177600
13.52  177600
13.5221  204840
13.526  177600
13.5269  177600
13.5291  177600
13.545  177600
13.5491  177600
13.551  177600
13.551  177600
13.552  177600
13.5529  177600
13.555  177600
13.562  177600
13.562  177600
13.5629  177600
13.566  177600
13.5729  177600
13.5751  142080
13.5791  142080
13.5849  177600
13.586  177600
13.587  177600
13.593  177600
13.597  177600
13.598  177600
13.6001  142080
13.602  177600
13.6061  177600
13.6089  177600
13.6099  177600
13.617  177600
13.6199  177600
13.6199  177600
13.622  177600
13.638  177600
13.638  177600
13.643  142080
13.644  142080
13.6442  177600
13.6459  177600
13.658  103200
13.658  177600
13.6619  177600
13.664  177600
13.6671  177600
13.669  177600
13.6728  177600
13.6821  177600
13.685  177600
13.6871  177600
13.6938  177600
13.6979  177600
13.701  177600
13.7019  177600
13.7041  177600
13.7069  177600
13.7069  177600
13.7219  177600
13.7269  177600
13.7272  177600
13.7331  177600
13.7401  177600
13.7441  177600
13.7448  177600
13.7482  177600
13.7489  177600
13.7501  177600
13.756  177600
13.7591  177600
13.7599  177600
13.763  177600
13.7732  177600
13.7761  177600
13.7811  177600
13.7868  177600
13.793  177600
13.7949  177600
13.7951  177600
13.7951  177600
13.8161  177600
13.8171  177600
13.823  177600
13.8309  177600
13.8369  177600
13.8428  177600
13.845  177600
13.8452  177600
13.8469  177600
13.8509  177600
13.8571  177600
13.86  177600
13.8628  177600
13.8659  177600
13.871  177600
13.8819  142080
13.8819  177600
13.8822  177600
13.8891  177600
13.8891  177600
13.89  177600
13.8929  177600
13.907  177600
13.907  177600
13.9079  177600
13.9129  177600
13.9151  177600
13.9208  142080
13.9241  177600
13.936  177600
13.9389  177600
13.9461  177600
13.947  177600
13.9589  177600
13.963  177600
13.9701  142080
13.974  177600
13.9749  222640
13.9821  177600
13.9909  177600
13.9921  142080
13.9971  177600
13.998  177600
13.998  177600
13.999  177600
14.003  177600
14.004  177600
14.009  177600
14.0121  177600
14.0209  177600
14.0212  142080
14.0221  177600
14.025  142080
14.039  142080
14.0409  177600
14.045  177600
14.0469  177600
14.0479  177600
14.0491  177600
14.05  177600
14.0541  177600
14.056  177600
14.0579  177600
14.0579  177600
14.0588  177600
14.06  103200
14.061  177600
14.0631  177600
14.0648  142080
14.0669  177600
14.075  142080
14.075  142080
14.0789  127254
14.0889  177600
14.092  177600
14.097  177600
14.097  177600
14.1039  177600
14.1041  177600
14.111  177600
14.112  177600
14.1129  177600
14.118  177600
14.1199  177600
14.122  177600
14.1251  177600
14.127  177600
14.128  177600
14.1292  177600
14.1301  177600
14.133  177600
14.1358  177600
14.138  177600
14.142  177600
14.1439  177600
14.1499  177600
14.1549  177600
14.1571  177600
14.158  142080
14.159  177600
14.1678  177600
14.168  177600
14.1702  177600
14.1728  177600
14.1802  177600
14.1871  142080
14.1909  177600
14.1969  177600
14.1971  177600
14.199  177600
14.2  177600
14.2021  177600
14.2069  177600
14.2131  177600
14.2162  142080
14.2179  142080
14.2179  177600
14.2221  177600
14.2231  177600
14.226  177600
14.226  177600
14.2291  177600
14.23  142080
14.23  222640
14.2312  177600
14.235  177600
14.24  177600
14.2441  119064
14.245  177600
14.2469  177600
14.2479  177600
14.2481  177600
14.2519  177600
14.255  177600
14.2581  177600
14.2589  177600
14.2632  177600
14.2732  177600
14.2748  177600
14.281  177600
14.281  177600
14.2829  177600
14.287  177600
14.291  177600
14.292  177600
14.2961  177600
14.297  177600
14.297  177600
14.298  177600
14.2992  177600
14.3011  177600
14.303  177600
14.3042  177600
14.308  177600
14.3108  177600
14.3161  177600
14.3161  177600
14.3182  177600
14.3189  177600
14.3199  177600
14.3239  177600
14.328  177600
14.3309  177600
14.334  177600
14.334  177600
14.3361  177600
14.3361  177600
14.343  177600
14.344  177600
14.3449  177600
14.3459  177600
14.3492  177600
14.3509  177600
14.3521  177600
14.3569  177600
14.36  177600
14.3611  177600
14.365  177600
14.374  177600
14.375  177600
14.3762  177600
14.3781  177600
14.3819  177600
14.384  177600
14.3869  177600
14.39  177600
14.3931  142080
14.394  177600
14.394  177600
14.395  142080
14.396  177600
14.3969  177600
14.4  177600
14.4031  177600
14.4041  177600
14.4069  177600
14.411  177600
14.411  177600
14.4131  177600
14.4141  177600
14.421  177600
14.4219  177600
14.4238  177600
14.4279  177600
14.43  177600
14.4341  177600
14.436  177600
14.4379  177600
14.4382  177600
14.4451  177600
14.446  177600
14.446  177600
14.447  177600
14.4551  177600
14.4579  177600
14.461  177600
14.4632  177600
14.4641  177600
14.4682  177600
14.4701  177600
14.4749  177600
14.477  177600
14.478  177600
14.4792  177600
14.4849  177600
14.4858  177600
14.4861  177600
14.4911  177600
14.493  177600
14.4949  177600
14.497  177600
14.498  177600
14.5011  177600
14.502  177600
14.508  177600
14.509  177600
14.5102  177600
14.5111  177600
14.513  177600
14.5171  177600
14.518  177600
14.519  177600
14.5209  177600
14.5228  177600
14.523  177600
14.524  177600
14.5268  198360
14.5311  177600
14.5319  177600
14.535  177600
14.538  177600
14.539  177600
14.5431  177600
14.544  119064
14.544  177600
14.5521  177600
14.5528  177600
14.555  177600
14.5569  282580
14.5571  177600
14.5609  177600
14.565  177600
14.569  177600
14.571  177600
14.571  177600
14.5738  177600
14.575  177600
14.575  177600
14.576  177600
14.576  177600
14.576  177600
14.5779  177600
14.5791  177600
14.586  177600
14.5869  177600
14.5869  177600
14.5879  177600
14.5931  177600
14.5931  177600
14.5931  177600
14.596  177600
14.596  177600
14.5979  177600
14.5988  177600
14.6  177600
14.6  177600
14.601  177600
14.6031  177600
14.607  177600
14.607  177600
14.6079  177600
14.6101  177600
14.6129  177600
14.6179  177600
14.6229  177600
14.6241  177600
14.626  177600
14.6301  177600
14.631  177600
14.631  177600
14.632  177600
14.6329  177600
14.6339  177600
14.637  177600
14.6449  177600
14.647  177600
14.6489  177600
14.6489  177600
14.6489  177600
14.6542  177600
14.6551  177600
14.658  177600
14.6592  177600
14.662  177600
14.6661  177600
14.6689  177600
14.6718  177600
14.6739  177600
14.6749  177600
14.678  177600
14.6809  177600
14.6818  177600
14.683  177600
14.683  177600
14.684  177600
14.6861  177600
14.688  177600
14.6899  177600
14.6921  177600
14.693  177600
14.693  177600
14.693  177600
14.704  177600
14.7061  177600
14.7069  177600
14.7109  177600
14.713  177600
14.715  177600
14.7159  177600
14.7181  177600
14.7209  177600
14.724  177600
14.724  177600
14.724  177600
14.725  177600
14.725  177600
14.7259  177600
14.73  177600
14.73  177600
14.7371  177600
14.745  177600
14.746  177600
14.7471  177600
14.7529  177600
14.7531  222640
14.756  177600
14.7569  177600
14.7581  177600
14.7588  177600
14.7591  282580
14.7622  177600
14.7629  177600
14.7641  177600
14.766  177600
14.7672  177600
14.7691  177600
14.77  222640
14.7719  177600
14.7729  177600
14.7738  177600
14.7769  177600
14.7829  177600
14.787  177600
14.792  177600
14.7929  177600
14.7932  177600
14.797  177600
14.7989  177600
14.7998  177600
14.8048  177600
14.8051  177600
14.8051  177600
14.8091  177600
14.8108  177600
14.8189  177600
14.8191  177600
14.8201  177600
14.827  177600
14.8282  177600
14.8282  177600
14.833  177600
14.8339  177600
14.8351  177600
14.837  177600
14.843  177600
14.8449  177600
14.8449  177600
14.8449  177600
14.852  177600
14.8621  177600
14.8621  177600
14.863  177600
14.863  177600
14.864  177600
14.864  177600
14.864  177600
14.8671  177600
14.868  177600
14.8709  177600
14.8721  177600
14.8759  177600
14.879  177600
14.879  212266
14.8811  177600
14.883  177600
14.8861  177600
14.8921  177600
14.8931  177600
14.894  177600
14.8978  282580
14.9031  177600
14.9188  177600
14.92  177600
14.9279  177600
14.93  177600
14.9329  177600
14.935  177600
14.935  177600
14.9391  177600
14.9422  177600
14.9422  177600
14.9438  177600
14.9441  177600
14.945  177600
14.95  177600
14.95  177600
14.9519  177600
14.9522  177600
14.9629  177600
14.9641  146520
14.9672  177600
14.9682  177600
14.971  177600
14.9722  177600
14.9729  177600
14.9732  177600
14.977  177600
14.9841  177600
14.986  192240
14.9889  177600
14.9889  177600
14.9992  177600
15.0008  177600
15.0011  177600
15.0011  177600
15.0108  177600
15.013  177600
15.013  177600
15.0139  177600
15.0142  177600
15.017  177600
15.0199  127254
15.023  177600
15.023  177600
15.0251  177600
15.0268  177600
15.029  177600
15.034  177600
15.034  177600
15.0359  177600
15.043  177600
15.044  177600
15.0442  177600
15.049  177600
15.049  177600
15.059  177600
15.0602  177600
15.063  177600
15.0661  177600
15.075  177600
15.0759  177600
15.079  177600
15.0821  177600
15.0821  177600
15.084  177600
15.084  177600
15.085  177600
15.085  177600
15.0859  177600
15.0869  177600
15.099  177600
15.099  177600
15.1  177600
15.1  177600
15.1019  177600
15.1038  177600
15.106  177600
15.1079  177600
15.1119  177600
15.116  177600
15.1181  177600
15.12  177600
15.1219  177600
15.131  127254
15.1331  177600
15.1341  177600
15.135  177600
15.136  177600
15.1381  177600
15.1401  177600
15.142  177600
15.1451  177600
15.1451  177600
15.1458  177600
15.1491  177600
15.1508  177600
15.151  177600
15.1541  177600
15.1548  177600
15.157  177600
15.166  177600
15.168  177600
15.1701  177600
15.1708  177600
15.177  177600
15.177  177600
15.178  177600
15.1818  177600
15.182  177600
15.1858  119520
15.1861  177600
15.1949  177600
15.2059  177600
15.213  177600
15.2149  177600
15.2168  177600
15.218  177600
15.219  177600
15.2218  177600
15.224  177600
15.2249  127254
15.2309  177600
15.2311  177600
15.2321  177600
15.2409  177600
15.2459  177600
15.2471  177600
15.249  177600
15.2531  177600
15.254  177600
15.255  177600
15.2609  177600
15.2631  177600
15.2688  177600
15.2719  177600
15.274  177600
15.275  177600
15.2791  177600
15.281  177600
15.2819  177600
15.2841  177600
15.285  177600
15.2891  177600
15.29  177600
15.29  177600
15.2912  177600
15.295  177600
15.2969  177600
15.2991  177600
15.3  177600
15.301  177600
15.3029  177600
15.3029  177600
15.3031  177600
15.3091  177600
15.3091  177600
15.3129  177600
15.3151  177600
15.3151  177600
15.317  177600
15.3198  177600
15.321  177600
15.3239  177600
15.3241  177600
15.3341  222640
15.343  177600
15.343  177600
15.3432  177600
15.3441  177600
15.3461  177600
15.352  282580
15.353  282580
15.3551  177600
15.3608  177600
15.3611  177600
15.3649  177600
15.3649  177600
15.368  177600
15.3692  177600
15.372  177600
15.373  177600
15.3739  177600
15.3761  177600
15.389  177600
15.3921  177600
15.3928  177600
15.3949  177600
15.398  177600
15.399  177600
15.4009  177600
15.4042  177600
15.4052  177600
15.408  177600
15.409  177600
15.414  177600
15.4178  177600
15.4181  177600
15.42  177600
15.4209  177600
15.4219  177600
15.4259  177600
15.429  177600
15.429  177600
15.4309  177600
15.435  222640
15.4362  177600
15.4362  177600
15.4369  177600
15.4381  177600
15.439  177600
15.439  177600
15.4419  177600
15.4421  177600
15.4428  177600
15.4431  177600
15.4431  177600
15.445  177600
15.4459  177600
15.4471  177600
15.4481  177600
15.4531  177600
15.4531  177600
15.461  177600
15.4619  177600
15.4641  177600
15.4641  177600
15.4679  177600
15.471  177600
15.476  177600
15.4769  177600
15.48  177600
15.48  177600
15.4829  177600
15.4839  177600
15.486  177600
15.487  177600
15.4901  177600
15.492  177600
15.4948  177600
15.4951  177600
15.497  177600
15.497  177600
15.497  177600
15.4979  177600
15.501  177600
15.511  177600
15.5129  177600
15.516  177600
15.5199  177600
15.522  177600
15.522  177600
15.5251  177600
15.5258  177600
15.527  177600
15.528  177600
15.528  177600
15.528  177600
15.5301  177600
15.533  177600
15.5342  177600
15.5361  177600
15.537  177600
15.5411  177600
15.542  189000
15.543  177600
15.5451  177600
15.5511  177600
15.552  177600
15.553  177600
15.5542  177600
15.5551  177600
15.5571  177600
15.558  177600
15.558  177600
15.5592  177600
15.5609  177600
15.5611  177600
15.5621  177600
15.5621  177600
15.5621  177600
15.563  177600
15.563  177600
15.563  177600
15.5642  177600
15.568  177600
15.574  177600
15.574  177600
15.584  177600
15.5871  177600
15.588  177600
15.59  177600
15.59  222640
15.5909  177600
15.5931  177600
15.5962  177600
15.599  177600
15.6  177600
15.604  177600
15.605  177600
15.6071  177600
15.6078  177600
15.6081  177600
15.609  177600
15.615  177600
15.6159  177600
15.6229  177600
15.625  177600
15.625  177600
15.626  177600
15.6269  177600
15.6281  177600
15.63  177600
15.6319  177600
15.6331  177600
15.636  177600
15.636  177600
15.636  177600
15.6362  177600
15.6369  177600
15.6369  177600
15.6379  177600
15.6391  151700
15.64  177600
15.645  177600
15.646  177600
15.646  177600
15.6462  177600
15.6469  177600
15.651  177600
15.655  177600
15.655  177600
15.656  177600
15.6569  177600
15.6579  177600
15.6591  177600
15.66  177600
15.662  177600
15.6622  177600
15.6629  177600
15.6629  177600
15.6629  177600
15.6648  177600
15.6648  177600
15.6651  177600
15.6691  177600
15.6791  177600
15.6798  177600
15.6801  177600
15.6808  177600
15.681  177600
15.6832  177600
15.6832  177600
15.6841  177600
15.6848  177600
15.6879  177600
15.6882  177600
15.6882  177600
15.691  177600
15.692  177600
15.692  177600
15.6958  177600
15.697  177600
15.697  177600
15.698  177600
15.7001  177600
15.7001  177600
15.7011  177600
15.7011  177600
15.702  177600
15.7111  177600
15.712  177600
15.713  177600
15.7151  177600
15.7151  177600
15.7158  177600
15.7161  177600
15.718  177600
15.722  177600
15.722  177600
15.7232  177600
15.7299  177600
15.7301  177600
15.7301  177600
15.7311  177600
15.739  177600
15.739  177600
15.7399  177600
15.7399  177600
15.7402  177600
15.7421  177600
15.7421  177600
15.7421  177600
15.7421  177600
15.7421  177600
15.743  177600
15.744  177600
15.7449  177600
15.7459  177600
15.748  177600
15.7499  177600
15.7509  177600
15.7521  177600
15.7521  177600
15.7549  177600
15.7559  177600
15.7568  177600
15.7571  177600
15.7571  177600
15.758  177600
15.759  177600
15.764  177600
15.764  177600
15.765  177600
15.7659  177600
15.7659  177600
15.7671  177600
15.7681  177600
15.7681  177600
15.77  177600
15.7709  177600
15.7719  177600
15.7721  177600
15.775  177600
15.7778  177600
15.779  177600
15.7819  177600
15.7821  177600
15.785  177600
15.7859  177600
15.7859  177600
15.7869  177600
15.7881  177600
15.789  177600
15.789  177600
15.789  177600
15.7909  177600
15.7921  177600
15.7921  177600
15.7928  177600
15.7931  177600
15.794  177600
15.794  177600
15.795  177600
15.795  177600
15.8  282580
15.801  177600
15.8031  177600
15.8031  177600
15.806  177600
15.806  177600
15.8069  177600
15.81  177600
15.811  177600
15.8131  177600
15.8138  177600
15.8138  177600
15.815  177600
15.815  177600
15.816  177600
15.8169  177600
15.8169  177600
15.8179  177600
15.8191  177600
15.8191  177600
15.82  177600
15.8212  177600
15.8241  177600
15.826  177600
15.8281  177600
15.83  177600
15.83  177600
15.831  177600
15.8319  177600
15.8348  177600
15.836  177600
15.836  177600
15.837  177600
15.8381  177600
15.8391  177600
15.8401  177600
15.8401  177600
15.841  177600
15.841  177600
15.842  177600
15.842  177600
15.8429  177600
15.8439  177600
15.8451  177600
15.846  177600
15.847  177600
15.847  177600
15.8472  177600
15.8482  177600
15.8482  177600
15.8491  177600
15.8498  177600
15.852  177600
15.8529  177600
15.8541  177600
15.857  177600
15.861  177600
15.861  177600
15.862  177600
15.862  177600
15.8629  177600
15.8632  177600
15.8641  177600
15.866  177600
15.8679  177600
15.8689  177600
15.873  177600
15.873  177600
15.8749  177600
15.8789  177600
15.8799  177600
15.8811  177600
15.887  177600
15.887  177600
15.8889  177600
15.8908  177600
15.8911  177600
15.8911  177600
15.8911  177600
15.893  177600
15.893  177600
15.898  177600
15.8989  177600
15.8989  177600
15.9018  177600
15.907  177600
15.909  177600
15.909  177600
15.9101  177600
15.9118  177600
15.9121  177600
15.9121  177600
15.9121  177600
15.913  177600
15.9149  177600
15.9149  177600
15.9171  177600
15.919  177600
15.919  177600
15.919  177600
15.9211  177600
15.9221  177600
15.9221  177600
15.924  177600
15.9242  177600
15.9259  177600
15.9268  177600
15.928  177600
15.929  177600
15.9302  177600
15.9311  177600
15.9321  177600
15.9361  177600
15.9361  177600
15.9369  177600
15.938  177600
15.938  177600
15.939  177600
15.94  177600
15.94  177600
15.9409  177600
15.9409  177600
15.9421  177600
15.9431  177600
15.9431  177600
15.9438  177600
15.9459  177600
15.9459  177600
15.9471  177600
15.9481  177600
15.95  177600
15.9509  177600
15.9531  177600
15.954  177600
15.9562  177600
15.9571  177600
15.9581  177600
15.959  177600
15.959  177600
15.959  177600
15.9602  177600
15.9609  177600
15.9612  177600
15.9621  177600
15.9638  177600
15.964  177600
15.964  177600
15.965  177600
15.965  177600
15.9662  177600
15.9721  177600
15.9729  177600
15.9731  177600
15.975  177600
15.9762  177600
15.9769  177600
15.98  177600
15.9819  177600
15.9831  177600
15.9831  177600
15.9841  177600
15.986  177600
15.986  177600
15.9872  177600
15.9881  177600
15.9888  177600
15.9891  177600
15.99  177600
15.99  177600
15.99  177600
15.991  177600
15.991  177600
15.9929  177600
15.9938  177600
15.9941  177600
15.9941  177600
15.995  177600
15.996  177600
15.9979  177600
15.9979  177600
15.9979  177600
16  177600
16.001  177600
16.001  177600
16.0012  177600
16.0019  177600
16.0022  177600
16.0022  177600
16.0031  177600
16.0038  177600
16.005  177600
16.005  177600
16.006  177600
16.0081  177600
16.01  177600
16.011  177600
16.011  177600
16.0131  177600
16.0139  177600
16.0151  177600
16.0151  177600
16.0189  177600
16.0191  177600
16.0201  177600
16.0239  177600
16.0251  177600
16.026  177600
16.027  177600
16.0272  177600
16.0272  177600
16.0289  177600
16.0298  177600
16.0301  177600
16.032  177600
16.0329  177600
16.0339  177600
16.0348  177600
16.037  177600
16.0379  177600
16.0379  177600
16.0379  177600
16.0382  177600
16.0389  177600
16.0391  177600
16.0398  177600
16.041  177600
16.042  177600
16.042  177600
16.042  177600
16.042  177600
16.0439  177600
16.0449  177600
16.046  177600
16.046  177600
16.047  177600
16.0489  177600
16.052  177600
16.053  177600
16.0539  177600
16.0539  177600
16.0551  177600
16.0551  177600
16.0551  177600
16.0551  177600
16.0561  177600
16.0568  177600
16.057  177600
16.058  177600
16.058  177600
16.0592  177600
16.0601  177600
16.0608  177600
16.0611  177600
16.062  177600
16.062  177600
16.062  177600
16.062  177600
16.0639  177600
16.0639  177600
16.0658  177600
16.0658  177600
16.0661  177600
16.0661  177600
16.0661  177600
16.067  177600
16.068  177600
16.0689  177600
16.0699  177600
16.0711  177600
16.0711  177600
16.073  177600
16.0739  177600
16.0742  177600
16.0749  177600
16.0768  177600
16.078  177600
16.0789  177600
16.0799  177600
16.0809  177600
16.0809  177600
16.0809  177600
16.083  177600
16.083  177600
16.0842  177600
16.0849  177600
16.0849  177600
16.0871  177600
16.088  177600
16.089  177600
16.0899  177600
16.0899  177600
16.0899  177600
16.0911  177600
16.0911  177600
16.0918  177600
16.0921  177600
16.0968  177600
16.0971  177600
16.0971  177600
16.098  177600
16.099  177600
16.1002  177600
16.1009  177600
16.1011  177600
16.1018  177600
16.103  177600
16.103  177600
16.104  177600
16.104  177600
16.1052  177600
16.1059  177600
16.1071  177600
16.1071  177600
16.108  177600
16.108  177600
16.109  177600
16.1102  177600
16.1102  177600
16.1109  177600
16.1111  177600
16.1121  177600
16.113  177600
16.113  177600
16.114  177600
16.115  177600
16.1159  177600
16.1171  177600
16.1171  177600
16.1171  177600
16.12  177600
16.1221  177600
16.1221  177600
16.124  177600
16.124  177600
16.125  177600
16.1252  177600
16.1269  177600
16.1269  177600
16.1271  177600
16.1309  177600
16.1309  177600
16.1312  177600
16.1328  177600
16.1328  177600
16.1331  177600
16.1331  177600
16.134  177600
16.135  177600
16.1359  177600
16.1362  177600
16.1371  177600
16.1371  177600
16.1381  177600
16.139  177600
16.1409  177600
16.1409  177600
16.1428  177600
16.1431  177600
16.1438  177600
16.144  177600
16.1459  177600
16.1459  177600
16.1469  177600
16.149  177600
16.151  177600
16.1512  177600
16.1521  177600
16.1531  177600
16.155  177600
16.156  177600
16.1569  177600
16.1569  177600
16.1579  177600
16.16  177600
16.16  177600
16.161  177600
16.1619  177600
16.1641  177600
16.1669  177600
16.1672  177600
16.1672  177600
16.1681  177600
16.1681  177600
16.1681  258720
16.17  177600
16.17  177600
16.171  177600
16.171  177600
16.171  177600
16.1712  177600
16.1719  177600
16.1719  177600
16.1731  177600
16.1731  177600
16.1731  177600
16.1738  177600
16.1741  177600
16.1748  177600
16.1762  177600
16.1769  177600
16.1772  177600
16.18  177600
16.18  177600
16.18  177600
16.181  177600
16.1829  177600
16.1831  177600
16.1839  177600
16.1839  177600
16.185  177600
16.187  177600
16.187  177600
16.187  177600
16.187  177600
16.187  177600
16.1879  177600
16.1879  177600
16.1891  177600
16.191  177600
16.1932  177600
16.1951  177600
16.196  177600
16.197  177600
16.197  177600
16.1989  177600
16.2008  99600
16.202  177600
16.2032  177600
16.2048  177600
16.2048  177600
16.2051  177600
16.206  177600
16.207  177600
16.207  177600
16.2079  177600
16.2091  177600
16.2108  177600
16.212  177600
16.2132  177600
16.2139  177600
16.2139  177600
16.217  177600
16.2179  177600
16.222  177600
16.222  177600
16.223  177600
16.2239  177600
16.2261  177600
16.228  177600
16.2289  177600
16.2292  177600
16.2292  222640
16.2299  177600
16.2301  177600
16.2308  177600
16.2308  177600
16.233  177600
16.2339  177600
16.2361  177600
16.237  177600
16.237  177600
16.238  177600
16.238  177600
16.2389  177600
16.2389  177600
16.2408  177600
16.243  177600
16.2432  177600
16.2451  177600
16.2461  177600
16.247  177600
16.2511  177600
16.252  177600
16.257  177600
16.259  177600
16.259  177600
16.2599  177600
16.2618  177600
16.264  177600
16.2671  177600
16.2671  177600
16.269  177600
16.2699  177600
16.2699  177600
16.273  177600
16.274  177600
16.2749  177600
16.2749  177600
16.2749  177600
16.2759  177600
16.2759  177600
16.2771  177600
16.278  192240
16.2818  192240
16.283  177600
16.284  177600
16.288  177600
16.289  177600
16.289  177600
16.289  177600
16.2902  177600
16.2919  177600
16.2919  177600
16.2919  177600
16.2921  177600
16.294  177600
16.2981  177600
16.2981  177600
16.299  177600
16.299  177600
16.3002  177600
16.3021  177600
16.3021  177600
16.3031  177600
16.304  177600
16.304  177600
16.3062  177600
16.3071  177600
16.309  177600
16.31  177600
16.3109  177600
16.3109  177600
16.3109  177600
16.3131  177600
16.3131  177600
16.315  177600
16.3159  177600
16.3159  177600
16.319  177600
16.319  177600
16.319  177600
16.32  177600
16.3221  177600
16.3221  177600
16.326  177600
16.326  177600
16.326  177600
16.3269  177600
16.3291  177600
16.3291  177600
16.331  177600
16.3331  177600
16.3341  177600
16.335  177600
16.336  177600
16.3362  177600
16.3362  177600
16.3388  177600
16.3431  177600
16.3441  177600
16.3441  177600
16.346  177600
16.3488  177600
16.35  177600
16.35  177600
16.351  177600
16.3519  177600
16.356  177600
16.3569  177600
16.3569  177600
16.3579  177600
16.3591  177600
16.361  177600
16.361  177600
16.362  177600
16.3629  177600
16.3648  177600
16.3679  177600
16.3682  177600
16.3708  177600
16.372  177600
16.3722  177600
16.3739  177600
16.3748  177600
16.376  177600
16.3798  177600
16.382  177600
16.382  177600
16.386  177600
16.3891  177600
16.3891  177600
16.3901  177600
16.3939  177600
16.396  177600
16.398  177600
16.398  177600
16.3989  159100
16.3991  177600
16.4061  177600
16.4089  177600
16.412  177600
16.4151  177600
16.4192  177600
16.4211  177600
16.422  177600
16.422  177600
16.423  177600
16.428  177600
16.4289  177600
16.4289  177600
16.433  177600
16.434  177600
16.4361  177600
16.438  177600
16.439  177600
16.4399  177600
16.4421  177600
16.4509  177600
16.453  177600
16.454  177600
16.454  177600
16.4571  177600
16.458  177600
16.459  177600
16.4599  177600
16.4621  177600
16.463  177600
16.4649  177600
16.468  177600
16.474  177600
16.4752  177600
16.4759  177600
16.4769  177600
16.4831  177600
16.4921  177600
16.5031  177600
16.5031  177600
16.5081  177600
16.5091  177600
16.5119  177600
16.5141  177600
16.515  177600
16.5222  177600
16.5222  177600
16.525  177600
16.53  177600
16.546  177600
16.5548  177600
16.5579  177600
16.562  177600
16.5739  173900
16.5758  177600
16.577  177600
16.577  177600
16.5789  177600
16.5849  177600
16.587  176120
16.6039  177600
16.607  177600
16.6111  177600
16.6161  177600
16.618  177600
16.619  177600
16.619  177600
16.6249  177600
16.638  177600
16.645  177600
16.669  177600
16.6712  177600
16.6819  177600
16.6879  177600
16.6891  177600
16.7131  177600
16.717  177600
16.7298  177600
16.7408  177600
16.747  177600
16.747  177600
16.7489  177600
16.7589  177600
16.793  177600
16.799  177600
16.818  177600
16.819  177600
16.8321  177600
16.8362  177600
16.86  177600
16.875  177600
16.8819  177600
16.9051  177600
16.911  177600
16.9241  177600
16.9299  177600
16.9311  132096
16.9389  177600
16.978  177600
17.0121  282580
17.031  177600
17.1449  177600
17.164  177600
17.256  177600
17.2651  177600
17.2651  222640
17.324  177600
17.4031  177600
17.4031  177600
17.4301  127254
17.4479  177600
17.478  177600
17.4952  177600
17.5161  222640
17.54  222640
17.627  216657
17.6551  177600
17.698  177600
17.709  177600
17.71  246420
17.8609  222640
17.863  177600
17.9698  177600
17.976  385135
18.0211  177600
18.0221  177600
18.0478  283680
18.0509  222640
18.209  222640
18.2712  177600
18.326  177600
18.3549  177600
18.399  385135
18.4879  177600
18.4989  257280
18.508  222640
18.6069  177600
18.6779  238896
18.697  282580
18.702  222640
18.816  222640
18.836  222640
18.8401  177600
19.0051  222640
19.0601  282580
19.1011  385135
19.1031  282580
19.14  234360
19.1522  177600
19.155  177600
19.1789  177600
19.2199  222640
19.2201  177600
19.243  177600
19.2549  282580
19.2571  292324
19.325  222640
19.3472  222640
19.352  222640
19.393  84840
19.407  177600
19.4192  177600
19.5  385135
19.515  282580
19.5301  177600
19.5651  282580
19.603  177600
19.6509  282580
19.824  282580
19.8591  177600
19.871  263040
19.892  222640
19.927  385135
19.9609  222640
19.9711  222640
20.0031  177600
20.0472  222640
20.2079  385135
20.241  222640
20.252  222640
20.479  402996
20.586  282580
20.6232  385135
20.632  282580
20.6709  385135
20.68  236930
20.69  214500
20.751  282580
20.9019  177600
21.0829  94080
21.2162  282580
21.3189  92400
21.327  177600
21.3449  253546
21.6331  266000
21.7102  299520
21.7938  385135
21.8349  282580
21.8408  527778
21.852  177600
21.8642  385135
21.9228  222948
22.218  527778
22.2669  80010
22.4049  198720
22.414  313440
22.423  253119
22.46  252120
22.675  282580
22.738  527778
22.846  75600
22.85  259200
22.8591  282580
22.9511  260544
23.0339  75600
23.313  480194
23.385  282580
23.3979  177600
23.4458  192240
23.5159  282580
23.5279  333761
23.566  282580
23.5939  282580
23.6101  282580
23.6199  100800
23.638  402996
23.658  282580
23.675  282580
23.7241  527778
23.771  199800
23.778  197280
23.7808  177600
23.8221  282580
23.8562  282580
23.881  282580
23.921  254400
23.9348  436240
23.9391  282580
23.9482  282580
23.999  282580
24.0021  187200
24.039  282580
24.045  282580
24.085  436240
24.219  399500
24.2281  282580
24.2581  527778
24.267  282580
24.292  213864
24.4262  100800
24.5252  177600
24.5419  385135
24.5631  282580
24.579  177600
24.6432  282580
24.6859  403200
24.8199  237839
24.895  282580
24.92  100800
24.9341  285600
25.167  471580
25.2271  196560
25.3489  282580
25.4829  527778
25.497  251712
25.512  475300
25.5902  100800
25.6798  301440
25.691  355320
25.7189  472820
25.7921  338400
25.8  278880
25.867  193320
25.8732  274560
25.882  100800
25.8939  75600
25.9101  527778
25.964  381780
26.0439  385135
26.0999  402996
26.1369  451200
26.161  218360
26.1641  402996
26.191  527778
26.226  257632
26.2311  457320
26.2871  385135
26.2911  385135
26.3929  100800
26.495  417120
26.5241  351560
26.54  253440
26.6509  490800
26.6881  385135
26.7651  198360
26.86  402996
26.9909  208800
27.003  527778
27.0231  385135
27.0391  436240
27.0519  255360
27.0851  309600
27.1029  100800
27.2119  436240
27.2882  260640
27.354  100800
27.585  475300
27.6802  402996
27.7011  527778
27.7901  82530
27.8091  100800
27.8401  451200
27.967  403200
28.033  402996
28.0368  192250
28.1029  385135
28.141  402996
28.3031  280800
28.3339  436240
28.348  510797
28.3661  385135
28.439  289751
28.461  474680
28.5659  381120
28.5881  480194
28.677  385135
28.702  302760
28.7151  75600
28.7359  436240
28.738  473440
28.76  436240
28.76  457940
28.7929  451200
28.8579  212795
28.8589  282240
28.8689  100800
28.8701  385135
28.8792  491049
28.8911  402996
28.913  479020
28.98  385135
28.99  436240
29.031  451200
29.036  225666
29.12  532340
29.1231  385135
29.1319  527778
29.1541  263252
29.161  243459
29.181  275040
29.1908  436240
29.1982  385135
29.2089  530426
29.2101  100800
29.2149  475920
29.264  259200
29.3601  529240
29.4001  270586
29.4142  100800
29.424  408900
29.4781  259840
29.484  474060
29.531  529607
29.563  457320
29.5992  451200
29.6309  494600
29.6679  451200
29.736  402996
29.737  477840
29.7761  436240
29.799  253920
29.9351  485488
29.943  527778
29.9771  351288
30.0529  451200
30.0729  183750
30.092  385135
30.175  451200
30.221  275520
30.3071  449320
30.386  244800
30.4289  512115
30.4611  531720
30.488  566540
30.5099  451200
30.551  100800
30.5519  436240
30.5991  100800
30.6361  451200
30.6499  335880
30.6618  338400
30.6959  451200
30.714  263520
30.76  338400
30.797  258840
30.807  100800
30.8521  385135
30.8709  436240
30.9021  568300
30.9238  535723
30.936  529240
31.095  461288
31.1339  348740
31.153  472448
31.1661  451200
31.1749  289144
31.249  242280
31.249  402996
31.296  94080
31.3191  528124
31.3849  480194
31.414  472320
31.43  530426
31.4341  385135
31.4839  329400
31.5468  527778
31.5988  299040
31.6479  489636
31.666  100590
31.6858  454840
31.7299  491696
31.743  462869
31.8918  493350
31.899  385135
31.9049  451200
31.9159  574010
31.9271  604572
31.9381  445540
31.9459  342021
31.9541  590934
31.9719  614804
32.0148  269280
32.131  440886
32.1341  480880
32.2731  385135
32.2752  527778
32.28  287520
32.3021  563324
32.305  385135
32.3858  348480
32.3889  509400
32.4559  344160
32.4881  236000
32.5079  490800
32.5131  98910
32.5191  385135
32.5282  527374
32.5539  616128
32.578  237000
32.6159  616752
32.6579  527778
32.6591  385135
32.6738  451200
32.6781  527778
32.6791  385135
32.706  454840
32.7229  385135
32.7392  385135
32.774  451200
32.804  527696
32.8171  451200
32.8441  490800
32.8751  497952
32.8979  528620
32.9549  613950
32.974  537960
33.0091  604096
33.04  490800
33.0679  530426
33.1061  212250
33.1688  451200
33.191  334152
33.2031  527778
33.2711  527778
33.2861  100800
33.313  527778
33.4101  100800
33.4389  314973
33.6192  402996
33.6421  97020
33.694  508633
33.7679  459308
33.803  297120
33.8101  627792
33.813  615664
33.896  530426
33.9358  531100
33.941  470960
33.942  575068
33.999  531720
34.055  434400
34.1661  577814
34.168  205500
34.1959  235750
34.21  513929
34.2531  638102
34.3089  236250
34.349  324084
34.3781  271188
34.3959  100800
34.4429  75600
34.5221  486500
34.5418  501124
34.5659  405140
34.5728  615161
34.6329  451200
34.7359  436240
34.7421  365280
34.744  392640
34.7471  450176
34.7731  527778
34.7831  633104
34.7838  490800
34.8239  530426
34.8511  644340
34.8618  451200
34.8749  385135
34.8802  530060
34.8821  654030
34.9441  527778
34.9491  79380
34.976  530480
35.0149  265750
35.017  326400
35.018  632762
35.0749  507626
35.0962  515290
35.152  568300
35.1601  240000
35.1651  331500
35.198  613416
35.217  482199
35.2361  237250
35.265  672511
35.269  568300
35.2731  299040
35.31  628968
35.331  622822
35.3949  559943
35.5101  243750
35.5251  702816
35.5282  564127
35.5809  563324
35.5821  451200
35.6019  664898
35.6221  641460
35.7008  614940
35.7258  436240
35.8162  470340
35.8169  670497
35.826  662451
35.8319  627876
35.8539  451200
35.856  400440
35.8839  527778
35.912  491962
35.944  527778
35.9471  451200
36.015  637863
36.046  621108
36.0599  697880
36.0818  603060
36.0849  478400
36.0918  451200
36.1199  328320
36.1271  250000
36.1919  485112
36.1979  616312
36.237  666268
36.2871  615552
36.2961  398160
36.3331  574743
36.3369  451200
36.361  436240
36.386  457320
36.3939  492906
36.407  402996
36.413  236000
36.443  285760
36.443  627396
36.5381  613185
36.545  575720
36.5651  614784
36.5789  451200
36.6189  475495
36.6251  600440
36.6321  451200
36.6359  614820
36.6471  704275
36.659  527778
36.6731  436240
36.674  704322
36.7069  233000
36.711  610928
36.8471  492040
36.9258  451200
36.9601  671504
36.9699  490180
36.9711  623804
36.9711  640928
36.9871  450260
37.051  488940
37.0579  451200
37.0822  657580
37.1182  385135
37.127  255750
37.1439  365660
37.1461  449320
37.1978  310560
37.2059  615848
37.2119  708487
37.2469  684296
37.2579  706528
37.2839  545726
37.286  100800
37.317  703524
37.3869  540400
37.4539  715370
37.488  700980
37.4951  451200
37.5049  714772
37.549  296160
37.565  436240
37.5791  716774
37.6151  617900
37.621  180500
37.658  703350
37.688  469720
37.7171  674314
37.7212  735104
37.7419  611695
37.766  451200
37.781  100800
37.787  436240
37.7972  75810
37.823  490800
37.833  328104
37.8959  451200
37.926  689820
37.93  613208
37.9379  338400
37.9441  644054
37.9491  311520
37.9579  581072
37.9689  327240
38.0042  695136
38.013  338400
38.0149  249500
38.028  698022
38.0669  235250
38.0802  706304
38.1238  682116
38.151  480194
38.1629  475920
38.1689  451200
38.1801  95760
38.2428  200250
38.264  433920
38.2688  669138
38.27  535600
38.295  338400
38.3611  774975
38.3821  246000
38.3821  748800
38.3861  225500
38.4328  732309
38.4672  609450
38.471  224250
38.4839  643360
38.486  620656
38.492  334848
38.5001  640865
38.516  752615
38.5301  769255
38.542  239750
38.5699  100800
38.6169  190000
38.6269  80850
38.6388  778900
38.6391  451200
38.641  338400
38.655  753672
38.672  451200
38.6879  330500
38.7058  100800
38.718  644548
38.7721  527778
38.8072  478400
38.8091  778900
38.8482  425280
38.8598  752848
38.934  415480
38.934  460420
38.9771  100800
38.991  674180
39.0289  593152
39.041  689820
39.047  728490
39.052  648696
39.058  221000
39.0739  637464
39.088  313440
39.1009  100800
39.119  436240
39.1228  680688
39.1431  703057
39.145  652000
39.16  244750
39.166  246250
39.176  475920
39.1929  698500
39.1941  727401
39.2072  668820
39.288  264000
39.2909  100800
39.31  182750
39.3121  567285
39.315  617064
39.331  100800
39.3341  615185
39.3572  616772
39.4201  498990
39.494  317160
39.5031  799140
39.5679  100800
39.5689  340280
39.5739  75600
39.5749  105630
39.592  648168
39.6278  740301
39.6481  632528
39.654  690564
39.695  473440
39.7201  762997
39.7551  589470
39.7589  747788
39.8431  497072
39.8571  686720
39.8579  636584
39.942  100800
39.9649  810192
39.978  338400
39.9809  632040
39.9871  689255
40.0009  627172
40.103  690440
40.1101  464760
40.1249  347040
40.139  646720
40.163  745750
40.1862  202500
40.1959  516300
40.1962  645272
40.199  100590
40.2019  809865
40.225  717696
40.2601  190250
40.2849  613950
40.3171  351360
40.3359  784640
40.3368  585677
40.3562  635342
40.3769  757250
40.401  451200
40.405  676158
40.4139  711405
40.4799  264750
40.484  632898
40.549  221500
40.5591  338400
40.5691  469100
40.576  641652
40.59  451200
40.602  566160
40.632  451200
40.647  742449
40.684  527778
40.7009  424800
40.817  610520
40.8211  704322
40.8859  540636
40.905  647800
40.9112  247250
40.92  710612
40.9231  690440
40.9489  574575
40.967  732585
40.9811  332220
40.9858  776576
40.992  704850
40.9961  744666
41.0168  645125
41.018  182750
41.0202  100800
41.0249  255500
41.0478  436240
41.0662  635136
41.0962  451200
41.0981  795469
41.101  605426
41.111  527778
41.1379  744900
41.163  527778
41.189  761088
41.2221  518981
41.357  196500
41.374  325600
41.3821  574663
41.3899  247500
41.3909  772400
41.415  594048
41.424  227500
41.43  451200
41.4381  674508
41.4441  428640
41.5242  649616
41.5299  451200
41.5401  574743
41.5461  225000
41.5969  783744
41.599  436240
41.6069  524996
41.6071  490800
41.6119  764874
41.616  354576
41.6319  776096
41.6589  486893
41.666  557560
41.708  100800
41.738  527778
41.75  100800
41.754  403200
41.8081  775104
41.8699  188000
41.8761  490402
41.8849  531245
41.8918  541640
41.904  451200
41.9421  689284
42.001  632240
42.0649  451200
42.0811  812416
42.1031  338400
42.1159  513024
42.1212  527778
42.1271  202500
42.1278  493881
42.136  810504
42.1362  645192
42.151  762028
42.1731  635156
42.212  711405
42.213  100380
42.2361  592396
42.2509  759430
42.2659  100800
42.2721  715984
42.304  490800
42.3269  223250
42.3479  418300
42.361  805136
42.371  100800
42.3849  562460
42.388  240250
42.413  696645
42.424  382580
42.48  757440
42.49  436240
42.4941  747436
42.5119  530480
42.5198  684296
42.572  673518
42.5749  706821
42.5792  533580
42.6309  734220
42.654  674264
42.706  627188
42.7389  648816
42.7401  490800
42.7461  531100
42.768  613133
42.769  182250
42.824  714577
42.8441  764400
42.938  688350
43.0131  100800
43.16  660800
43.1809  641784
43.1821  720820
43.1941  791928
43.2708  530426
43.2801  357200
43.365  482120
43.3841  100800
43.4029  436240
43.452  758384
43.4551  451200
43.4749  100800
43.4799  436240
43.4849  717990
43.499  500844
43.534  479020
43.555  456824
43.5598  923808
43.5832  532340
43.6211  100800
43.627  746360
43.632  446780
43.6471  648194
43.664  842627
43.6809  451200
43.6811  403200
43.69  560486
43.74  613996
43.767  610424
43.771  335000
43.7729  451200
43.793  763990
43.853  688940
43.854  614740
43.8571  568300
43.8678  792120
43.921  436240
43.998  335000
43.9999  782151
44.014  639870
44.0421  380700
44.0629  841600
44.0691  599420
44.0719  332250
44.085  455460
44.09  492040
44.096  838000
44.1961  924869
44.2381  100800
44.239  767565
44.2441  648892
44.2622  854142
44.2948  250250
44.322  100800
44.3559  709819
44.369  771795
44.3702  715370
44.3749  578840
44.3921  680368
44.41  758384
44.436  922952
44.4591  710986
44.466  762799
44.508  778329
44.5559  579616
44.57  451200
44.6119  924869
44.6219  436240
44.656  457320
44.672  757536
44.677  838000
44.6811  436240
44.6861  701600
44.6992  574743
44.7202  232000
44.723  838000
44.8921  100800
44.9162  490800
44.929  236750
44.9381  540400
44.939  100800
44.9431  586440
45.038  638756
45.0709  563324
45.0921  763392
45.1181  614076
45.12  567168
45.1519  469377
45.188  335000
45.2881  604096
45.315  769734
45.325  574010
45.3422  95760
45.357  490800
45.3589  782032
45.3651  809896
45.388  530426
45.4011  771800
45.409  784808
45.4099  643196
45.413  493004
45.4662  804342
45.501  436240
45.505  436240
45.6059  302000
45.6109  519744
45.6221  838000
45.6381  797303
45.644  766797
45.68  490800
45.6939  451200
45.6982  646896
45.7091  275500
45.717  586320
45.7201  399000
45.7451  334000
45.7458  529240
45.759  310000
45.7699  451200
45.774  150500
45.841  838000
45.8641  714772
45.8999  643152
45.9061  387280
45.9161  790595
45.9421  838000
45.9509  403200
45.9599  436240
46.0391  100800
46.0591  583472
46.1349  574743
46.15  100800
46.1559  746037
46.169  474680
46.1979  660484
46.2329  657972
46.294  441800
46.3028  831800
46.303  436240
46.3099  563328
46.314  629720
46.3278  449320
46.3321  845715
46.3419  530426
46.361  804748
46.3891  816896
46.391  475300
46.4008  898673
46.4151  436240
46.428  100800
46.4492  631360
46.459  574760
46.4859  236000
46.4978  838000
46.5  475300
46.5031  898440
46.5341  611796
46.5429  451200
46.5491  436240
46.5879  436240
46.5989  436240
46.6042  474680
46.6769  165250
46.695  875757
46.7041  100800
46.705  731125
46.7069  451200
46.7081  791632
46.7188  840875
46.721  761120
46.7401  585677
46.7532  563324
46.7591  474060
46.7629  613996
46.7629  649488
46.7651  623168
46.8111  559588
46.813  491420
46.8249  100800
46.8421  759267
46.8531  580903
46.881  594672
46.901  627000
46.9141  860960
46.9551  796386
46.9799  754160
46.9859  626334
46.993  436240
47.0119  490800
47.0641  212250
47.1182  490800
47.122  823050
47.1501  492040
47.173  436240
47.1792  655466
47.2689  208000
47.3001  403200
47.302  670492
47.3092  619008
47.318  218250
47.323  474680
47.3361  853172
47.3371  456080
47.3919  457320
47.395  904640
47.395  949760
47.3971  483980
47.41  468480
47.431  638760
47.452  660880
47.4682  705057
47.493  900560
47.498  530426
47.5008  403200
47.5008  994400
47.5361  939524
47.5421  284500
47.554  698475
47.6019  798320
47.6069  451200
47.612  431460
47.6131  838000
47.621  450260
47.631  475300
47.708  528620
47.7178  901920
47.74  926400
47.7581  474680
47.7672  807233
47.791  295750
47.7951  700400
47.801  475300
47.802  451200
47.8029  286000
47.9312  474680
47.9338  456700
47.941  838000
47.9438  436240
47.946  473440
47.977  530426
47.982  866180
47.986  770080
47.9929  650850
48.0092  475300
48.0709  541640
48.0919  451200
48.1219  483980
48.1329  838000
48.1691  766558
48.1939  526613
48.202  100800
48.2051  950800
48.2321  615642
48.233  474680
48.2409  100800
48.2528  475300
48.2581  173250
48.2609  475300
48.2719  618280
48.301  519320
48.327  456080
48.327  806380
48.332  586628
48.3348  838000
48.3508  265000
48.351  100800
48.3601  451200
48.373  100800
48.383  222000
48.403  242750
48.424  100800
48.4362  772747
48.439  249250
48.4598  706528
48.47  562090
48.47  652000
48.5122  469100
48.5389  424880
48.562  271250
48.5661  620872
48.5799  769800
48.6019  236250
48.6031  957040
48.6119  838000
48.6119  994400
48.619  234000
48.6579  996390
48.6672  451200
48.7161  761636
48.753  763620
48.7578  951840
48.7599  193500
48.7769  574010
48.8038  993040
48.8079  534820
48.842  407020
48.856  251500
48.892  535162
48.9471  552800
48.9562  467860
48.991  568300
48.9941  451200
49.001  761154
49.0081  613185
49.0189  897840
49.0222  100800
49.0222  616320
49.051  906000
49.0711  833040
49.0739  541904
49.0839  490800
49.1168  857744
49.119  492040
49.1281  335000
49.1352  592026
49.1359  253000
49.1371  531100
49.1469  674956
49.149  474680
49.1512  532340
49.155  497478
49.165  922952
49.17  658062
49.1791  335000
49.1998  338400
49.227  642480
49.2449  240000
49.2561  838000
49.2661  475300
49.273  739464
49.283  490180
49.2868  271750
49.289  706304
49.2949  630965
49.304  686928
49.305  451200
49.3269  636956
49.4111  831800
49.418  574010
49.4301  490800
49.4549  732987
49.463  838000
49.5241  968560
49.5288  594866
49.5291  547904
49.531  645632
49.5341  879252
49.5589  632930
49.6171  246250
49.6211  974000
49.6359  861400
49.7141  490800
49.737  335000
49.7589  838000
49.7761  335000
49.7859  451200
49.787  147000
49.824  451200
49.8362  436240
49.8378  451200
49.8691  774960
49.8941  908720
49.896  490800
49.897  490800
49.922  714612
49.9282  954864
49.937  335000
49.9389  949616
49.9408  613185
49.947  690440
49.957  838000
49.9711  286500
49.9721  451200
49.9761  666140
49.9859  768440
49.9911  100800
50  449280
50.0069  838000
50.01  916712
50.0159  614050
50.0169  236500
50.0309  249000
50.0581  789862
50.0889  838000
50.0898  705155
50.1211  668700
50.168  443520
50.184  451200
50.1928  848745
50.2038  652860
50.2071  486460
50.2169  957040
50.2229  490800
50.251  531245
50.3209  451200
50.324  669704
50.338  640080
50.3399  296500
50.3712  998280
50.3778  485220
50.4291  669704
50.4379  236250
50.4479  1035150
50.4708  518740
50.473  451200
50.4849  491420
50.5481  673850
50.5509  965987
50.5829  1037120
50.5941  838000
50.602  630684
50.637  923796
50.6442  645885
50.653  863366
50.6701  484640
50.7019  808992
50.7069  451200
50.7159  495280
50.7371  766720
50.7419  642979
50.745  948720
50.7541  638130
50.7638  713784
50.7729  876252
50.7741  701762
50.8001  100800
50.801  716618
50.8089  333250
50.8192  838000
50.822  552012
50.8311  836140
50.8649  511330
50.878  451200
50.88  100800
50.8959  100800
50.915  335000
50.9288  628496
50.931  659789
50.9381  717696
50.956  530800
50.9679  690440
50.9801  934560
51.007  694344
51.0111  908720
51.0609  693447
51.0879  731280
51.0938  487136
51.095  637863
51.101  701135
51.1112  742449
51.127  564127
51.1532  100800
51.1591  574010
51.1811  647538
51.1961  949760
51.199  610161
51.213  549384
51.259  518859
51.2791  234250
51.2838  717684
51.3301  587888
51.3899  823740
51.394  635220
51.3961  451200
51.398  697790
51.4081  868140
51.4259  501995
51.4319  235000
51.4381  592376
51.4381  99330
51.455  618708
51.4631  894198
51.491  530426
51.4982  238750
51.506  335000
51.5101  809134
51.5189  945440
51.553  100800
51.578  631496
51.604  767280
51.6162  559150
51.729  589728
51.7499  808107
51.754  750644
51.764  540052
51.816  778900
51.836  703489
51.841  731776
51.8479  565936
51.8529  543264
51.877  605300
51.878  648368
51.888  751419
51.8911  1028000
51.892  592344
51.897  749450
51.9099  838000
51.9209  100800
51.9331  838000
51.965  493550
52.0148  444620
52.031  709819
52.032  1013190
52.048  838000
52.053  643488
52.063  926802
52.079  651045
52.114  649187
52.139  564127
52.1941  335000
52.2141  199750
52.243  946800
52.259  531245
52.2809  675512
52.289  776094
52.2931  914590
52.3021  838000
52.3221  335000
52.335  235750
52.3531  540125
52.3882  950350
52.408  777920
52.4101  957040
52.413  769660
52.4139  598524
52.4349  961120
52.5169  838000
52.5188  451200
52.588  743346
52.597  924648
52.598  750060
52.598  935920
52.6149  230500
52.624  100800
52.659  335000
52.6829  766499
52.6869  315000
52.695  520220
52.696  1027753
52.732  220250
52.732  272250
52.748  630722
52.7482  1001200
52.7558  723920
52.7968  901920
52.8119  100800
52.8231  264000
52.835  245000
52.8371  192750
52.84  919600
52.9501  282000
52.969  717808
52.995  778631
53.009  184000
53.0331  531100
53.0331  540400
53.0481  622640
53.0639  855160
53.0648  183250
53.0779  689820
53.0782  564127
53.0801  1025320
53.081  704850
53.0901  614803
53.1011  640720
53.1189  530426
53.1189  643770
53.1411  637616
53.1778  829520
53.19  940000
53.2289  637736
53.2429  233500
53.308  876395
53.4291  501995
53.4301  200000
53.4449  613185
53.4501  735610
53.4611  771800
53.4642  838000
53.478  567680
53.5011  247000
53.5281  910820
53.5312  221000
53.535  530426
53.5491  617658
53.5519  1014600
53.556  526760
53.5679  611695
53.7059  100800
53.7081  954960
53.7331  682220
53.7798  727350
53.8371  739652
53.8371  779010
53.8399  622289
53.858  530426
53.8602  335000
53.8762  971280
53.8828  766305
53.885  296500
53.894  530426
53.8969  532064
53.899  1047272
53.9119  820480
53.9188  545000
53.926  599280
53.9501  529860
53.9632  302500
53.9739  785744
53.9908  551048
53.998  808860
54.0099  653240
54.0249  235750
54.0469  559312
54.049  335000
54.064  838000
54.1098  841156
54.1222  866216
54.1661  838000
54.1751  838000
54.188  861766
54.2011  720200
54.2049  568300
54.22  759264
54.2278  770896
54.2331  655515
54.234  762086
54.2421  814440
54.2481  223250
54.2579  335000
54.2631  818160
54.2781  709819
54.312  615506
54.3129  530426
54.3151  619248
54.3191  474060
54.3261  516780
54.354  703350
54.3849  838000
54.4012  566480
54.4019  717650
54.425  530480
54.44  657470
54.4479  335000
54.4491  838000
54.45  236250
54.4581  953920
54.4629  700360
54.4791  632166
54.5499  758384
54.5611  634010
54.565  953600
54.5719  970483
54.5881  599150
54.61  649204
54.611  645850
54.6238  635342
54.6379  572099
54.6401  624320
54.6432  233000
54.6451  838000
54.672  1160660
54.6949  750880
54.698  824064
54.7018  699210
54.7101  679350
54.7321  335000
54.739  630625
54.7509  598792
54.7659  838000
54.7671  565260
54.769  941440
54.78  838000
54.785  1109740
54.801  521800
54.805  271750
54.817  954960
54.822  838000
54.8339  707120
54.8341  637778
54.853  901920
54.8589  565314
54.8651  753416
54.9791  568326
55.0108  548287
55.011  774548
55.028  930480
55.032  825600
55.037  909028
55.0408  236750
55.0568  798095
55.09  530480
55.1159  616425
55.202  662137
55.208  262750
55.208  606401
55.2208  211750
55.2261  761120
55.248  629232
55.28  775500
55.294  626344
55.3081  687340
55.351  632402
55.377  776576
55.4121  776028
55.4221  246500
55.4261  624642
55.4328  265500
55.4399  813820
55.4411  685765
55.4461  838000
55.4552  622796
55.481  952240
55.4931  335000
55.4941  838000
55.506  638947
55.5131  628976
55.5201  570464
55.5341  824720
55.5439  100800
55.548  713784
55.5651  890480
55.573  924425
55.6059  682902
55.614  838000
55.6328  566652
55.7029  614835
55.7389  636500
55.7709  704275
55.774  728490
55.8012  1074480
55.809  838000
55.81  614034
55.8212  218500
55.835  759430
55.8438  207500
55.846  589284
55.867  335000
55.872  815104
55.8782  688642
55.898  553354
55.907  666745
55.943  105420
55.9821  1080260
55.9919  769050
56.016  569510
56.0238  592344
56.0272  636640
56.0811  762183
56.088  951840
56.113  837380
56.1199  222000
56.1719  598792
56.1759  838000
56.1819  822500
56.1931  1108698
56.1962  1027518
56.2248  233250
56.2279  221000
56.232  269750
56.278  865520
56.2789  912436
56.282  265750
56.2999  575476
56.3121  761033
56.314  778900
56.3741  335000
56.3791  529860
56.3869  652000
56.3972  466000
56.3998  267750
56.407  584766
56.4148  1076600
56.452  751425
56.457  703460
56.493  215250
56.5019  614034
56.5021  590752
56.5028  608640
56.5541  322500
56.5591  692486
56.5829  1039160
56.6061  725376
56.675  771075
56.71  827460
56.7241  568870
56.726  575720
56.7429  838000
56.7949  584416
56.8268  1044738
56.8509  648912
56.8712  838000
56.8719  211000
56.874  754496
56.88  617424
56.8941  904640
56.922  568300
56.9401  635132
56.9551  947680
56.9658  884240
56.967  705777
56.9942  821260
57.0071  245000
57.014  590552
57.0409  626480
57.055  284750
57.059  709819
57.076  591440
57.0989  924151
57.121  761503
57.128  672045
57.143  211500
57.157  832216
57.1759  248000
57.1849  591440
57.193  824928
57.2  838000
57.2209  335000
57.2331  787480
57.2648  130830
57.2679  838000
57.276  614835
57.2848  714612
57.3308  925027
57.339  514640
57.3461  585608
57.369  994440
57.3771  588080
57.3912  559635
57.4121  757760
57.4269  906000
57.4641  670870
57.477  254750
57.512  335000
57.518  1040060
57.5311  590536
57.57  617879
57.5809  712198
57.5969  585608
57.6069  1071738
57.6289  603736
57.6289  637736
57.6401  100800
57.6711  714577
57.689  1055804
57.703  838000
57.735  673248
57.7629  588621
57.78  594672
57.791  809046
57.7919  617879
57.8392  335000
57.8511  614076
57.8551  712198
57.858  616425
57.8961  575744
57.934  541401
57.971  632475
57.972  861582
57.976  635156
57.9798  719691
57.981  235000
58.0091  772392
58.0559  613229
58.058  265500
58.058  885600
58.084  760516
58.0859  265000
58.09  639970
58.0981  616297
58.1031  224750
58.1031  979440
58.11  620896
58.11  769600
58.1169  237000
58.1369  591440
58.157  706528
58.1748  793578
58.1751  602499
58.1841  717849
58.1899  614848
58.1939  797080
58.198  614820
58.2101  829940
58.2271  877596
58.229  614848
58.2318  613996
58.2511  1111080
58.2671  617088
58.2678  736078
58.2759  717064
58.2781  234750
58.2829  31392
58.2922  586432
58.3181  838000
58.3251  612462
58.331  636833
58.3341  617064
58.3382  838000
58.3472  643241
58.399  592344
58.4161  1047798
58.4459  616297
58.4991  916650
58.5279  707484
58.553  838000
58.5959  614675
58.614  712991
58.625  810624
58.6379  838000
58.641  925040
58.6751  635220
58.7199  636833
58.7311  705057
58.737  637736
58.7401  946987
58.794  705400
58.8019  626612
58.8071  245250
58.8112  615506
58.8131  223750
58.831  634832
58.8398  704672
58.845  703489
58.857  774260
58.8841  629204
58.888  812295
58.8899  616297
58.893  838000
58.9008  697650
58.928  236000
58.974  591440
58.979  100800
58.991  622248
58.9988  705026
59.0041  1094916
59.0432  645564
59.0441  1086320
59.0839  614803
59.1261  293250
59.149  924664
59.196  1070751
59.206  613208
59.207  704018
59.211  624170
59.221  1012888
59.2961  650342
59.35  221750
59.35  592344
59.3669  335000
59.3741  615506
59.4001  265250
59.406  838000
59.412  841724
59.4211  1065879
59.453  683336
59.4571  245250
59.458  664056
59.463  838000
59.4859  722256
59.551  888320
59.597  642179
59.6008  698510
59.612  630682
59.6492  636618
59.654  613048
59.6681  237750
59.7658  700360
59.7661  638305
59.8052  631865
59.8211  740301
59.8352  1075540
59.8381  838000
59.8712  90300
59.8881  685480
59.9101  885772
59.911  704322
59.9241  734709
59.932  234750
59.9608  689820
59.968  273750
60.0052  701480
60.024  945545
60.0278  706170
60.04  888033
60.0891  648180
60.0929  640100
60.127  621022
60.1461  640282
60.1499  838000
60.168  775144
60.1921  979158
60.2489  775523
60.25  959200
60.2682  332750
60.282  765810
60.293  1063522
60.3161  787072
60.3352  616772
60.369  633730
60.441  702773
60.5109  677852
60.5309  638336
60.5311  666726
60.5359  657580
60.5478  633256
60.56  754496
60.5609  845986
60.5869  335000
60.59  732000
60.5941  634832
60.6  634848
60.606  493112
60.6682  769800
60.6821  616955
60.694  653976
60.735  773888
60.74  760966
60.7569  721680
60.761  618904
60.781  651648
60.782  630796
60.786  302250
60.7979  760959
60.8211  711405
60.822  649204
60.879  629904
60.885  752283
60.895  335000
60.8959  629720
60.9031  725235
60.905  797888
60.9081  937280
60.9159  249750
60.9229  639340
60.9241  822742
60.9338  692464
60.9431  233250
60.957  801003
60.9701  777820
60.9848  633504
60.9999  278250
61.0008  799584
61.0039  634635
61.0039  784960
61.039  909170
61.0678  639986
61.0728  767016
61.075  639200
61.095  761120
61.0979  912152
61.1038  771592
61.1069  633976
61.1081  819400
61.1229  621730
61.126  1055855
61.141  652186
61.1572  645550
61.1861  638300
61.281  838000
61.3151  787328
61.3549  640280
61.373  640940
61.393  709026
61.3952  658050
61.3999  838000
61.4071  644976
61.434  629546
61.5098  678200
61.5261  948330
61.532  780200
61.5361  245500
61.5568  332500
61.569  759430
61.5849  636122
61.5938  639015
61.6109  853925
61.6801  838000
61.7082  335000
61.7249  638336
61.7309  838000
61.733  244500
61.753  650184
61.7549  298500
61.7671  897650
61.7919  923680
61.8479  838000
61.8479  838000
61.8701  705026
61.8889  715151
61.9009  628657
61.9118  781742
61.913  657135
61.9259  838000
61.9819  838000
62.073  664019
62.098  777768
62.1381  637213
62.145  885600
62.16  1040060
62.2001  100800
62.2051  753969
62.2251  262250
62.2418  927040
62.2499  838000
62.254  245000
62.254  784859
62.268  837649
62.294  703350
62.3438  838450
62.362  836760
62.367  616421
62.371  838000
62.392  250250
62.4201  630260
62.4371  275500
62.4599  335000
62.4721  735612
62.4869  757484
62.495  615800
62.5591  224250
62.5761  100800
62.603  335000
62.619  918240
62.6261  229250
62.6321  323000
62.659  838000
62.674  705988
62.741  907360
62.7711  838000
62.7851  872144
62.8252  687200
62.855  682335
62.8691  282250
62.8741  679545
62.947  832128
62.9568  951664
62.974  715370
62.984  984080
63.041  270500
63.1161  829320
63.159  755320
63.1888  246000
63.2288  838000
63.2441  616421
63.2451  100800
63.288  271500
63.339  260000
63.3581  232500
63.365  641712
63.3669  263250
63.3762  644563
63.391  207250
63.3929  237750
63.4441  729177
63.4611  299250
63.484  984574
63.529  335000
63.5791  246750
63.59  708232
63.6241  250250
63.648  683056
63.668  834392
63.7219  666297
63.7259  911440
63.75  781800
63.7548  699257
63.8139  286500
63.8142  260000
63.8161  707668
63.863  631720
63.889  760389
63.9129  831093
63.9331  315000
63.9479  884240
63.9589  335000
63.993  760965
63.998  281250
64.0068  289750
64.033  926246
64.034  924425
64.0411  940128
64.05  1026660
64.0531  708232
64.0659  564536
64.117  838000
64.1401  871650
64.1539  315500
64.1668  957040
64.188  247750
64.204  718916
64.2209  335000
64.244  1036689
64.302  834044
64.3389  730656
64.3749  335000
64.379  753969
64.405  722750
64.4162  335000
64.4171  793204
64.425  699769
64.4321  994400
64.435  837500
64.436  692280
64.4391  807040
64.445  833177
64.4491  804478
64.466  838000
64.4791  814205
64.4929  946640
64.528  264000
64.5349  838000
64.625  956320
64.647  779859
64.6551  806220
64.6629  925840
64.6701  733440
64.7621  717650
64.827  986768
64.836  819458
64.872  843580
64.9369  948720
64.9409  335000
64.95  838000
64.9619  1090950
65.0139  674525
65.0148  311250
65.016  750597
65.042  725980
65.048  270000
65.0561  308500
65.114  816390
65.12  838000
65.1209  673850
65.135  767280
65.155  726562
65.217  923680
65.218  904704
65.2461  678660
65.2959  718150
65.3241  787212
65.3601  813740
65.4099  697650
65.4111  953920
65.4452  1095000
65.4528  706304
65.4531  787328
65.4631  904487
65.484  759260
65.516  944014
65.5661  335000
65.5711  838000
65.6261  655689
65.6419  772372
65.7198  900198
65.7361  946057
65.784  658200
65.784  841200
65.8681  838000
65.8898  777239
65.891  868536
65.9149  838000
65.9261  702830
65.9499  929625
65.953  694780
65.9721  838000
65.9862  838000
65.9928  792718
65.9971  931840
66.0372  814763
66.0541  838000
66.062  718524
66.0861  771608
66.087  811340
66.113  986240
66.117  767188
66.1199  944080
66.1712  792344
66.2019  1129740
66.221  695400
66.2689  785632
66.2811  763022
66.288  335000
66.298  629616
66.3199  850340
66.329  335000
66.3481  748876
66.3612  335000
66.375  762799
66.381  924664
66.401  947862
66.4089  946800
66.4382  744220
66.4458  943520
66.4759  780578
66.479  950800
66.5491  956000
66.555  715184
66.5989  658820
66.606  788360
66.6358  810720
66.6449  763730
66.6769  766872
66.721  838943
66.7529  803380
66.7541  866520
66.7639  659440
66.803  843580
66.823  910164
66.834  995760
66.848  335000
66.8659  709819
66.9489  838000
67.101  755320
67.1601  856985
67.178  716300
67.1909  905856
67.23  953462
67.25  710025
67.337  955702
67.3871  945440
67.409  1068200
67.4279  838000
67.4419  759430
67.4438  1277240
67.4701  929620
67.4791  838000
67.482  713485
67.4849  843580
67.5159  823120
67.5218  979377
67.5459  841254
67.564  838000
67.5771  769180
67.58  942480
67.591  846160
67.5981  719682
67.5991  319000
67.616  726944
67.651  782580
67.692  924648
67.7109  799998
67.771  958080
67.775  298000
67.7772  900560
67.7869  712652
67.827  810100
67.8308  954960
67.8399  900560
67.8411  723520
67.883  838000
67.9219  769359
67.9271  100800
67.935  801320
67.944  741840
67.9462  897840
67.9531  770048
67.961  771200
68.0158  100800
68.0199  689025
68.047  335000
68.1119  915520
68.1581  723390
68.1689  778153
68.2118  762169
68.2659  749554
68.305  879800
68.321  830218
68.3382  913146
68.352  755520
68.3708  310500
68.3751  838000
68.429  824360
68.439  335000
68.449  1052120
68.4619  751769
68.4741  786390
68.517  842600
68.5208  953920
68.5611  1077580
68.646  938864
68.6572  1028513
68.6939  758384
68.6989  1007900
68.706  756801
68.7699  940449
68.7718  911072
68.789  896568
68.815  1025320
68.8231  787256
68.8281  335000
68.8448  857541
68.857  807290
68.8939  794552
68.8999  926400
68.917  798882
68.933  1034585
68.9669  792704
69.0031  793562
69.0141  738492
69.0229  764518
69.0269  834280
69.036  784550
69.077  207000
69.087  826345
69.103  838000
69.1218  838000
69.169  762513
69.1891  766908
69.2351  838000
69.243  769600
69.314  903280
69.319  985542
69.329  711405
69.3421  1193840
69.3691  794552
69.3738  845540
69.3898  782837
69.3932  843580
69.423  739224
69.428  957040
69.447  979901
69.463  924876
69.4649  926802
69.4702  831539
69.5319  838000
69.566  929984
69.5729  956008
69.591  835099
69.6299  861440
69.6421  758384
69.6599  335000
69.69  938640
69.6979  968052
69.7641  838000
69.7701  814209
69.788  733797
69.839  728028
69.8512  758782
69.8528  738492
69.9561  1043760
70.1621  335000
70.1818  842080
70.231  247250
70.256  945600
70.2879  853040
70.3251  777920
70.3301  765420
70.3809  809552
70.4072  838000
70.42  838000
70.4319  850272
70.4329  314250
70.4341  763465
70.4501  971624
70.4541  1081600
70.5268  1074900
70.5309  785096
70.533  778200
70.5459  947576
70.574  770705
70.5771  730350
70.6022  282000
70.6069  886670
70.6339  832706
70.6348  705988
70.6589  866960
70.6661  768615
70.683  843580
70.7178  784500
70.744  798614
70.75  737698
70.7779  221250
70.822  788133
70.8899  693075
70.9021  769800
70.915  811000
70.9212  584115
70.9519  876980
70.9581  758384
70.9639  773700
70.997  759146
71.0609  949101
71.0621  329750
71.0971  719792
71.1181  843580
71.1451  335000
71.151  748911
71.1639  819400
71.2049  837982
71.27  765478
71.2759  809552
71.2938  836554
71.2969  1050200
71.362  324750
71.403  804434
71.409  911440
71.4219  770705
71.4481  335000
71.454  867260
71.5079  335000
71.5132  748720
71.5151  763080
71.517  838000
71.5489  909170
71.573  838000
71.6178  952440
71.717  838000
71.7628  780040
71.768  890500
71.7862  843580
71.831  804350
71.8451  769840
71.877  782051
71.9039  838000
71.913  836352
71.9221  754920
71.9531  825450
71.969  812580
72.062  947040
72.0851  753324
72.104  335000
72.1231  765290
72.175  759492
72.1841  880738
72.196  958080
72.212  900792
72.2351  335000
72.243  975180
72.248  286000
72.2909  254000
72.3329  241000
72.3879  842080
72.392  1127160
72.4201  276500
72.4449  1189118
72.4659  282000
72.48  296000
72.5081  768950
72.53  1072220
72.566  838000
72.6068  755560
72.6349  265250
72.6581  750580
72.681  776832
72.6938  313250
72.7379  755652
72.767  924425
72.798  1095235
72.8769  838000
72.891  335000
72.8941  868416
72.9101  692920
72.9251  335000
72.926  335000
72.9349  734011
72.948  334000
72.9721  957040
72.9761  854120
72.978  888400
72.9799  936897
73.0338  273500
73.076  823928
73.086  945440
73.0879  335000
73.1361  906536
73.1659  951840
73.1838  269750
73.195  335000
73.2129  940502
73.257  770420
73.277  335000
73.2942  780051
73.3011  691060
73.3089  783770
73.3941  1091440
73.432  1045420
73.4379  844560
73.4391  783056
73.5111  786416
73.5118  731360
73.549  1019622
73.5731  803456
73.5898  1023980
73.602  335000
73.6558  838000
73.6759  838000
73.6871  1001856
73.688  1092165
73.689  875722
73.7121  877376
73.7419  895120
73.7469  944080
73.75  838000
73.771  1069540
73.7979  781990
73.8299  910080
73.8711  961760
73.8759  1054800
73.8971  242500
73.9131  941440
73.93  923163
73.9381  1184780
73.9579  793635
73.9639  1089320
74.0311  335000
74.0321  838000
74.0609  844560
74.132  838000
74.1479  922944
74.1651  890012
74.275  949520
74.2772  838000
74.3001  1166020
74.3282  1004496
74.347  948720
74.358  330500
74.3701  899200
74.4009  948624
74.476  1077920
74.4839  951840
74.4851  838000
74.506  335000
74.5089  957040
74.5709  806676
74.594  308250
74.6  844560
74.6021  951840
74.604  335000
74.6429  1070566
74.6448  370500
74.645  666260
74.728  867908
74.755  972386
74.791  796553
74.8  335000
74.857  1078126
74.878  838000
74.888  1013944
74.8978  864411
74.914  945600
74.9168  838000
74.93  335000
74.9462  841018
75.002  807432
75.027  1189118
75.0289  286500
75.0811  838000
75.0868  838000
75.0911  815060
75.1369  798146
75.1882  790240
75.2151  786514
75.222  783917
75.279  335000
75.2852  844935
75.299  865520
75.3319  871760
75.335  824960
75.3379  1052620
75.362  834672
75.377  788060
75.3801  292500
75.386  293500
75.392  803900
75.3951  894660
75.4409  1017280
75.4411  725650
75.4499  911440
75.5022  941396
75.511  702773
75.5601  960400
75.563  1100864
75.5999  905297
75.6078  893234
75.6192  811330
75.6259  862400
75.6299  903280
75.6562  802640
75.6691  939914
75.7291  838000
75.731  838000
75.748  943760
75.8541  791468
75.8839  886366
75.9151  939914
75.964  335000
76.005  1090464
76.0059  943088
76.076  881124
76.0849  845540
76.118  986584
76.1321  335000
76.184  1273220
76.1921  794641
76.2298  916880
76.2661  838000
76.304  809480
76.4089  838000
76.4232  299500
76.4649  951840
76.467  838000
76.4861  912816
76.498  1083880
76.5841  813662
76.5851  840150
76.627  840944
76.6361  812580
76.705  299500
76.7231  942400
76.7348  335000
76.745  247500
76.772  335000
76.7782  818032
76.807  950800
76.87  837221
76.875  845540
76.911  334500
77.04  1152105
77.071  1114340
77.085  815900
77.112  1150485
77.142  335000
77.1952  893472
77.2319  928450
77.2381  801052
77.251  868415
77.359  335000
77.3599  838000
77.3661  335000
77.3742  842080
77.4779  333250
77.486  335000
77.5671  335000
77.6119  865522
77.6389  862800
77.6529  335000
77.6989  838000
77.7218  838000
77.7471  822242
77.76  838470
77.7681  1090460
77.7822  832420
77.8449  832420
77.8642  941360
77.898  877494
77.9169  1284091
77.945  1043720
77.9591  838000
77.9679  329250
78.0001  858504
78.0849  1087305
78.0869  838000
78.12  912800
78.177  1036040
78.2552  1030800
78.2568  335000
78.265  335000
78.289  879776
78.3629  956000
78.4321  922526
78.449  838000
78.459  335000
78.4931  855730
78.521  1010580
78.5341  889440
78.5379  995760
78.5382  335000
78.5391  878052
78.563  979440
78.5818  842075
78.5999  335000
78.615  838000
78.6769  887360
78.7261  335000
78.758  867720
78.774  967347
78.7771  335000
78.7818  838000
78.8901  862480
78.9089  947680
78.943  261750
78.944  935580
79.0029  335000
79.02  949424
79.0348  850656
79.0901  335000
79.1461  943584
79.19  1069540
79.211  834926
79.252  760086
79.262  335000
79.2949  833660
79.334  335000
79.4339  1040060
79.437  332250
79.448  863039
79.4549  941440
79.4849  1036040
79.5631  876128
79.6061  838000
79.704  915129
79.7119  360750
79.7291  863855
79.771  957040
79.89  952240
79.9279  873780
79.952  885084
79.9649  335000
80.019  959040
80.0581  1054182
80.0591  878052
80.0788  1006560
80.096  951840
80.106  1074900
80.265  972640
80.2889  878736
80.292  945440
80.312  961760
80.4441  915600
80.519  993040
80.5352  915825
80.5519  933240
80.5571  855608
80.5762  335000
80.6379  898746
80.662  1007900
80.6692  953600
80.6971  335000
80.703  893019
80.7981  988960
80.801  927680
80.9331  993040
80.956  891040
81.0719  1080015
81.0812  948466
81.1489  875162
81.1608  954960
81.1841  255250
81.1861  310000
81.187  922176
81.1901  302750
81.275  924664
81.2781  903477
81.279  984156
81.2838  936960
81.295  889675
81.393  957040
81.4731  930448
81.5151  886677
81.531  335000
81.5401  903280
81.5568  838000
81.5961  271250
81.815  934560
81.8968  907911
81.903  871312
81.913  723872
81.9721  950800
81.979  948848
81.98  275250
81.989  335000
82.2201  880268
82.2561  1087100
82.263  967200
82.274  1056936
82.3472  335000
82.3789  306750
82.546  1052120
82.5739  988960
82.5758  930700
82.6528  335000
82.725  955548
82.778  931040
82.8071  1030680
82.8252  946640
82.9298  975488
82.9482  911612
83.0059  991893
83.0989  949520
83.1039  1011920
83.1208  335000
83.1461  1003880
83.1499  848272
83.1518  917472
83.1671  893720
83.1709  975360
83.1752  958515
83.1952  914160
83.209  301250
83.2181  897840
83.2939  918718
83.3051  912068
83.4451  954960
83.492  1017980
83.4939  994400
83.508  959120
83.544  967209
83.7359  947260
83.812  312750
83.848  1126476
83.8959  1134640
83.9081  983742
83.9679  994400
83.9722  942720
83.9891  334250
84.089  1093702
84.1701  1028000
84.208  938640
84.2309  1092320
84.307  954960
84.347  1160660
84.3639  984636
84.3689  335000
84.4991  977910
84.5001  991680
84.6028  838000
84.6281  335000
84.7208  1131684
84.8711  1023112
84.883  1108274
84.9299  937052
84.9528  995760
85.0492  335000
85.073  918710
85.0809  923744
85.2759  989365
85.4051  335000
85.52  1032755
85.7961  990496
85.8071  1044080
85.875  976720
85.8829  1069540
85.897  312250
85.9489  1081216
85.952  995760
85.9668  990564
86.0949  1189118
86.4739  335000
86.4751  1045420
86.5281  854246
86.571  1006560
86.7598  1005220
86.8011  335000
86.9191  335000
87.064  984249
87.219  1051040
87.224  1016760
87.568  1089706
88.098  1006560
88.213  985794
88.2812  335000
88.2981  1037380
88.335  1116128
88.5551  300250
88.634  1189118
88.762  1037380
88.912  1007900
89.0019  335000
89.0729  1106280
89.3741  1184780
89.3829  1189118
89.534  1034244
89.726  922740
89.7911  335000
89.963  1010580
90.167  334500
90.2719  1050780
90.6632  1089552
90.7381  480194
90.862  1068200
90.873  959120
90.9739  1040060
90.9932  335000
91.078  1152620
91.1372  1072360
91.145  335000
91.5551  1080015
91.7339  1038720
92.1471  1094981
92.2279  1189118
92.3581  1044578
92.5381  1080015
92.6361  1158408
92.752  1105422
92.8421  1068200
92.8571  1234421
92.895  1213224
93.3471  1142480
93.3599  335000
93.6329  950800
94.0259  1059216
94.228  1115370
94.5048  1084875
94.579  1101000
94.852  156660
95.0849  290000
95.6159  1220960
95.737  960400
96.416  1218284
96.837  1221432
97.0089  1176462
97.5959  1202176
97.96  1177308
98.5091  335000
99.653  1221643
101.877  1189118
102.821  1189118
107.433  1189118
111.812  1189118
114.587  1189118
115.355  1189118
115.632  1189118
115.858  1196840
116.38  1189118
117.039  1189118
121.387  1220342
122.361  1212536
136.088  2073600
