4.89593  94080
5.41091  99840
5.46002  93840
5.548  115540
5.60713  125156
5.63097  94080
5.67603  124200
5.71585  125156
5.73397  125156
5.87416  124620
5.87893  130000
5.90277  130000
5.9371  130000
5.93805  124620
5.95021  130000
5.96094  130000
5.9731  130018
5.99384  124620
6.02794  130018
6.0761  130000
6.09016  130000
6.10209  130000
6.10709  115540
6.1121  130018
6.11711  130000
6.13117  125156
6.16908  130000
6.16908  130000
6.17409  124620
6.17909  130000
6.18196  123424
6.1841  130000
6.20699  130000
6.21009  130000
6.21486  130000
6.21605  130000
6.217  102480
6.22082  130000
6.22201  130000
6.22582  92880
6.2511  130000
6.27995  130000
6.29592  130000
6.3529  131580
6.37817  130018
6.39606  124620
6.40798  130000
6.41489  130000
6.41608  130000
6.42514  125156
6.43206  130018
6.43492  130780
6.44183  130000
6.46687  130000
6.48689  130000
6.50692  130000
6.51002  125222
6.52003  117120
6.52194  125156
6.52289  124200
6.52695  130000
6.54793  92880
6.55413  143520
6.567  130000
6.56915  130018
6.58107  130018
6.58107  137016
6.603  126699
6.60515  130000
6.61087  115540
6.61612  130780
6.61802  130000
6.62494  130000
6.62804  130000
6.63209  130000
6.639  125156
6.6421  93840
6.65188  130000
6.65212  130018
6.65307  89280
6.66499  126699
6.67596  125222
6.68406  130018
6.68597  130000
6.69312  130000
6.70099  99600
6.70195  130000
6.7029  130000
6.70314  130018
6.7122  94080
6.73103  130000
6.73985  102000
6.74391  125156
6.74796  137016
6.75917  130018
6.75988  125222
6.76417  125222
6.77299  130000
6.77609  130000
6.77681  130000
6.77896  143520
6.78301  89280
6.78706  102000
6.78992  130000
6.79588  124620
6.8109  89280
6.8109  96000
6.81114  130780
6.81186  89280
6.81686  146874
6.81996  130000
6.83117  130000
6.8419  130000
6.8419  130000
6.845  130000
6.8531  102240
6.85406  130000
6.85501  125222
6.85501  130000
6.85787  130000
6.85787  96000
6.86002  130000
6.86884  130000
6.87385  94800
6.87695  130000
6.89292  102000
6.89292  130000
6.89387  130000
6.89697  130780
6.90103  99840
6.90293  130000
6.91009  96000
6.91104  125156
6.91223  130000
6.91295  130000
6.91319  130000
6.91605  96000
6.93583  130000
6.93798  130000
6.93989  130000
6.94394  130000
6.94895  124200
6.95109  117120
6.9561  130000
6.96111  130000
6.96301  95040
6.96707  130000
6.96898  130000
6.97589  130000
6.97684  130000
6.98113  130000
6.98686  130000
6.99687  146874
6.99902  130000
6.99902  130000
7.00593  130000
7.00808  130018
7.00903  130000
7.01499  125156
7.01809  130000
7.02095  130000
7.02405  130000
7.02596  130000
7.02882  119520
7.03192  130000
7.03883  117920
7.04098  130000
7.04288  130000
7.04598  130000
7.04598  94560
7.04694  99600
7.0529  154422
7.056  130000
7.056  130000
7.05791  163440
7.06697  130000
7.07388  163440
7.07793  130018
7.07984  130000
7.08103  96960
7.08389  130780
7.08604  130000
7.09009  130780
7.09105  117920
7.09105  130000
7.10416  130000
7.11107  130000
7.11703  130780
7.12085  130000
7.12299  166560
7.12395  125156
7.12609  130000
7.128  130000
7.13611  130000
7.1559  130320
7.1609  130000
7.16114  130000
7.17998  111800
7.18403  130000
7.1981  130000
7.2031  130000
7.20501  130000
7.21192  110925
7.22313  130000
7.22718  126699
7.2279  130000
7.22814  130000
7.23791  94560
7.24006  130000
7.26795  130000
7.2751  130000
7.29799  130780
7.30205  117920
7.30801  130000
7.31802  130000
7.32708  130000
7.33113  130000
7.33399  130000
7.33399  130000
7.33709  111800
7.34282  130000
7.35998  130000
7.36213  166320
7.36713  129360
7.36809  130000
7.37309  130018
7.37405  130018
7.37596  110925
7.38192  130018
7.38406  130000
7.39193  130000
7.39217  177600
7.40194  130018
7.40504  115540
7.411  168240
7.41196  111800
7.41601  130000
7.42006  126090
7.44295  163440
7.44605  131580
7.4482  130000
7.45511  111800
7.45606  111800
7.47395  111800
7.47895  130000
7.48014  177600
7.48301  130000
7.48491  130000
7.48706  130000
7.50899  130000
7.51209  143520
7.51281  154422
7.51805  130000
7.51901  130000
7.52306  130000
7.53093  113280
7.53093  117920
7.53307  130000
7.53593  111800
7.53808  130000
7.53903  130000
7.54595  127200
7.55  130000
7.55286  111800
7.55692  111800
7.56502  117822
7.56693  130000
7.57289  125156
7.57504  130000
7.58004  111800
7.58004  94080
7.58195  130000
7.58696  110925
7.58982  111800
7.59006  130000
7.59482  115540
7.59912  168240
7.60102  130000
7.60102  130000
7.60198  117920
7.60603  177600
7.61294  130000
7.61914  130000
7.6232  130000
7.62391  130000
7.6251  153840
7.62916  117822
7.63106  130000
7.63202  125156
7.63702  168240
7.63988  126000
7.64108  115920
7.64394  117822
7.64704  124620
7.65085  130000
7.66206  166320
7.67183  177600
7.67207  143520
7.67708  117822
7.68399  115540
7.69591  177600
7.69877  130000
7.70092  130000
7.70307  110925
7.70307  177600
7.71403  168240
7.71594  177600
7.72119  177600
7.7219  130000
7.72381  177600
7.72595  128880
7.72619  130000
7.73311  127200
7.73311  130000
7.74193  117920
7.74717  122695
7.74908  130000
7.75099  130018
7.7579  111800
7.75909  166320
7.76601  146874
7.77602  111800
7.78198  130000
7.78484  117822
7.79104  168240
7.79295  163440
7.80106  177600
7.80392  155040
7.81488  130000
7.81512  177600
7.81894  124200
7.82394  177600
7.82609  124200
7.84087  177600
7.84111  111800
7.84111  131580
7.84492  130000
7.86495  166560
7.86901  123424
7.87115  154422
7.88999  130000
7.88999  177600
7.89499  125156
7.9031  130000
7.90715  124200
7.90787  177600
7.91407  130000
7.91597  130000
7.91693  125156
7.92789  177600
7.9329  124200
7.9329  154422
7.93791  120393
7.9391  116679
7.93982  124200
7.94005  137016
7.94101  177600
7.94888  177600
7.95007  117920
7.95102  124200
7.95984  131580
7.96199  177600
7.96294  177600
7.9639  130000
7.967  124200
7.967  130000
7.98488  125156
7.98821  126699
7.99203  111800
7.99298  124200
7.99298  126699
7.99513  130000
7.99608  130000
8.00085  124200
8.0049  126000
8.00705  177600
8.008  130000
8.01277  177600
8.01301  130018
8.01587  130000
8.01802  166320
8.02302  124200
8.0359  177600
8.0409  126090
8.04496  130018
8.05497  125156
8.06189  177600
8.07309  146874
8.07595  124200
8.07881  130000
8.08001  130000
8.08501  130000
8.09216  154422
8.09216  177600
8.09789  177600
8.11005  115540
8.11315  130018
8.1141  130000
8.12101  123424
8.12912  124620
8.13293  130000
8.13317  130000
8.13603  113280
8.14414  99600
8.147  130000
8.1501  177600
8.15988  146874
8.16083  125156
8.17704  130780
8.18014  116679
8.183  166320
8.19397  125222
8.19802  173520
8.20184  166320
8.20708  177600
8.22306  124200
8.22306  130000
8.22687  137016
8.23307  130000
8.23784  154422
8.23903  166320
8.23998  130000
8.255  126699
8.2581  130000
8.26192  130000
8.26287  125156
8.26907  177600
8.28791  163440
8.29387  130000
8.29506  130000
8.29697  166320
8.29887  126699
8.31199  130000
8.31294  133358
8.32105  177600
8.32701  124620
8.32891  111800
8.33416  125818
8.33488  124200
8.33702  130000
8.34084  130000
8.34107  126699
8.35085  125156
8.36492  117920
8.36611  130000
8.36706  166320
8.37016  130000
8.37302  125156
8.37302  143520
8.38995  130000
8.3921  143520
8.39305  131580
8.39496  125156
8.40592  130000
8.41212  124200
8.41498  115540
8.42214  130000
8.42404  125156
8.43406  130000
8.43501  130780
8.43596  177600
8.44002  124200
8.45504  123424
8.45718  168240
8.461  131580
8.4672  166320
8.4691  124200
8.47602  177600
8.47697  157544
8.47912  166320
8.48198  130000
8.48985  130000
8.49104  163440
8.49509  130000
8.5001  133200
8.50201  163440
8.5032  163440
8.50797  131520
8.51512  125156
8.52084  177600
8.52203  177600
8.52489  177600
8.52799  137016
8.52895  134964
8.52895  146874
8.55303  177600
8.55684  130000
8.55684  130018
8.56185  139200
8.56304  125222
8.56304  130000
8.569  177600
8.57091  146874
8.57806  130000
8.58402  177600
8.59404  177600
8.5969  124200
8.60095  173520
8.61001  177600
8.61406  130000
8.61788  130000
8.62694  124620
8.62908  166320
8.62908  177600
8.63385  177600
8.63409  137016
8.64196  143520
8.64506  130000
8.64697  130000
8.64697  146874
8.6472  146874
8.65197  126900
8.65293  166320
8.65722  144000
8.66389  146874
8.66508  130000
8.68392  177600
8.68511  130000
8.68607  124200
8.7049  122880
8.7049  177600
8.708  154422
8.71015  177600
8.71587  117120
8.71611  130000
8.72397  177600
8.72612  143520
8.72684  177600
8.73423  128044
8.75092  124620
8.75592  130000
8.76713  130000
8.76808  177600
8.77309  130018
8.7781  177600
8.77905  137016
8.78096  166320
8.78191  130780
8.79622  102000
8.80289  166320
8.80599  173520
8.811  177600
8.81696  177600
8.82602  130018
8.82721  130320
8.83007  111690
8.8439  130000
8.8501  134964
8.85081  166320
8.85201  130000
8.8551  130018
8.85701  130018
8.86989  126699
8.87609  130000
8.87704  116679
8.88801  177600
8.89397  91440
8.89802  130000
8.90088  130000
8.90398  130000
8.90398  166320
8.90422  126699
8.90708  129759
8.91995  144000
8.92901  130000
8.93092  177600
8.94308  137016
8.94785  130000
8.95  150720
8.96001  130000
8.97193  124620
8.97384  115540
8.97598  102000
8.97694  130000
8.98194  130780
9.00006  91200
9.00197  144000
9.02796  130018
9.03702  130000
9.03893  130000
9.06205  161980
9.08303  130000
9.08399  177600
9.08494  150720
9.08899  92880
9.09781  130780
9.10902  125156
9.10997  102000
9.11403  144000
9.11593  176904
9.11617  177600
9.11713  177600
9.12786  130000
9.13191  137016
9.13215  130000
9.14311  153840
9.14311  177600
9.14693  117120
9.15098  102000
9.15623  137016
9.161  130000
9.16696  113280
9.17602  126699
9.18102  130018
9.19008  177600
9.20391  177600
9.20486  130000
9.20892  177600
9.21679  177600
9.22203  111800
9.22298  130000
9.22608  130000
9.22704  177600
9.2361  163440
9.24015  130000
9.2411  130000
9.24301  124620
9.24397  130000
9.24397  140880
9.27711  144000
9.28092  143760
9.28211  154422
9.28688  122695
9.28712  108480
9.28807  137016
9.28998  166320
9.29117  130000
9.29999  130018
9.3019  130000
9.30309  130000
9.3081  131580
9.31096  102000
9.31406  157544
9.31597  102240
9.32097  130000
9.32503  140880
9.34505  154422
9.35602  157544
9.35912  137016
9.36794  137016
9.39608  130000
9.40585  102000
9.40609  130000
9.41491  137016
9.43112  173520
9.43398  177600
9.43589  127200
9.444  130000
9.44495  140880
9.44805  117920
9.45902  116679
9.45997  166320
9.48596  117822
9.48906  177600
9.49597  177600
9.49693  102000
9.50122  99840
9.50193  130000
9.50384  140880
9.50599  111800
9.52101  166320
9.53197  157544
9.53794  163440
9.54604  126699
9.54986  130000
9.55105  130000
9.55415  177600
9.55915  130018
9.57108  130000
9.57322  124200
9.57394  99600
9.58204  102000
9.60398  140880
9.61304  124620
9.62615  125156
9.63616  177600
9.64093  126699
9.64212  166320
9.64284  89280
9.64713  130000
9.64904  163440
9.65095  115540
9.65214  89280
9.6581  177600
9.66287  130000
9.66811  166320
9.66883  124200
9.67407  146874
9.69505  166320
9.70006  166320
9.70006  166320
9.70483  166320
9.70602  143760
9.71198  89280
9.71293  177600
9.71913  153600
9.72199  163440
9.727  111800
9.73988  117920
9.74107  130018
9.74107  177600
9.74202  111800
9.74298  166320
9.74417  155040
9.76491  125156
9.7661  166320
9.76896  166320
9.77588  177600
9.77898  130000
9.78613  124200
9.79209  93840
9.79519  166320
9.80902  92400
9.82618  130000
9.82714  92880
9.82904  95040
9.83787  177600
9.83882  92400
9.84287  89280
9.85098  177600
9.85217  166320
9.86195  130000
9.86385  124200
9.86409  163440
9.86791  102000
9.87101  177600
9.87196  163440
9.87601  130000
9.87601  157680
9.88007  102240
9.88197  166320
9.88889  166320
9.89294  89280
9.89604  117920
9.902  166320
9.91201  89280
9.91797  124200
9.91988  166320
9.92393  126558
9.92799  130000
9.92799  177600
9.94301  166320
9.94587  166320
9.95398  89280
9.95493  166320
9.95803  130000
9.96304  154422
9.9659  92880
9.96614  166320
9.974  146874
9.98402  94800
9.98497  163440
9.98807  166320
9.99188  177600
9.99403  125280
9.99403  177600
9.99498  177600
9.99594  89280
9.99808  177600
9.99904  130000
10.0029  177600
10.004  166320
10.01  102000
10.01  130000
10.01  168240
10.015  166320
10.016  166320
10.021  89280
10.025  168240
10.026  177600
10.0288  166320
10.0291  166320
10.0338  166320
10.036  177600
10.0362  117822
10.0369  153360
10.0398  117920
10.04  130000
10.04  166320
10.042  168240
10.0429  166320
10.0448  166320
10.0451  166320
10.046  91200
10.0482  118560
10.0491  126090
10.0498  177600
10.051  166320
10.056  177600
10.062  131580
10.067  117920
10.067  89280
10.0701  115920
10.072  166320
10.072  177600
10.0729  89280
10.0729  96000
10.0732  102720
10.076  154422
10.083  102000
10.0849  177600
10.092  166320
10.092  96000
10.0951  89280
10.0992  130000
10.1011  166320
10.103  166320
10.1089  166320
10.1109  177600
10.114  95040
10.1161  177600
10.118  177600
10.1321  152160
10.133  166320
10.1371  130018
10.139  177600
10.144  166320
10.1449  177600
10.1531  130018
10.155  91440
10.1581  108480
10.159  130000
10.169  130000
10.169  204240
10.1738  177600
10.174  166320
10.175  177600
10.179  166320
10.1831  95040
10.184  177600
10.1881  166320
10.1881  94800
10.1929  96000
10.2041  177600
10.2048  163440
10.205  102720
10.206  96000
10.21  95040
10.211  168240
10.211  176904
10.2122  94560
10.2129  168240
10.215  130000
10.216  154422
10.2201  146874
10.2241  96000
10.226  126699
10.236  239200
10.241  177600
10.2439  95040
10.2479  177600
10.252  146874
10.2561  154422
10.2568  103920
10.2589  177600
10.2599  166320
10.2608  111690
10.2611  177600
10.2611  177600
10.2639  177600
10.2649  94800
10.2661  125156
10.267  146874
10.267  89280
10.272  163440
10.2732  168240
10.278  117920
10.2789  173118
10.2792  177600
10.2818  166320
10.2861  95040
10.289  96000
10.2921  166320
10.293  115920
10.294  126699
10.2999  96000
10.3049  154422
10.308  177600
10.309  127920
10.3142  154422
10.3149  177600
10.319  173520
10.319  96000
10.3259  111800
10.3328  166320
10.3331  177600
10.3362  124200
10.34  113280
10.3421  166320
10.3428  154422
10.3431  177600
10.3469  130000
10.355  111800
10.3569  177600
10.3571  111800
10.3571  99600
10.359  166320
10.3629  177600
10.3631  177600
10.3722  177600
10.3741  239200
10.375  96960
10.3769  177600
10.3772  177600
10.39  96000
10.3979  177600
10.406  177600
10.4091  126699
10.412  117920
10.4139  115920
10.4148  177600
10.417  177600
10.4191  177600
10.4198  110925
10.421  137016
10.4239  177600
10.4299  163440
10.4308  166320
10.438  119520
10.442  166320
10.442  177600
10.447  143520
10.448  109920
10.4518  177600
10.4561  128880
10.4599  117920
10.4601  118560
10.4642  177600
10.4649  177600
10.4651  154422
10.468  130000
10.4699  177600
10.473  96960
10.474  113280
10.474  130000
10.4749  163440
10.4771  115920
10.484  117822
10.4849  177600
10.4861  95040
10.4871  124200
10.499  124620
10.5002  177600
10.5021  177600
10.5071  135120
10.5081  117920
10.5102  166320
10.5109  166320
10.5121  177600
10.514  166320
10.5231  163440
10.525  174000
10.5269  130000
10.5281  99600
10.53  177600
10.5319  130000
10.5331  117920
10.5371  177600
10.5391  94560
10.541  177600
10.5412  115540
10.5419  177600
10.5469  110925
10.5469  177600
10.5472  115920
10.5491  173520
10.551  163440
10.5519  163440
10.5519  177600
10.56  130000
10.566  177600
10.5669  130320
10.5669  177600
10.5681  130000
10.57  111800
10.5729  177600
10.5729  177600
10.577  173520
10.577  177600
10.5779  177600
10.5789  163440
10.5791  96000
10.582  99840
10.5829  130000
10.5841  130000
10.5848  177600
10.592  166320
10.5939  125156
10.5948  177600
10.5951  125156
10.5951  154422
10.596  111800
10.5989  111800
10.6039  130000
10.6051  146874
10.6058  99600
10.607  177600
10.6089  177600
10.6091  177600
10.6101  130000
10.6101  177600
10.6101  99600
10.6111  111800
10.613  177600
10.6151  166320
10.6189  177600
10.6311  124200
10.6339  124200
10.637  177600
10.643  166320
10.6461  177600
10.649  163440
10.649  177600
10.654  115920
10.654  115920
10.6571  130000
10.6668  166320
10.669  110925
10.6721  173520
10.674  177600
10.6881  173520
10.6962  137016
10.6971  146874
10.6971  154422
10.6971  177600
10.7  102240
10.7  129360
10.7019  177600
10.7031  110925
10.71  116679
10.7119  167760
10.7138  111800
10.7222  124200
10.7272  117920
10.7319  146874
10.736  166320
10.7369  124620
10.7431  177600
10.745  177600
10.7529  177600
10.7541  177600
10.7591  125156
10.7598  117822
10.761  130000
10.761  177600
10.761  177600
10.7639  173520
10.7698  124620
10.772  177600
10.7739  177600
10.7751  111800
10.782  124200
10.7839  177600
10.787  146874
10.7908  166320
10.792  177600
10.7961  130000
10.7961  146874
10.802  130000
10.8049  177600
10.808  166320
10.808  177600
10.8099  130000
10.8142  131580
10.8151  177600
10.824  117920
10.8278  130000
10.829  124620
10.829  126000
10.8299  130000
10.8349  143520
10.8352  127506
10.8371  117920
10.8371  133358
10.839  177600
10.8459  173520
10.8461  117822
10.85  111800
10.8511  111800
10.854  95040
10.8559  111800
10.8559  117920
10.86  131580
10.8631  124200
10.864  117920
10.8659  111800
10.8659  177600
10.869  157544
10.87  117920
10.8719  130000
10.875  117920
10.8869  111800
10.8941  117920
10.8988  173520
10.8998  124200
10.9031  110925
10.905  115920
10.905  117920
10.906  177600
10.9081  177600
10.911  124200
10.911  130000
10.9122  111800
10.921  117920
10.9239  115920
10.9241  117920
10.9279  117822
10.9279  117920
10.931  126699
10.9329  116679
10.9329  130000
10.9341  110925
10.936  117920
10.936  126699
10.9408  119520
10.9448  174000
10.9489  130000
10.9499  111800
10.952  177600
10.9539  124200
10.9551  177600
10.956  124200
10.957  117822
10.963  177600
10.9651  129759
10.9699  161980
10.9742  123424
10.9749  124200
10.983  111800
10.9832  150720
10.9861  118864
10.9928  111800
10.993  143520
10.9971  146874
10.998  177600
11.004  111800
11.009  115920
11.0099  113280
11.0171  124200
11.019  148332
11.023  131580
11.024  111800
11.039  125156
11.0412  168240
11.0419  111800
11.0481  111800
11.049  131580
11.054  115540
11.0619  124620
11.0662  163440
11.0672  116679
11.0729  168240
11.0741  111800
11.08  177600
11.081  117822
11.081  177600
11.0829  124620
11.0989  124620
11.0998  126000
11.1001  124620
11.1091  125156
11.111  148332
11.111  177600
11.112  115540
11.1129  161980
11.1139  115540
11.1139  177600
11.1191  134964
11.1198  125156
11.1229  124620
11.1258  117822
11.1279  130000
11.1308  111800
11.1339  111800
11.1351  130018
11.137  166320
11.1442  124620
11.1449  124200
11.1501  127920
11.1539  117822
11.1539  130780
11.1568  111800
11.1609  117822
11.1618  177600
11.163  130000
11.1639  146874
11.1659  117822
11.1659  125222
11.1661  177600
11.169  118560
11.1699  110925
11.173  115540
11.178  154422
11.183  168240
11.1849  177600
11.1871  124620
11.188  117822
11.1892  124200
11.1902  239200
11.199  146874
11.2  218160
11.2011  163440
11.205  130018
11.2128  115540
11.219  177600
11.22  150720
11.2228  177600
11.2259  117822
11.2259  177600
11.2269  177600
11.2281  115540
11.2321  117822
11.2388  117822
11.251  115920
11.2519  166320
11.2591  146874
11.265  117920
11.266  117822
11.2729  177600
11.2751  117920
11.2782  124200
11.2791  117920
11.282  239200
11.2851  115540
11.287  125156
11.2941  137016
11.297  124620
11.3039  124200
11.307  126000
11.3111  124620
11.312  117822
11.313  153840
11.322  115540
11.3239  146874
11.342  124200
11.343  124200
11.343  177600
11.348  130000
11.3518  131580
11.3521  137016
11.3528  115920
11.354  177600
11.3609  125156
11.3628  124200
11.363  177600
11.364  154422
11.3671  177600
11.368  124200
11.368  166320
11.368  231820
11.3728  124620
11.3759  115920
11.3819  111800
11.3831  117920
11.384  124200
11.3881  117920
11.3919  126699
11.3921  125156
11.3928  126000
11.3981  115920
11.3981  124620
11.4019  131280
11.404  117920
11.41  125156
11.415  111800
11.4191  124620
11.4231  124200
11.4231  126699
11.4269  130780
11.4269  239200
11.4331  125156
11.4381  124620
11.4439  115920
11.447  120393
11.4491  177600
11.451  146874
11.452  124620
11.4532  124620
11.456  124200
11.4598  111800
11.4601  117920
11.4748  124200
11.476  124200
11.477  126699
11.4832  126000
11.4849  177600
11.488  117920
11.488  131580
11.488  166320
11.4892  252843
11.493  124200
11.4961  117920
11.5011  177600
11.5149  124200
11.5161  130000
11.518  124200
11.5199  120240
11.524  177600
11.5249  177600
11.528  117920
11.5321  124200
11.5361  115920
11.5361  115920
11.538  130000
11.539  111800
11.5409  130320
11.543  124620
11.543  126699
11.543  166320
11.544  125156
11.5459  117920
11.5461  124620
11.549  117920
11.549  177600
11.559  116679
11.56  177600
11.5609  130000
11.5609  177600
11.5619  124620
11.5621  124620
11.5631  124620
11.5631  177600
11.564  124620
11.57  125156
11.5728  120240
11.575  222000
11.579  154422
11.579  157544
11.5831  125156
11.585  124200
11.586  177600
11.59  125156
11.596  124620
11.5979  130018
11.5991  177600
11.6019  117920
11.6041  126000
11.6069  177600
11.611  130000
11.6131  166320
11.616  239200
11.621  116679
11.6222  124200
11.6251  124200
11.6251  130000
11.6282  146874
11.637  130000
11.6382  126000
11.6389  124200
11.6391  120720
11.646  177600
11.6489  124200
11.656  117822
11.6589  176904
11.6639  177600
11.6639  177600
11.6701  111800
11.6801  124200
11.683  122695
11.6889  115920
11.6889  177600
11.6911  130018
11.6968  126699
11.698  111800
11.698  117920
11.698  135120
11.7002  125222
11.704  124200
11.7042  128044
11.7059  127920
11.7061  127200
11.7071  124200
11.708  115920
11.709  124620
11.7099  130000
11.7121  125156
11.713  124200
11.714  125156
11.714  126000
11.7149  124200
11.7149  130000
11.7168  111800
11.7171  124620
11.7199  166320
11.723  116679
11.7249  166320
11.73  120393
11.7331  130000
11.74  124200
11.744  237360
11.7481  120393
11.7509  130000
11.754  177600
11.7569  177600
11.7629  177600
11.765  144000
11.7791  137016
11.7829  131580
11.7838  144000
11.7841  177600
11.786  124200
11.7929  177600
11.796  177600
11.797  124200
11.8051  125156
11.806  115920
11.806  125156
11.812  111800
11.8141  125156
11.8148  177600
11.8189  120393
11.8229  117822
11.831  126000
11.831  126699
11.8341  123424
11.838  125156
11.847  177600
11.853  177600
11.8551  166320
11.858  125156
11.8601  124200
11.863  177600
11.8642  124200
11.874  130000
11.8761  124200
11.8771  130000
11.8892  131580
11.8899  126699
11.8909  126699
11.893  177600
11.8949  146874
11.8971  157544
11.8992  177600
11.904  126000
11.91  130000
11.91  177600
11.9162  131580
11.9169  177600
11.92  125156
11.92  177600
11.9209  131580
11.9219  128427
11.929  177600
11.93  146874
11.9312  143520
11.935  134964
11.9371  128160
11.939  177600
11.94  130000
11.94  130780
11.9441  125156
11.946  166320
11.9469  177600
11.9479  99600
11.9522  131580
11.9591  152160
11.96  124200
11.9631  124200
11.97  177600
11.972  177600
11.9798  177600
11.981  125156
11.982  146874
11.986  166320
11.9929  116679
12.001  116679
12.0051  124200
12.0089  143520
12.0151  146874
12.0161  146874
12.018  177600
12.032  126090
12.0449  177600
12.0471  126000
12.0478  252843
12.0502  117822
12.0542  126699
12.0602  146874
12.063  124200
12.064  177600
12.0649  166320
12.074  137016
12.0831  130000
12.09  177600
12.094  177600
12.0959  177600
12.0959  177600
12.0971  124200
12.104  126960
12.116  137016
12.1219  146874
12.1269  130320
12.1288  126699
12.1291  177600
12.1439  177600
12.145  139200
12.15  128044
12.1541  122695
12.1591  131580
12.1591  177600
12.166  229914
12.1698  124200
12.171  144000
12.1889  154422
12.192  155040
12.1939  124620
12.1961  155040
12.197  130000
12.2192  173520
12.2199  124200
12.2299  166320
12.2299  177600
12.2311  116679
12.2371  144000
12.2399  126699
12.2409  124620
12.255  124200
12.2569  154422
12.2809  125156
12.2859  126699
12.289  124200
12.296  126699
12.2991  166320
12.3  146874
12.305  177600
12.31  173520
12.311  260880
12.315  124620
12.3181  146874
12.326  125156
12.3301  125156
12.3389  128044
12.3429  177600
12.3589  140880
12.3651  144000
12.3701  154422
12.373  177600
12.3749  124620
12.3792  176160
12.382  124200
12.3858  124200
12.393  177600
12.3971  171360
12.4018  131580
12.4042  135600
12.4071  137040
12.4109  146874
12.4121  130018
12.413  154422
12.419  161980
12.4271  177600
12.4319  126699
12.435  137016
12.435  140880
12.4629  154422
12.4638  144000
12.465  126699
12.476  124200
12.4769  177600
12.4819  124200
12.4838  137040
12.485  177600
12.4879  177600
12.49  152160
12.496  166320
12.4989  152160
12.502  177600
12.5079  143520
12.5079  177600
12.511  124200
12.512  125156
12.5182  126699
12.5239  126699
12.531  124200
12.538  124200
12.542  124200
12.543  177600
12.553  131580
12.5599  130780
12.5608  142080
12.5611  163440
12.563  177600
12.5661  124620
12.569  131580
12.5709  126699
12.5751  143520
12.584  126960
12.5842  292878
12.5849  126699
12.588  239200
12.594  143520
12.604  146874
12.6069  154422
12.6159  146874
12.6281  124200
12.63  126699
12.63  166320
12.6309  124200
12.6328  177600
12.646  143760
12.651  124200
12.651  143520
12.651  166320
12.6512  137016
12.6541  292878
12.66  146874
12.6669  166320
12.6672  177600
12.67  125156
12.677  166320
12.681  177600
12.6841  124200
12.6979  143520
12.7039  126699
12.728  137016
12.7411  177600
12.742  128044
12.7461  177600
12.7509  131580
12.7518  177600
12.754  177600
12.7602  131580
12.7621  166320
12.7659  126699
12.7659  177600
12.7671  143520
12.7721  146874
12.7721  166320
12.773  242160
12.774  124200
12.779  124200
12.7821  144000
12.7869  166320
12.79  163440
12.795  163440
12.805  143520
12.8059  153600
12.8081  143520
12.8112  128044
12.8138  154422
12.8171  150720
12.8171  166320
12.8191  131580
12.8191  168240
12.825  141120
12.8269  126699
12.8291  144000
12.831  128044
12.8419  177600
12.8438  126699
12.8438  146874
12.845  140880
12.8582  146874
12.8591  163440
12.8641  177600
12.867  153360
12.8741  163440
12.8851  177600
12.887  126699
12.8908  131580
12.8911  126699
12.8958  177600
12.902  137016
12.9082  131580
12.9139  143520
12.9259  163440
12.929  143520
12.9299  131580
12.9299  177600
12.9309  122695
12.9361  144000
12.9461  130780
12.9471  146874
12.949  146874
12.9528  177600
12.953  144000
12.9559  131580
12.9578  131580
12.959  177600
12.96  173520
12.9662  128044
12.9762  146874
12.9828  126699
12.985  134964
12.9852  239200
12.9881  131580
12.989  131580
12.989  154422
12.9912  143520
12.9931  146874
12.9931  146874
12.9972  157544
13  131580
13.005  177600
13.0079  131580
13.0141  166320
13.0148  173520
13.0181  146874
13.0229  166320
13.0241  166320
13.026  134964
13.027  137016
13.031  143520
13.0329  166320
13.0351  143520
13.0429  177600
13.0439  292878
13.0441  166320
13.0501  177600
13.057  131580
13.062  155040
13.062  161980
13.062  177600
13.0641  177600
13.0649  166320
13.0651  131580
13.0661  144000
13.0682  177600
13.0692  146874
13.072  126699
13.083  166320
13.0839  166320
13.0858  177600
13.087  130320
13.0899  130780
13.0908  140880
13.0911  146874
13.0959  146874
13.1009  238320
13.1052  166320
13.1061  177600
13.114  177600
13.1142  134964
13.1161  131580
13.119  177600
13.1209  143760
13.124  292878
13.1311  166320
13.1321  177600
13.1361  173520
13.1381  163440
13.139  146874
13.1428  153600
13.1428  177600
13.1471  128044
13.16  177600
13.1629  166320
13.1631  154422
13.165  140880
13.166  292878
13.1841  144000
13.186  177600
13.1872  154422
13.1969  125156
13.2  133358
13.202  144000
13.202  292878
13.2031  154422
13.2079  126699
13.216  146874
13.217  177600
13.226  177600
13.232  166320
13.2351  135600
13.238  126699
13.2411  166320
13.242  177600
13.247  137016
13.247  153360
13.2651  166320
13.2699  131580
13.273  177600
13.274  205200
13.2751  177600
13.284  134964
13.3069  177600
13.3071  146874
13.3119  153600
13.3121  128044
13.315  176904
13.319  126699
13.32  292878
13.324  140880
13.324  177600
13.3269  153600
13.3328  177600
13.334  137016
13.334  154422
13.335  146874
13.3381  177600
13.339  137016
13.341  137016
13.341  150720
13.341  177600
13.3429  166320
13.3519  157544
13.3538  117920
13.36  144000
13.3619  177600
13.3631  144000
13.3641  144000
13.3669  146874
13.3729  126699
13.3729  150720
13.3779  239200
13.3851  137016
13.3879  163440
13.3922  166320
13.3939  144000
13.3939  166320
13.396  126699
13.397  177600
13.397  292878
13.4091  166320
13.4161  177600
13.4199  177600
13.4261  144000
13.432  210000
13.433  135600
13.433  166320
13.433  177600
13.4339  166320
13.4361  166320
13.438  131580
13.4392  150720
13.442  177600
13.443  177600
13.4542  146874
13.4599  177600
13.4671  135600
13.4671  166320
13.4671  177600
13.468  111690
13.4721  144000
13.4749  177600
13.4749  177600
13.4809  166320
13.4971  166320
13.4981  144000
13.505  126699
13.505  292878
13.51  137016
13.5138  166320
13.515  177600
13.525  166320
13.5322  177600
13.54  150720
13.541  177600
13.546  166320
13.551  140880
13.556  146874
13.566  126699
13.566  128044
13.5682  135600
13.572  137016
13.5751  166320
13.5779  177600
13.5789  135600
13.5808  177600
13.582  137016
13.5839  177600
13.5849  166320
13.586  177600
13.588  137016
13.5911  166320
13.6011  166320
13.6039  177600
13.6049  137016
13.6049  166320
13.6099  177600
13.6101  177600
13.6142  177600
13.6189  166320
13.6349  163440
13.6359  166320
13.6361  177600
13.6371  126699
13.6371  166320
13.639  177600
13.6411  166320
13.6421  137016
13.643  239200
13.649  126699
13.6528  135600
13.66  166320
13.6602  157544
13.6659  177600
13.6678  177600
13.6709  137016
13.6721  166320
13.6728  153360
13.6731  177600
13.675  166320
13.675  177600
13.684  137016
13.6859  137016
13.695  126699
13.7069  135600
13.7131  137016
13.721  154422
13.7239  177600
13.726  166320
13.7269  154422
13.7269  177600
13.7279  137016
13.73  137016
13.7339  137016
13.736  177600
13.737  137016
13.737  154422
13.737  177600
13.7379  177600
13.7391  140880
13.7439  239200
13.747  177600
13.7491  124620
13.751  166320
13.7582  166320
13.762  177600
13.7661  166320
13.7689  166320
13.7711  137016
13.772  137016
13.7751  177600
13.7811  135600
13.782  177600
13.783  166320
13.7839  166320
13.7858  135600
13.7889  154422
13.7899  166320
13.793  166320
13.7951  166320
13.7959  166320
13.7961  135600
13.804  135600
13.8049  146874
13.808  137016
13.8121  155040
13.814  137016
13.8218  166320
13.8221  177600
13.824  146874
13.8249  177600
13.828  146874
13.828  154422
13.828  177600
13.8319  166320
13.834  157544
13.835  177600
13.8359  140880
13.839  155040
13.84  140880
13.8409  166320
13.8462  140880
13.8462  166320
13.8521  166320
13.8521  177600
13.855  166320
13.855  168240
13.8559  154422
13.8638  177600
13.864  154422
13.865  166320
13.8659  166320
13.869  177600
13.8741  177600
13.8781  177600
13.8791  177600
13.885  177600
13.8869  154800
13.8898  166320
13.895  239200
13.896  154422
13.901  166320
13.907  166320
13.911  146874
13.912  137016
13.912  177600
13.9141  166320
13.9151  154422
13.916  143520
13.917  130780
13.917  166320
13.922  166320
13.922  292878
13.927  166320
13.927  166320
13.9291  137016
13.9308  252843
13.9339  177600
13.9341  177600
13.9401  177600
13.941  166320
13.948  166320
13.9561  236640
13.957  166320
13.9589  166320
13.963  168240
13.963  177600
13.963  177600
13.972  140880
13.9761  154422
13.9802  117822
13.9821  111800
13.9861  166320
13.9871  166320
13.988  166320
13.989  154422
13.9899  144000
13.9899  154422
13.9899  173520
14.0009  168618
14.0018  166320
14.0049  154422
14.009  168240
14.0121  166320
14.015  177600
14.0209  154422
14.0212  252843
14.0231  163440
14.024  166320
14.0259  166320
14.0281  177600
14.0309  177600
14.0378  135600
14.0378  177600
14.0429  166320
14.0431  166320
14.044  177600
14.0462  146874
14.0469  177600
14.0471  163440
14.0491  154422
14.0591  166320
14.065  177600
14.0681  154800
14.071  154422
14.071  177600
14.071  177600
14.075  177600
14.0779  143520
14.0779  146874
14.0791  177600
14.0901  166320
14.092  166320
14.0932  163440
14.0932  177600
14.0939  177600
14.0948  135600
14.096  177600
14.0982  177600
14.0989  166320
14.101  154422
14.102  140880
14.1048  166320
14.106  177600
14.1089  154422
14.1101  177600
14.1141  140880
14.1149  177600
14.117  154422
14.1182  292878
14.1261  168240
14.127  177600
14.1301  177600
14.1311  166320
14.132  177600
14.1339  166320
14.1351  154422
14.142  177600
14.143  292878
14.1461  177600
14.1468  166320
14.147  166320
14.148  166320
14.149  245103
14.1499  177600
14.1511  140880
14.1511  166320
14.1542  177600
14.1561  154422
14.1568  168240
14.1571  154422
14.163  140880
14.163  292878
14.1652  177600
14.1668  154422
14.1699  177600
14.1709  173520
14.1721  154800
14.1728  144000
14.1799  177600
14.1802  154422
14.1809  154422
14.1821  155040
14.1828  126699
14.184  177600
14.1859  174000
14.1871  154800
14.189  177600
14.1931  177600
14.194  140880
14.195  177600
14.1978  177600
14.204  166320
14.205  168240
14.209  154422
14.209  166320
14.2109  146874
14.2109  177600
14.2119  154422
14.2128  177600
14.219  177600
14.225  177600
14.2269  177600
14.23  179335
14.231  154422
14.2322  154422
14.2329  146874
14.2338  166320
14.2341  177600
14.235  117920
14.2369  177600
14.2381  154422
14.2388  177600
14.2422  146874
14.2438  166320
14.25  176904
14.2531  168240
14.255  177600
14.2601  177600
14.261  177600
14.262  177600
14.2639  166320
14.2651  166320
14.2651  166320
14.266  176904
14.2691  154422
14.2701  166320
14.271  140880
14.272  177600
14.272  177600
14.276  168240
14.281  177600
14.2822  177600
14.287  174000
14.2889  166320
14.297  157544
14.3011  166320
14.3061  166320
14.312  177600
14.3189  166320
14.3199  166320
14.3201  154422
14.3218  177600
14.3249  127200
14.328  154422
14.329  292878
14.3321  130000
14.333  166320
14.3418  166320
14.3418  177600
14.3421  177600
14.3549  177600
14.3569  177600
14.358  177600
14.3609  177600
14.3659  166320
14.3669  154422
14.3709  166320
14.375  154422
14.3781  163440
14.3781  166320
14.38  177600
14.3809  177600
14.384  177600
14.3869  177600
14.3878  168240
14.3878  177600
14.389  168240
14.3929  150720
14.395  173520
14.396  166320
14.3971  166320
14.4012  177600
14.405  166320
14.411  177600
14.411  177600
14.4129  177600
14.4141  154422
14.4141  177600
14.416  166320
14.421  177600
14.4212  166320
14.4281  177600
14.432  177600
14.4322  154422
14.4341  177600
14.4351  239200
14.437  177600
14.4379  166320
14.4391  163440
14.441  154422
14.4429  177600
14.4441  166320
14.4451  130000
14.4479  166320
14.452  154422
14.4548  239040
14.462  154422
14.462  163440
14.4639  166320
14.4639  176904
14.467  166320
14.4689  163440
14.4699  177600
14.4701  177600
14.4701  177600
14.4749  143760
14.477  239200
14.478  154422
14.478  166320
14.4792  166320
14.488  177600
14.4892  177600
14.4908  177600
14.5001  168240
14.5001  177600
14.5092  166320
14.5092  237360
14.5099  163440
14.5109  177600
14.5121  166320
14.513  177600
14.5149  150720
14.5178  157680
14.5202  154422
14.5202  166320
14.5209  166320
14.5221  177600
14.524  177600
14.5249  117920
14.5261  166320
14.5361  163440
14.54  163440
14.5409  166320
14.5409  177600
14.5409  177600
14.5431  166320
14.5471  177600
14.5509  163440
14.554  166320
14.5631  177600
14.5631  177600
14.5741  154422
14.5791  166320
14.58  163440
14.5841  166320
14.5888  177600
14.5922  168240
14.596  177600
14.5969  163440
14.5981  177600
14.601  177600
14.6041  177600
14.607  163440
14.6079  166320
14.6091  171360
14.6101  165840
14.622  177600
14.6229  177600
14.6251  166320
14.631  177600
14.6329  166320
14.6348  166320
14.637  177600
14.6379  177600
14.6389  166320
14.642  177600
14.6451  166320
14.648  163440
14.652  161980
14.652  177600
14.653  154422
14.663  177600
14.6689  154422
14.6699  166320
14.673  153360
14.673  166320
14.679  177600
14.6809  166320
14.683  143760
14.6868  166320
14.6868  166320
14.6928  166320
14.6949  154422
14.7099  177600
14.7121  177600
14.715  163440
14.72  177600
14.7209  166320
14.724  166320
14.725  177600
14.729  166320
14.7331  166320
14.7381  177600
14.739  177600
14.739  177600
14.7419  177600
14.7429  156960
14.7438  177600
14.746  173118
14.7469  166320
14.7481  166320
14.751  177600
14.751  177600
14.7521  177600
14.755  177600
14.7562  177600
14.7581  166320
14.761  166320
14.766  177600
14.7672  161980
14.7719  166320
14.7719  177600
14.7748  177600
14.7748  177600
14.78  166320
14.7841  154422
14.7851  166320
14.7851  177600
14.7889  168240
14.7901  168240
14.791  177600
14.7929  177600
14.7929  177600
14.7941  157544
14.797  166320
14.7982  166320
14.7991  166320
14.7998  177600
14.8058  230880
14.807  166320
14.8079  130000
14.8091  177600
14.8098  177600
14.8139  179335
14.817  177600
14.8191  161980
14.8199  155040
14.822  166320
14.823  166320
14.827  166320
14.827  177600
14.828  177600
14.828  177600
14.828  292878
14.8299  154422
14.8299  177600
14.8301  177600
14.8308  177600
14.832  166320
14.8339  177600
14.8368  166320
14.8389  177600
14.842  177600
14.847  161980
14.8489  166320
14.8489  166320
14.8511  166320
14.852  89280
14.853  166320
14.8551  163440
14.864  166320
14.8659  177600
14.8699  166320
14.8702  177600
14.8702  179335
14.8711  177600
14.878  177600
14.8799  153600
14.8799  154422
14.8821  166320
14.8821  292878
14.8849  166320
14.8869  153600
14.8869  177600
14.89  177600
14.89  177600
14.8921  166320
14.8928  177600
14.895  177600
14.8962  124620
14.8981  166320
14.899  177600
14.9009  154422
14.9028  166320
14.904  166320
14.905  168240
14.9069  166320
14.909  166320
14.91  177600
14.9102  166320
14.9138  177600
14.9138  179335
14.914  166320
14.9181  177600
14.9209  177600
14.9229  177600
14.926  174000
14.926  177600
14.93  166320
14.9322  168240
14.935  166320
14.9381  166320
14.9391  166320
14.9391  177600
14.9422  166320
14.946  166320
14.9541  166320
14.957  166320
14.9591  166320
14.9601  177600
14.961  177600
14.962  209520
14.966  166320
14.966  252843
14.9689  166320
14.972  166320
14.972  166320
14.9729  166320
14.9741  177600
14.9791  166320
14.981  166320
14.9829  166320
14.9848  166320
14.9889  166320
14.9891  177600
14.991  166320
14.991  166320
14.992  166320
14.9939  177600
14.9951  166320
14.9958  166320
14.997  177600
14.9999  248400
15.0011  166320
15.0061  166320
15.008  166320
15.008  166320
15.0099  166320
15.0118  177600
15.013  166320
15.0132  166320
15.0161  168240
15.0161  168618
15.0161  177600
15.017  166320
15.0199  166320
15.0199  177600
15.0201  166320
15.0208  166320
15.023  166320
15.0259  177600
15.0261  168240
15.028  166320
15.029  166320
15.0311  166320
15.0311  177600
15.0321  166320
15.033  177600
15.0392  166320
15.0449  117920
15.0449  166320
15.0471  166320
15.0478  166320
15.048  166320
15.0499  177600
15.0511  166320
15.053  166320
15.0559  166320
15.059  166320
15.0609  177600
15.0619  177600
15.0621  166320
15.0621  177600
15.0661  166320
15.0678  166320
15.069  166320
15.069  166320
15.0712  166320
15.074  177600
15.075  177600
15.0762  166320
15.0771  163440
15.0771  166320
15.0781  166320
15.0809  163440
15.0809  177600
15.084  166320
15.084  166320
15.085  166320
15.0859  166320
15.089  166320
15.0909  166320
15.0919  166320
15.0928  166320
15.094  166320
15.094  177600
15.0959  177600
15.0981  166320
15.0988  166320
15.1  166320
15.1019  166320
15.1029  177600
15.1038  163440
15.111  166320
15.1141  166320
15.1169  166320
15.1181  177600
15.121  166320
15.1229  154422
15.1229  168240
15.1269  166320
15.1272  166320
15.1279  166320
15.1281  166320
15.1281  166320
15.13  166320
15.13  166320
15.131  166320
15.1322  177600
15.1339  166320
15.1379  166320
15.1379  166320
15.1379  177600
15.1391  177600
15.1401  166320
15.142  166320
15.1451  166320
15.147  166320
15.1491  154422
15.151  166320
15.1532  166320
15.1541  168618
15.1551  166320
15.1551  166320
15.156  166320
15.157  166320
15.1579  166320
15.161  166320
15.162  177600
15.162  177600
15.1629  168240
15.1639  154422
15.168  166320
15.168  166320
15.1689  177600
15.1711  166320
15.172  166320
15.173  166320
15.173  166320
15.1739  166320
15.1742  155040
15.1749  166320
15.177  166320
15.177  166320
15.1799  155040
15.183  166320
15.1851  166320
15.187  166320
15.187  177600
15.188  166320
15.188  168240
15.1889  166320
15.1889  166320
15.1889  166320
15.1908  166320
15.1911  177600
15.1932  166320
15.1939  166320
15.1939  179335
15.1949  292878
15.2032  166320
15.204  166320
15.2042  239200
15.2049  166320
15.2051  166320
15.2051  173520
15.2061  166320
15.213  166320
15.2161  166320
15.2168  163440
15.2171  166320
15.218  177600
15.2202  166320
15.2209  166320
15.2211  177600
15.224  166320
15.2242  166320
15.2259  163440
15.229  166320
15.229  166320
15.229  177600
15.2318  166320
15.233  166320
15.2349  166320
15.2349  166320
15.2349  166320
15.2352  177600
15.2359  166320
15.2361  166320
15.2361  177600
15.239  166320
15.239  177600
15.239  177600
15.2409  166320
15.2419  177600
15.2421  166320
15.2431  166320
15.2431  211680
15.2459  177600
15.249  177600
15.2509  173118
15.2519  177600
15.2521  166320
15.2571  166320
15.2581  177600
15.259  166320
15.259  168240
15.26  166320
15.26  292878
15.2602  166320
15.2609  177600
15.2621  166320
15.2659  166320
15.2669  155040
15.2671  166320
15.2681  166320
15.2681  166320
15.2681  166320
15.269  177600
15.2709  166320
15.2721  167760
15.274  155040
15.2769  166320
15.2769  166320
15.2771  166320
15.2779  166320
15.2779  292878
15.2788  166320
15.2822  177600
15.2841  154422
15.2879  173520
15.2881  166320
15.2891  166320
15.2931  166320
15.2972  177600
15.2979  166320
15.2988  166320
15.301  166320
15.301  166320
15.301  168240
15.3029  166320
15.3041  166320
15.3041  166320
15.3048  177600
15.306  177600
15.3072  177600
15.3081  166320
15.3089  166320
15.3089  168240
15.3129  177600
15.3131  166320
15.3141  166320
15.3151  166320
15.3151  166320
15.3151  166320
15.316  177600
15.317  166320
15.3179  177600
15.3182  177600
15.3189  166320
15.3191  166320
15.3191  166320
15.3198  166320
15.3248  163440
15.3251  166320
15.3251  177600
15.326  166320
15.327  166320
15.327  166320
15.3301  166320
15.332  166320
15.332  166320
15.3329  166320
15.3339  177600
15.3348  177600
15.3351  177600
15.336  166320
15.337  177600
15.341  177600
15.341  177600
15.342  166320
15.342  166320
15.343  177600
15.3458  166320
15.347  166320
15.3489  166320
15.3489  176904
15.3499  166320
15.3499  166320
15.3539  177600
15.3551  177600
15.357  166320
15.3592  166320
15.363  177600
15.3642  166320
15.3689  177600
15.3711  166320
15.3711  166320
15.3711  166320
15.372  154422
15.372  179335
15.373  166320
15.3761  166320
15.3761  166320
15.377  204000
15.378  177600
15.3809  177600
15.3849  166320
15.3852  177600
15.3859  166320
15.3859  177600
15.3911  166320
15.393  166320
15.393  177600
15.394  174000
15.3949  174000
15.3968  177600
15.398  173520
15.398  177600
15.399  177600
15.3999  177600
15.3999  177600
15.4002  177600
15.404  166320
15.404  166320
15.404  166320
15.4078  168240
15.408  168240
15.409  177600
15.4121  177600
15.4128  166320
15.414  177600
15.415  173520
15.415  177600
15.4152  177600
15.4178  177600
15.4181  166320
15.4181  166320
15.419  166320
15.419  168240
15.4209  166320
15.4221  177600
15.4231  177600
15.4238  177600
15.425  177600
15.425  177600
15.425  177600
15.4312  163440
15.4321  166320
15.4359  154422
15.439  166320
15.439  177600
15.439  177600
15.4419  168240
15.4419  177600
15.4431  166320
15.4431  177600
15.445  168240
15.4459  168240
15.4459  174000
15.45  166320
15.45  177600
15.451  177600
15.4531  166320
15.4569  177600
15.4569  177600
15.46  166320
15.46  173520
15.46  177600
15.461  168240
15.4619  177600
15.4622  153360
15.4622  177600
15.4631  163440
15.4691  177600
15.471  166320
15.475  166320
15.475  177600
15.476  163440
15.476  177600
15.4769  177600
15.481  176904
15.4822  163440
15.4829  177600
15.4831  177600
15.486  177600
15.4879  176904
15.4891  163440
15.4901  176904
15.491  177600
15.491  252144
15.492  177600
15.4929  177600
15.4941  166320
15.496  166320
15.4982  166320
15.4982  166320
15.506  177600
15.5072  166320
15.5089  177600
15.5091  163440
15.5139  177600
15.517  163440
15.521  166320
15.527  166320
15.527  176904
15.5282  168240
15.5289  177600
15.5308  163440
15.533  177600
15.5351  161980
15.5408  177600
15.5418  177600
15.5442  163440
15.5449  154422
15.5489  177600
15.552  177600
15.554  177600
15.554  177600
15.5561  168240
15.5571  166320
15.558  163440
15.5599  177600
15.5609  177600
15.5611  163440
15.5621  177600
15.5649  177600
15.5652  177600
15.5661  177600
15.5671  163440
15.5699  177600
15.574  173520
15.5752  174000
15.5771  177600
15.578  177600
15.578  177600
15.5811  177600
15.5818  173520
15.583  163440
15.583  177600
15.584  177600
15.5859  131580
15.5878  177600
15.5931  177600
15.5952  177600
15.6  177600
15.6019  177600
15.6021  177600
15.6028  174000
15.604  177600
15.6059  177600
15.6081  177600
15.6109  173520
15.6109  177600
15.6121  177600
15.6131  177600
15.614  167760
15.6181  163440
15.6181  177600
15.619  177600
15.6209  177600
15.6221  177600
15.6269  249360
15.6279  177600
15.631  173520
15.6322  154422
15.6331  143520
15.6338  177600
15.635  177600
15.6369  154422
15.6372  166320
15.6372  177600
15.6419  163440
15.6419  173520
15.6431  177600
15.6438  177600
15.6448  177600
15.645  177600
15.645  177600
15.646  163440
15.6491  154422
15.6498  177600
15.65  168240
15.65  177600
15.6529  177600
15.6541  177600
15.6569  177600
15.6569  177600
15.6569  292878
15.6589  177600
15.6591  177600
15.662  177600
15.6629  177600
15.6641  176904
15.667  167760
15.667  173520
15.667  177600
15.6741  292878
15.6751  177600
15.676  176904
15.677  177600
15.6779  177600
15.6791  177600
15.6791  177600
15.6801  177600
15.682  177600
15.6829  177600
15.6829  177600
15.6832  176904
15.6839  177600
15.6841  177600
15.686  177600
15.687  177600
15.687  177600
15.6879  177600
15.6879  232155
15.6908  177600
15.6929  177600
15.6949  177600
15.697  177600
15.6989  177600
15.7001  173520
15.702  174000
15.7039  177600
15.7042  173520
15.7051  177600
15.707  177600
15.7089  177600
15.7111  177600
15.7139  174000
15.7151  177600
15.7158  177600
15.717  177600
15.7192  177600
15.7199  177600
15.722  177600
15.7242  177600
15.7249  176904
15.7261  177600
15.7261  177600
15.728  177600
15.728  177600
15.7311  117822
15.734  176904
15.7342  154422
15.7368  177600
15.7371  177600
15.738  177600
15.739  177600
15.7411  177600
15.744  177600
15.7471  177600
15.7471  292878
15.749  163440
15.7499  174000
15.7509  176904
15.7511  176904
15.7521  177600
15.753  177600
15.754  292878
15.7578  177600
15.759  177600
15.7599  252843
15.7611  177600
15.765  177600
15.7671  177600
15.7671  177600
15.7719  177600
15.7719  177600
15.7719  177600
15.7721  177600
15.779  177600
15.7809  177600
15.7838  177600
15.784  177600
15.7859  177600
15.7869  179335
15.7878  173520
15.7881  177600
15.789  173520
15.79  177600
15.7909  292878
15.794  177600
15.7952  173520
15.7962  177600
15.8012  177600
15.8012  177600
15.8019  177600
15.8019  177600
15.8021  177600
15.8041  177600
15.806  177600
15.8062  177600
15.8069  177600
15.8072  177600
15.8072  177600
15.8079  177600
15.811  177600
15.811  177600
15.8141  177600
15.815  177600
15.816  177600
15.8179  177600
15.8181  161980
15.8191  177600
15.8231  177600
15.825  177600
15.826  177600
15.8269  177600
15.8291  177600
15.83  177600
15.83  177600
15.83  177600
15.8319  177600
15.8329  177600
15.835  177600
15.836  177600
15.836  177600
15.836  177600
15.8379  177600
15.8401  177600
15.8401  177600
15.841  177600
15.842  177600
15.8429  173520
15.8439  177600
15.8439  177600
15.8451  177600
15.847  173520
15.847  177600
15.847  177600
15.8479  177600
15.8482  177600
15.8491  177600
15.8501  177600
15.851  177600
15.8539  168240
15.856  177600
15.857  177600
15.8572  177600
15.8598  177600
15.862  177600
15.862  177600
15.8629  177600
15.8629  177600
15.8632  292878
15.8641  177600
15.8651  177600
15.867  177600
15.8679  177600
15.8689  177600
15.871  174000
15.871  177600
15.872  177600
15.872  177600
15.872  177600
15.873  177600
15.8761  177600
15.8761  177600
15.8768  177600
15.8799  177600
15.8801  174174
15.882  239200
15.887  174000
15.888  177600
15.8882  177600
15.8901  177600
15.892  176904
15.893  177600
15.902  177600
15.9039  177600
15.908  177600
15.9099  177600
15.9111  177600
15.9111  177600
15.9121  177600
15.9149  177600
15.9152  177600
15.918  177600
15.9199  176904
15.9211  177600
15.9252  177600
15.929  177600
15.9292  177600
15.9299  173520
15.934  177600
15.9371  177600
15.939  177600
15.939  177600
15.939  177600
15.939  177600
15.9402  177600
15.9409  177600
15.9409  177600
15.945  177600
15.9469  177600
15.9471  176904
15.9471  177600
15.95  177600
15.95  177600
15.9519  177600
15.9538  177600
15.9559  177600
15.959  174000
15.9609  177600
15.9609  269730
15.9621  177600
15.9659  177600
15.9659  177600
15.9681  177600
15.97  177600
15.9719  174174
15.974  177600
15.976  177600
15.98  177600
15.98  177600
15.981  177600
15.9812  177600
15.985  177600
15.9881  177600
15.9891  177600
15.991  177600
15.9919  177600
15.9929  177600
15.9938  177600
15.9941  177600
15.996  176904
15.9991  176904
16  177600
16.0029  177600
16.0038  177600
16.0041  176904
16.0041  177600
16.0069  177600
16.0079  174000
16.0151  177600
16.016  177600
16.016  177600
16.0229  177600
16.0232  177600
16.0239  177600
16.0241  177600
16.027  177600
16.027  177600
16.0279  120393
16.0289  177600
16.0291  177600
16.0301  177600
16.031  177600
16.032  177600
16.0341  177600
16.036  177600
16.037  177600
16.0398  245520
16.0401  173520
16.042  177600
16.0432  177600
16.0439  177600
16.0441  177600
16.047  177600
16.0489  177600
16.0499  177600
16.0501  177600
16.0501  249340
16.0532  177600
16.0699  177600
16.0711  177600
16.073  177600
16.0739  177600
16.078  177600
16.078  177600
16.0789  163440
16.082  176904
16.0851  177600
16.0871  177600
16.0871  177600
16.0921  177600
16.093  177600
16.0952  174000
16.0961  177600
16.0961  239040
16.0968  177600
16.109  177600
16.1099  111800
16.114  177600
16.1178  177600
16.1188  292878
16.119  177600
16.12  177600
16.1211  177600
16.124  177600
16.124  177600
16.125  174000
16.125  179335
16.1319  177600
16.1359  177600
16.1369  177600
16.1378  239200
16.139  177600
16.1409  177600
16.1431  177600
16.1438  177600
16.15  177600
16.1521  177600
16.1541  179335
16.1591  177600
16.1591  177600
16.1619  177600
16.1638  177600
16.165  179335
16.166  177600
16.1679  177600
16.17  177600
16.175  177600
16.176  177600
16.1788  177600
16.181  177600
16.1841  177600
16.187  166320
16.1898  177600
16.1898  177600
16.1929  177600
16.196  177600
16.1991  177600
16.201  177600
16.2089  177600
16.2091  177600
16.2098  177600
16.216  177600
16.217  177600
16.221  177600
16.227  177600
16.228  177600
16.2339  292878
16.2361  177600
16.242  177600
16.243  177600
16.2439  177600
16.2499  177600
16.258  177600
16.2699  177600
16.2759  177600
16.2778  177600
16.278  166320
16.2799  177600
16.2809  177600
16.2859  177600
16.289  177600
16.2959  179335
16.2981  177600
16.304  177600
16.304  238800
16.3062  177600
16.3159  177600
16.3181  177600
16.3229  177600
16.3229  177600
16.3231  137016
16.326  177600
16.3291  177600
16.3329  364832
16.3429  177600
16.361  177600
16.362  177600
16.3641  179335
16.3682  177600
16.3682  177600
16.3691  177600
16.3801  177600
16.391  292878
16.392  177600
16.392  177600
16.3951  177600
16.4001  177600
16.4008  177600
16.4049  177600
16.408  177600
16.4099  177600
16.427  179335
16.4282  177600
16.4309  161980
16.4409  292878
16.4421  177600
16.4442  177600
16.4442  179335
16.4511  177600
16.4559  146874
16.4711  177600
16.4859  177600
16.4912  143520
16.4921  126699
16.4962  177600
16.511  177600
16.5181  179335
16.5401  177600
16.551  292878
16.5539  177600
16.5629  177600
16.566  199440
16.5701  177600
16.5758  177600
16.578  179335
16.5799  239880
16.5839  179335
16.5942  177600
16.5942  179335
16.597  292878
16.6101  292878
16.6478  177600
16.6519  292878
16.6528  179335
16.66  179335
16.6969  239200
16.7079  244330
16.71  292878
16.731  113280
16.7389  177600
16.763  292878
16.7661  292878
16.7749  177600
16.789  292878
16.7892  292878
16.7909  177600
16.7942  356210
16.7968  177600
16.799  292878
16.8152  292878
16.83  177600
16.8319  292878
16.8571  248400
16.8788  292878
16.8898  177600
16.9001  292878
16.9022  292878
16.9091  252843
16.9289  177600
16.9392  292878
16.9399  177600
16.9551  292878
16.994  292878
17.0028  292878
17.0031  292878
17.005  292878
17.035  176160
17.056  245760
17.072  292878
17.1039  177600
17.1139  177600
17.1189  292878
17.123  146874
17.127  223440
17.1311  179335
17.1371  125156
17.1812  177600
17.1871  292878
17.205  292878
17.206  292878
17.2198  292878
17.241  177600
17.2701  364832
17.2949  292878
17.2951  176160
17.3111  176160
17.3171  214560
17.344  215280
17.349  279133
17.3559  260880
17.3631  176160
17.3728  292878
17.381  292878
17.3829  292878
17.401  292878
17.4119  144000
17.4658  226080
17.4701  231408
17.4711  137016
17.473  177600
17.473  292878
17.498  292878
17.5221  176160
17.576  212880
17.6001  176160
17.6039  287760
17.611  239200
17.6511  173520
17.698  292878
17.7419  166320
17.7729  153360
17.832  208320
17.942  300495
17.9839  393184
18.0171  292878
18.0411  239200
18.1069  214080
18.1541  177600
18.157  238080
18.1751  356210
18.1971  166320
18.2052  177600
18.2281  252843
18.2841  168618
18.286  203040
18.2881  177600
18.4391  400094
18.446  356210
18.451  238080
18.471  215280
18.477  153600
18.5921  292878
18.6019  364832
18.6131  212400
18.6169  239200
18.657  388886
18.6701  215280
18.6849  163440
18.687  228720
18.7261  177600
18.7519  212640
18.7769  177600
18.7778  154422
18.779  166320
18.8138  210000
18.816  287760
18.8308  292878
18.8532  177600
18.8558  292878
18.8608  177600
18.8611  177600
18.868  239200
18.8692  177600
18.909  177600
18.9102  239200
18.9362  252843
18.961  292878
19.0022  237600
19.017  292878
19.068  239200
19.084  238080
19.099  177600
19.1188  239760
19.1481  204240
19.15  292878
19.1679  215760
19.192  206160
19.269  292878
19.2802  239200
19.285  202560
19.295  292878
19.3269  239760
19.3381  154422
19.3491  292878
19.3591  177600
19.3689  177600
19.371  216240
19.3851  161980
19.3951  239200
19.4199  204960
19.4299  177600
19.434  239200
19.459  292878
19.485  239200
19.4969  292878
19.5029  227280
19.51  238080
19.52  400094
19.5341  239200
19.5379  202560
19.573  292878
19.5971  137016
19.6102  208080
19.618  400094
19.618  400094
19.6781  207120
19.7001  202320
19.711  217920
19.726  470232
19.738  292878
19.7809  239200
19.7821  234720
19.8922  400094
19.9339  400094
20  470232
20.0591  252843
20.0729  239200
20.0791  206640
20.0851  218640
20.087  210960
20.1261  232653
20.179  356210
20.189  135600
20.191  400094
20.237  166320
20.2761  467121
20.2858  239200
20.3042  252480
20.3052  239200
20.3061  239200
20.3099  239200
20.3109  239200
20.3271  252843
20.3311  166320
20.376  229680
20.3819  239200
20.3891  400094
20.3919  166320
20.4039  239200
20.4129  400094
20.432  252843
20.442  239200
20.4549  252843
20.4909  239200
20.499  236400
20.5171  216240
20.52  239200
20.5789  292878
20.6051  239200
20.611  237840
20.618  239200
20.6211  239040
20.642  252843
20.643  292878
20.663  214080
20.6709  252843
20.685  292878
20.716  239200
20.72  238560
20.721  239200
20.7241  177600
20.7479  239200
20.752  239520
20.7529  239200
20.7582  239200
20.7629  237360
20.8149  177600
20.8402  292878
20.854  239200
20.8621  209760
20.8888  470232
20.889  239040
20.9131  292878
20.9591  292878
20.9591  356210
20.9742  216219
20.998  239200
21.018  252843
21.0688  400094
21.071  343484
21.086  238320
21.0879  292878
21.1229  470232
21.1351  234720
21.152  403900
21.162  292878
21.1661  237360
21.1718  238800
21.174  239200
21.2128  292878
21.2209  235440
21.2321  292878
21.245  237840
21.2579  237360
21.2691  240000
21.3029  292878
21.3239  240240
21.3442  356210
21.3461  400094
21.3599  241680
21.3611  239040
21.378  400094
21.379  292878
21.3981  239760
21.4169  239200
21.42  252843
21.435  292878
21.4801  241293
21.481  131580
21.5058  292878
21.5111  470232
21.517  239040
21.544  485160
21.5471  239520
21.5602  292878
21.5721  292878
21.5809  238320
21.595  292878
21.61  237840
21.615  247200
21.6179  248242
21.646  292878
21.6682  292878
21.6839  292878
21.7891  292878
21.7941  292878
21.7969  364832
21.811  238800
21.8241  292878
21.863  237120
21.884  292878
21.9221  292878
21.971  292878
21.976  292878
22.0048  292878
22.0289  235680
22.0461  292878
22.0509  232404
22.059  400094
22.0649  166320
22.1331  292878
22.1679  292878
22.1879  249600
22.2111  229320
22.248  292878
22.2719  243936
22.2878  249360
22.3081  292878
22.3131  400094
22.347  237360
22.3579  236400
22.3629  236400
22.3651  292878
22.3799  251280
22.409  292878
22.4118  292878
22.4221  245280
22.4252  292878
22.4359  292878
22.445  252240
22.445  292878
22.4609  292878
22.4791  237175
22.4841  237360
22.4931  292878
22.557  292878
22.5868  400094
22.6071  292878
22.6111  166320
22.6541  246000
22.6891  292878
22.7089  230163
22.7149  292878
22.718  400094
22.7461  292878
22.7511  241680
22.7661  292878
22.7671  241440
22.7921  241308
22.8331  292878
22.836  229914
22.8391  222195
22.8398  292878
22.8689  246975
22.8701  292878
22.8839  292878
22.9461  224934
22.9809  292878
22.984  292878
22.9959  292878
23.077  232412
23.082  224934
23.1538  292878
23.1731  267840
23.1872  264960
23.1888  292878
23.243  292878
23.257  246480
23.289  250980
23.2949  400094
23.32  292878
23.3259  292878
23.3271  292878
23.33  400094
23.3309  292878
23.4208  292878
23.4339  470232
23.4401  292878
23.443  292878
23.473  241308
23.5021  292878
23.5181  292878
23.535  292878
23.5929  292878
23.6509  292878
23.6661  292878
23.7179  268560
23.7389  292878
23.7451  292878
23.8068  400094
23.8299  354180
23.8431  292878
23.86  243672
23.8838  292878
23.947  292878
23.948  292878
23.958  400094
23.9799  400094
24.0331  239200
24.0388  292878
24.0409  292878
24.055  292878
24.061  238959
24.0691  292878
24.0748  243936
24.1439  292878
24.163  292878
24.1668  242486
24.1668  400094
24.195  261648
24.271  470232
24.3099  292878
24.3189  253920
24.3258  292878
24.3771  292878
24.3938  292878
24.399  292878
24.457  292878
24.4761  292878
24.4799  292878
24.5349  400094
24.6451  292878
24.6611  292878
24.7359  292878
24.7378  292878
24.7519  292878
24.8001  292878
24.8151  292878
24.8301  292878
24.8561  292878
24.858  292878
24.859  292878
24.8601  292878
24.8702  292878
24.8721  292878
24.878  292878
24.8909  292878
24.8921  292878
24.9  292878
24.914  292878
24.9431  292878
24.9748  292878
24.9779  292878
24.987  292878
24.9939  292878
24.997  400094
25.0111  292878
25.0239  292878
25.0309  470232
25.0349  292878
25.0502  292878
25.0521  470232
25.0568  292878
25.063  292878
25.063  292878
25.0711  292878
25.084  364832
25.1229  292878
25.1338  292878
25.1501  292878
25.1639  292878
25.171  292878
25.1758  292878
25.1811  292878
25.1951  292878
25.208  292878
25.2111  400094
25.233  292878
25.244  292878
25.2559  292878
25.2562  292878
25.2759  470232
25.279  292878
25.2821  292878
25.2869  292878
25.295  292878
25.317  292878
25.3191  267120
25.321  292878
25.3332  227970
25.3379  292878
25.341  292878
25.351  292878
25.3532  292878
25.3701  292878
25.3749  292878
25.389  292878
25.414  292878
25.419  292878
25.4221  292878
25.425  292878
25.4269  292878
25.435  292878
25.439  292878
25.4412  292878
25.444  292878
25.444  292878
25.454  356210
25.4581  292878
25.466  292878
25.4679  292878
25.4831  292878
25.507  292878
25.5089  292878
25.5251  292878
25.537  292878
25.5382  292878
25.5461  292878
25.5461  292878
25.5489  292878
25.5568  292878
25.557  292878
25.5711  292878
25.578  292878
25.6121  292878
25.614  292878
25.6162  292878
25.619  292878
25.6269  292878
25.6279  292878
25.6438  292878
25.6598  292878
25.7111  292878
25.712  292878
25.749  292878
25.753  292878
25.779  292878
25.8071  292878
25.8088  292878
25.8129  292878
25.8222  292878
25.8622  292878
25.8639  295567
25.8889  234240
25.892  292878
25.903  292878
25.9101  292878
25.9221  292878
25.9812  389058
26.0069  470232
26.0551  400094
26.068  292878
26.0949  364832
26.1331  292878
26.1359  400094
26.489  403900
26.5038  391515
26.581  260094
26.8252  286371
27.22  470232
27.4429  470232
27.6091  286320
27.7879  400094
28.0092  238254
28.065  470232
28.0731  470232
28.075  364832
28.084  470232
28.2769  312162
28.2879  400094
28.3151  470232
28.3339  292878
28.4152  364832
28.527  400094
28.5311  364832
28.5311  477472
28.5931  470232
28.9431  292878
28.9721  292878
29.2048  364832
29.269  470232
29.2721  470232
29.3159  661496
29.3651  470232
29.376  335418
29.4938  635118
29.6631  382849
29.6862  292878
29.6981  292878
29.7151  470232
29.7861  470232
30.0641  364832
30.1619  364832
30.303  470232
30.405  470232
30.407  403900
30.6418  384040
30.7019  364832
30.8142  529912
31.27  364832
31.646  475551
31.678  364832
31.7159  470232
32.0439  524176
32.131  528452
32.3911  470232
32.485  403900
32.6581  470232
32.831  470232
32.8681  427127
32.9199  470232
32.9661  457527
33.047  403900
33.0501  403900
33.052  664896
33.093  403900
33.1249  400094
33.2041  400094
33.2499  570120
33.3269  403900
33.5779  645744
33.603  464265
33.6871  516223
33.8142  475785
34.271  470232
34.8458  403965
35.0571  571760
35.2101  705520
35.424  405225
35.475  834942
35.588  470232
35.6121  428504
35.6121  479161
35.892  470232
36.0169  470232
36.129  470232
36.247  470232
36.2508  470232
36.3131  470232
36.34  340470
36.3672  417708
36.4661  470232
36.593  659434
36.597  802494
36.695  396222
36.9248  470232
37.2088  592070
37.3259  470232
37.343  470232
37.343  884016
37.359  470232
37.369  470232
37.3709  470232
37.4031  792324
37.447  453396
37.673  883080
37.7738  470232
37.941  470232
38.1548  470232
38.2519  470232
38.306  757682
38.3449  470232
38.388  470232
38.425  470232
38.47  470232
38.486  470232
38.552  470232
38.563  470232
38.5971  781098
38.6109  778872
38.6531  470232
38.6782  470232
38.691  470232
38.9199  470232
38.9509  470232
38.9621  511821
39.0241  470232
39.027  470232
39.037  470232
39.134  470232
39.1462  470232
39.3538  536220
39.3639  470232
39.505  470232
39.6681  470232
39.8889  849444
39.8998  521538
40.0579  945246
40.266  666282
40.442  660585
40.473  947811
40.544  847854
40.653  470232
40.6539  957670
40.736  464248
40.9529  957670
41.43  730320
41.466  558870
41.5959  600322
41.748  763478
41.8429  525650
41.9021  955985
41.97  906822
42.0051  514495
42.2299  972693
42.2862  491745
42.3028  491283
42.3832  722820
42.417  955572
42.4459  789975
42.536  508662
42.5661  527985
42.86  591311
42.906  926496
42.944  470232
43.072  533100
43.3199  1033752
43.5982  888246
43.627  1023840
43.6962  895752
43.705  1050036
43.7341  612960
43.771  1035168
43.9239  797145
43.9479  598491
44.0428  875046
44.188  1056408
44.2541  1065612
44.6661  501963
44.7159  1056408
44.853  1057116
45.0819  1049328
45.1212  1020300
45.1751  1072692
45.351  1052160
45.6119  1071276
45.6481  586360
45.7129  733197
45.8078  1030920
45.855  889928
45.8758  1062072
45.9239  1057824
46.104  1057824
46.1881  954005
46.299  893349
46.3271  923967
46.35  1074816
46.392  1034460
46.432  1064904
46.479  919048
46.5088  600021
46.52  825006
46.5579  877526
46.6468  768996
46.6921  889421
46.7801  902808
46.808  873342
46.8671  558021
46.9611  1053576
46.9749  891666
46.9961  887782
47.0719  1059948
47.091  1023132
47.1089  1045788
47.23  1026298
47.2469  888186
47.277  894078
47.2832  951714
47.2999  952692
47.3301  845292
47.3962  802236
47.4021  894078
47.4458  1074108
47.4539  1057116
47.5719  1072692
47.7049  880200
47.7309  962360
47.7741  793990
47.801  880426
47.8458  1058766
48.1739  1140630
48.2008  1077648
48.2628  997488
48.8191  933041
48.897  737120
48.9302  881192
49.0532  1016052
49.104  796302
49.1321  1074816
49.14  623191
49.14  965304
49.1512  1080480
49.248  1068444
49.279  1039416
49.35  884104
49.401  851224
49.4089  1010388
49.484  1006140
49.5219  1061364
49.5701  1161704
49.6211  840533
49.7599  1033044
49.8719  1055700
49.9129  1069152
49.927  899184
49.983  889740
50.0431  1066320
50.065  1097211
50.112  1052868
50.117  703040
50.1921  919459
50.2169  1059240
50.513  897506
50.5769  1097980
50.5769  613200
50.653  854628
50.669  1061364
50.6721  1189566
50.6761  1069860
50.705  1062780
50.7169  966276
50.7181  1172372
51.0039  898664
51.029  1018190
51.0619  897723
51.132  924088
51.187  1088976
51.2311  1195992
51.2581  661075
51.3639  667575
51.5051  1078356
51.5349  719502
51.5718  1043664
51.692  977806
51.7271  891162
51.7359  856752
51.7628  784572
51.897  888612
51.9249  1076940
51.9681  1146069
52.0091  970580
52.026  1058532
52.057  658656
52.1319  1161997
52.1719  1034482
52.1929  1016760
52.232  894307
52.5579  739881
52.5961  762810
52.629  881684
52.6979  725104
53.0181  672672
53.03  782144
53.0322  919764
53.0798  759758
53.1201  1057824
53.23  1101720
53.247  884268
53.2479  778632
53.37  894615
53.4532  937403
53.535  890706
53.54  935670
53.5409  764004
53.5491  925428
53.6361  1055492
53.7071  733560
53.731  1008895
53.9441  944544
54.27  1009680
54.3561  659360
54.3859  1285160
54.4238  921645
54.471  847766
54.5111  953526
54.558  801172
54.5609  821970
54.574  911850
54.692  947256
54.749  657141
54.9991  1064196
55.058  960744
55.069  559184
55.0861  918618
55.11  871832
55.1848  1067028
55.3851  853750
55.4991  759628
55.6719  943230
55.6741  1013220
55.7461  730534
55.778  1063488
55.86  883376
55.9502  1013220
56.051  1033752
56.0589  1055520
56.354  847970
56.483  1038000
56.5948  1086852
56.6399  953528
56.689  915037
56.776  854168
56.778  1078356
56.937  848604
56.9429  1025256
56.963  1018176
56.9739  834618
56.9749  960744
56.9899  1036584
56.9901  1077648
57.1458  746478
57.1771  945546
57.1802  747576
57.277  728163
57.441  846808
57.5161  968349
57.591  983145
57.7009  1034986
57.7269  897506
57.7579  952452
57.9922  908404
58.0361  785460
58.3432  1017468
58.4259  1052868
58.502  716070
58.5549  716168
58.7549  1062072
58.8341  1068444
58.841  943574
59.098  783614
59.1521  820200
59.1578  1016760
59.2971  1413080
59.3529  1176120
59.4091  1069860
59.4239  656752
59.474  742872
59.49  811871
59.514  964404
59.525  1023912
59.638  1079064
59.6859  885972
59.7329  737076
59.8371  828662
59.8629  874776
59.8981  1036584
60.046  978696
60.1361  1030920
60.159  1084728
60.2312  839052
60.2829  1067736
60.3602  1062780
60.3709  764378
60.3719  1055700
60.488  1028088
60.559  1064904
60.6019  1059948
60.7049  1061364
60.7691  1030212
60.8261  1079772
60.9658  1036584
61.007  1060656
61.0161  1061364
61.0569  1012512
61.2099  933479
61.2769  1058532
61.2819  958836
61.2891  987024
61.301  1360008
61.3539  1090392
61.4009  964267
61.419  811563
61.4569  1069152
61.47  911796
61.5308  1099596
61.5549  1098180
61.573  1066320
61.5799  812604
61.641  1005636
61.6829  1069152
62.2871  1049328
62.3109  1063488
62.326  1057116
62.3431  952792
62.4321  954264
62.4349  949676
62.4659  1004245
62.7062  1054992
62.757  948792
62.768  1096056
62.8779  1051452
62.9301  942036
62.958  1080480
62.968  971331
63.0281  1070568
63.1621  1072692
63.2071  910328
63.2629  1027380
63.308  796680
63.499  1030212
63.5359  1076940
63.5419  802116
63.616  959869
63.7071  1062072
63.7331  1028796
63.761  1012512
63.823  1085436
63.8649  978528
63.9081  1057116
63.916  1053576
63.9801  650229
63.9899  1549200
64.0619  1072692
64.069  1056408
64.1069  1062072
64.1689  1033752
64.1711  1508544
64.2481  1040124
64.353  844600
64.358  1011096
64.4238  816057
64.4801  852726
64.4901  834200
64.5189  845037
64.616  1052868
64.6188  1505016
64.6491  1054284
64.662  1308212
64.7211  1101720
64.774  1138536
64.7869  1135704
64.846  846132
64.8501  953040
64.9302  1527516
64.9381  810732
64.9559  1076232
64.9951  1540998
65.089  1165440
65.1231  1182035
65.1388  1018176
65.197  939292
65.2649  1506816
65.2709  1026672
65.2809  1049328
65.3281  946168
65.4221  1538766
65.496  844600
65.4991  1054992
65.609  1054284
65.655  1052868
65.676  1538154
65.6939  1008264
65.712  1024745
65.763  1023132
65.7768  1105260
65.8281  1044372
66.0441  854466
66.0529  883386
66.0951  1165440
66.1061  1062072
66.1631  1512432
66.36  1588230
66.4029  1586988
66.4611  1588608
66.613  1062072
66.6201  1583316
66.6471  958988
66.6599  1025964
66.664  966328
66.746  1054284
66.8252  1590516
66.88  1583316
66.9601  1062072
66.9749  1503702
67.0261  860792
67.0409  1071276
67.0571  1166004
67.1139  1054284
67.1539  871554
67.1542  1052160
67.271  1621062
67.3678  922680
67.4481  1057116
67.4829  1509066
67.5249  1621584
67.548  1016760
67.56  1548144
67.6141  1132320
67.7829  1063488
67.8029  1165440
67.8921  1621422
67.935  1621638
67.96  1623276
67.975  1561536
67.975  878721
67.987  1071984
67.992  1624194
68.0361  1000233
68.085  1490904
68.1229  1019592
68.1391  1583316
68.188  883131
68.295  1622070
68.3129  876516
68.3482  947640
68.398  1602846
68.4831  1624968
68.5279  1110216
68.538  962658
68.5849  1620504
68.6111  865026
68.6951  883866
68.7091  1054284
68.7249  953116
68.8441  931800
68.913  1623654
68.9211  1575756
69.0179  1057116
69.025  991980
69.1202  1646442
69.1319  1072692
69.1669  1003308
69.1741  1045788
69.1879  1054992
69.1919  1621944
69.206  1544346
69.2399  1608048
69.3169  1052160
69.33  1417707
69.3748  1363880
69.4671  877198
69.515  955736
69.519  1083312
69.5732  1663920
69.7432  1071276
69.7629  954252
69.772  1623366
69.793  948024
69.8769  1052160
69.9921  1103136
70.0021  1620288
70.0049  1009680
70.0161  1079616
70.1029  1543158
70.1091  1165440
70.153  1064904
70.1721  1622754
70.2021  1062072
70.338  1030920
70.3979  1657931
70.4072  1043664
70.4131  1064196
70.6189  1622916
70.678  1221200
70.683  1606536
70.8048  1063488
70.8718  1537956
70.9479  921670
71.0261  992462
71.0731  967200
71.0809  1067028
71.0988  1621458
71.1741  1092870
71.1899  1052160
71.218  1689912
71.2242  1039416
71.2249  917022
71.2271  1070576
71.2349  1115040
71.2619  930384
71.281  1691460
71.348  1066320
71.3618  1206066
71.4629  1029504
71.4998  987732
71.5711  1001184
71.6331  924012
71.6679  1064904
71.698  1356641
71.7189  1659042
71.7418  1081896
71.7909  1714770
71.826  1048620
71.8381  1058532
71.876  1662030
71.938  1021008
72.093  1059240
72.1262  910845
72.1819  944640
72.2208  1061364
72.2771  925428
72.299  1714806
72.34  1714914
72.5808  1714788
72.6409  1026672
72.6581  903269
72.6831  1723410
72.691  1621890
72.716  1714860
72.7639  1050744
72.844  1072692
72.8951  1716948
73.0081  1721538
73.015  1508094
73.081  1538172
73.0939  1074816
73.0999  1071276
73.1149  1616220
73.173  1165440
73.199  951073
73.2598  1067736
73.3008  1058532
73.3221  1008264
73.343  709233
73.4029  970732
73.437  1047912
73.4911  958520
73.513  1749132
73.5922  1059240
73.7269  941122
73.7331  1075524
73.8571  1030920
73.878  1018176
73.9071  1658664
73.9429  1042956
74.0159  1071276
74.0309  1053576
74.0571  700465
74.059  945960
74.111  1063488
74.12  1752948
74.1432  1314680
74.2018  1067736
74.229  1047912
74.286  984192
74.3721  1081896
74.589  1062072
74.7139  1073400
74.7242  1058532
74.831  1543464
74.8491  1624608
74.8749  1081188
74.894  1724472
74.9619  1054992
75.0089  1028088
75.0449  1102428
75.233  1677492
75.2921  1028088
75.3889  1500732
75.4468  1059948
75.4762  1059240
75.598  1622898
75.6881  1023840
75.6891  1086144
75.695  1526472
75.717  1050036
75.7809  1837872
75.9082  1061364
76.0219  1062780
76.0789  1053576
76.1011  1027380
76.1609  1007556
76.1929  1837872
76.3109  1045788
76.355  1322976
76.412  1071984
76.4289  1064904
76.504  987732
76.576  1025256
76.5982  1052868
76.6129  1067028
76.663  1839348
76.6709  1053576
76.7939  1052160
76.9541  1063488
76.9901  1057824
77.0321  1068444
77.214  1837872
77.225  1067525
77.2259  1204456
77.2331  1076940
77.2531  1076940
77.266  1023840
77.2879  1071984
77.5619  1771020
77.635  1061364
77.765  1022424
77.776  1060656
77.8351  1779822
77.847  1696824
77.867  1866924
77.904  850488
77.929  1040124
78.2409  1008972
78.2521  1053576
78.3651  1077648
78.373  1053576
78.408  1040832
78.47  1029504
78.5098  1031052
78.517  1067736
78.5201  1402136
78.542  1874592
78.5701  1068444
78.6378  1038000
78.6529  1661760
78.676  1045788
78.6879  1030212
78.702  1047470
78.7361  1840752
78.7549  1870686
78.758  1868454
78.8071  1070568
78.8119  1345840
78.8171  1069860
78.8541  1054284
78.8798  1059948
78.896  1870938
79.031  1072692
79.0529  1051452
79.1578  1053576
79.3209  1062072
79.334  1903212
79.3509  1058532
79.6089  1076232
79.674  1542816
79.6788  1065612
79.793  1071276
79.807  1076232
79.8481  1055700
79.8531  1741320
79.8879  1891026
79.957  1081896
80.1079  1873476
80.1101  1868652
80.1182  1054284
80.1821  1878174
80.2951  1059240
80.2972  1101486
80.3549  1509624
80.5678  1062072
80.6479  1774458
80.6501  1588986
80.7011  1064904
80.8239  1076232
80.8339  1503630
80.879  1074816
80.9672  1504080
81.156  1867122
81.177  1057116
81.183  1164024
81.6119  1494120
81.7711  1242205
81.919  1533582
82.032  1065977
82.32  1670616
82.4881  1835532
82.4981  1165403
82.5119  1009680
82.6001  1576038
82.895  1268760
83.051  971448
83.066  1842606
83.174  1099596
83.1859  1542096
83.2062  1850706
83.2829  1983078
83.405  1914282
83.4181  1147481
83.5998  1919232
83.791  1841112
83.8301  1549386
83.843  1529838
83.9391  1153220
84.084  1510884
84.163  1624698
84.3  1622160
84.4109  1074108
84.5699  2044098
84.6071  1608300
84.832  1623240
84.8649  1542492
84.913  1622088
85.109  1538262
85.1421  1622844
85.145  1622304
85.2721  1998666
85.304  1542204
85.3081  1683180
85.4151  1566270
85.5951  1583316
85.6109  1511946
85.64  1621728
85.6841  2012526
85.8009  1537920
85.82  1006125
86.0262  1059912
86.0472  2085516
86.2231  1549404
86.2789  1953846
86.3061  1515222
86.355  2084400
86.406  1680894
86.4441  2092212
86.5061  1672200
86.5262  1872360
86.5881  1611792
86.5991  1950372
86.6289  1062072
86.653  2123460
86.693  1666494
86.791  1749042
86.849  1538064
86.93  2126808
86.9529  1506438
86.9739  1537650
87.0531  1498531
87.2519  2154420
87.332  2125692
87.3621  2154384
87.369  1661490
87.404  1621026
87.4059  1603674
87.6  1621386
87.616  1621350
87.672  1508418
87.7171  1623276
87.7869  2153988
87.8441  2153574
87.888  2158776
87.9359  2153160
87.9388  2152602
87.9569  2137968
87.9619  1486404
87.9791  2154330
87.9819  2153160
87.9979  1724544
88.0051  1079064
88.0561  2156022
88.0892  2132388
88.0978  1510614
88.11  2153106
88.1181  2158128
88.1212  1623276
88.1431  1621566
88.192  2154204
88.1982  2151612
88.208  1660518
88.2089  1620342
88.2711  2154420
88.2771  1506870
88.2928  1838160
88.3479  1555488
88.3491  2154420
88.351  2154384
88.3739  1874556
88.407  1586628
88.4089  2152602
88.439  2153646
88.4411  2154078
88.4559  2155032
88.486  2153106
88.5119  2152674
88.5551  1624032
88.5692  1622610
88.589  2152314
88.6002  1514142
88.6149  2156328
88.6371  2154420
88.6431  2128176
88.6469  2154420
88.6729  2153106
88.6998  1724742
88.7239  2157498
88.768  2155806
88.7749  2153862
88.778  2153106
88.8178  2153106
88.8312  1724994
88.8371  2156832
88.8531  2158200
88.8691  2159910
88.87  1621440
88.8922  2154510
88.9111  2156778
88.9699  1692522
88.9709  2158686
88.989  2155050
88.9912  2158038
88.9978  2153754
89.0179  2152224
89.031  2152350
89.046  2157930
89.047  2153970
89.0832  2153106
89.112  2153106
89.1521  2012724
89.1581  2140200
89.1721  2151774
89.195  1623096
89.2341  2157822
89.2541  2158344
89.2642  1539756
89.2739  2157210
89.2851  2156400
89.293  2157822
89.3002  2159406
89.3531  2153034
89.381  2158866
89.4279  2157984
89.448  1229364
89.4508  1308378
89.484  2153106
89.489  1052868
89.5  1622754
89.57  2153538
89.5751  2158560
89.576  2157750
89.5791  2158938
89.597  2157912
89.5989  1475406
89.6039  2158020
89.6192  2157786
89.6749  2153124
89.679  2158722
89.7131  2157876
89.715  2153106
89.7162  2158830
89.7269  2153214
89.7298  1534302
89.766  2160756
89.798  1255650
89.8039  2151756
89.8151  2158290
89.8199  1513512
89.8292  2158866
89.8809  1613646
89.915  2024226
89.946  2151738
89.9601  2156472
89.993  2156868
90.003  2154420
90.008  2156040
90.0218  1662264
90.04  2154510
90.059  2033406
90.0722  1253304
90.081  1676664
90.0869  2153196
90.101  2151738
90.126  2154168
90.215  2156238
90.245  2024136
90.2901  2154510
90.2951  1607724
90.3089  1611126
90.3401  1621710
90.3771  1878876
90.4489  1838178
90.4899  2152908
90.569  2158974
90.605  2154042
90.6529  2161440
90.7199  2158254
90.7211  1622700
90.7571  2153016
90.78  1507644
90.832  2159622
90.883  2153106
90.8861  1622394
90.939  1590282
91.0928  1778526
91.0931  2154420
91.1851  1570986
91.248  1584432
91.336  1581786
91.4299  1541178
91.434  2151612
91.465  2154420
91.5179  2156094
91.563  1692684
91.614  1060656
91.677  1774548
91.7211  1537938
91.7301  1774404
91.732  2160900
91.7439  1837170
91.7759  2165742
91.8419  2155842
91.8541  1758996
91.8741  1687014
91.9011  1714842
91.9659  2156022
92.1252  1659006
92.1819  2153142
92.185  1674144
92.221  1680300
92.2251  1662156
92.252  1723572
92.3028  2155032
92.4721  1714914
92.5059  1658898
92.582  1716606
92.602  1620666
92.6039  1608912
92.6371  1723320
92.6769  2153988
92.757  1714788
92.7711  1658970
92.8309  1588536
92.85  2153808
92.854  2161440
92.9248  1544454
92.9759  1527588
93.0831  1661112
93.0979  1848654
93.1058  2153124
93.1799  2158326
93.184  1838214
93.3309  1584432
93.3452  1057116
93.3888  1718118
93.4188  1620270
93.493  1546920
93.55  2153106
93.581  2157516
93.606  2157660
93.7152  1658916
93.8129  1541088
93.8559  1545966
93.857  1830168
93.8699  2157750
93.9009  1722204
93.9031  2151792
93.905  2156634
93.9839  1694034
94.018  1716030
94.079  1525356
94.1799  1621656
94.207  1602522
94.2719  1673712
94.3711  1530936
94.418  2153124
94.429  1622700
94.43  1091808
94.485  1826892
94.516  1604196
94.5559  2153880
94.563  1605168
94.667  1493658
94.718  2138634
94.7239  1070568
94.7361  2165742
94.7561  2152620
94.99  1621224
95.0019  1593684
95.0119  1539720
95.1321  2158434
95.1898  1716966
95.2232  2153862
95.2599  1724796
95.2868  1542348
95.2971  1870110
95.3102  1623276
95.3469  1529442
95.3641  2127096
95.3858  1620972
95.391  1678068
95.4981  1623456
95.525  1663326
95.567  1658988
95.695  1612224
95.7229  1583316
95.7758  1588626
95.8252  1684062
95.8681  1837314
95.8791  1716894
95.8979  2161440
95.9301  1583316
96.0131  2156868
96.0391  1832670
96.087  1900818
96.1759  1828188
96.2639  1838250
96.2701  1689336
96.3418  1545624
96.4811  1606698
96.5099  1604880
96.5669  1831464
96.6079  1690632
96.6589  1621008
96.6911  1583316
96.7021  1779804
96.7979  2159082
96.8111  1736658
96.9062  1840446
96.981  1659042
97.075  2156688
97.1582  1710396
97.224  2158884
97.3191  1890792
97.367  1537920
97.393  1605726
97.425  2152620
97.44  2161206
97.4441  1837872
97.4541  1502964
97.4619  1893096
97.4631  1620324
97.4832  1621800
97.4908  1850976
97.4958  1878066
97.672  2159820
97.7139  1838196
97.8961  1621944
97.923  1830276
97.9362  1834524
97.9409  1768572
97.949  1724418
98.032  1835532
98.043  1506312
98.249  1837080
98.3758  1684332
98.4061  1674918
98.4509  1651986
98.4762  1622106
98.525  1683792
98.5641  1866726
98.6111  1621782
98.6819  1621476
98.696  1737792
98.7151  1623276
98.7201  1658898
98.7639  1869372
98.779  1651986
98.876  1842156
98.8991  1722744
98.9308  1624068
98.9649  1841868
99.0419  1843560
99.0951  1602828
99.164  2113218
99.19  1725930
99.2861  1612116
99.314  1721592
99.3438  1479492
99.3478  1742850
99.3659  1584432
99.4329  2156706
99.4449  1544436
99.5381  1607796
99.5631  1682424
99.592  1838250
99.6211  1652004
99.659  1843542
99.683  1737756
99.735  1838250
99.7429  1623276
99.757  1843506
99.803  1508310
99.896  2012454
99.9138  1621908
99.9682  1728054
99.9701  1612980
99.9939  1623276
100.041  2153610
100.091  1838250
100.11  2154510
100.158  1621944
100.183  1544328
100.191  1661202
100.197  2114262
100.234  1718028
100.331  1585206
100.431  1864116
100.584  1874592
100.602  1749402
100.617  1891080
100.62  1721322
100.624  1622988
100.745  1546542
100.77  1520982
100.779  1466748
100.932  1892106
100.942  1623222
100.979  1380276
101.026  1506474
101.067  1975680
101.081  1721430
101.105  1854450
101.166  1544364
101.23  1510776
101.333  1867842
101.342  2012274
101.368  1544418
101.373  1907424
101.443  1661580
101.468  1827054
101.556  2055384
101.562  1546506
101.576  1901160
101.61  1507104
101.649  1591128
101.702  1756476
101.761  1614121
101.761  1797606
101.797  1848546
101.808  1857618
101.832  2036412
101.863  1658898
101.869  1608660
101.878  2153862
101.898  1495188
101.927  1623276
101.939  1717452
101.949  1968624
102.089  1888650
102.221  1909620
102.613  1841112
102.651  1623492
102.709  1890882
102.721  2151468
102.741  2013246
102.783  2152530
102.869  1588896
102.876  1877742
102.879  1074816
102.94  2065032
102.955  2155842
103.047  1616418
103.124  1715472
103.132  1585026
103.4  2151468
103.529  1890792
103.531  2138688
103.578  2159946
103.607  1867464
103.621  1849230
103.739  2034180
103.74  1739934
103.768  1526328
103.843  1845198
103.864  2153160
103.866  1615842
103.878  2003706
103.929  1831986
103.93  1839456
103.937  1868292
103.945  1954440
103.957  1623276
104.039  2154042
104.049  2157462
104.14  1857294
104.146  1720458
104.179  2156418
104.187  1834542
104.26  1622880
104.31  1841490
104.369  2153034
104.402  1621062
104.549  1878030
104.608  1907388
104.623  2152458
104.678  1908522
104.736  2134620
104.742  2127924
104.813  2153160
104.832  2158830
104.835  2153340
104.855  1659600
104.958  1872360
104.997  2153124
105.003  1515654
105.043  2151990
105.087  2158524
105.1  1623204
105.111  2139948
105.15  1976400
105.187  2147742
105.215  2157984
105.233  1895292
105.261  2012364
105.28  1873476
105.291  2153106
105.329  1716984
105.365  1872360
105.494  2152512
105.497  2153106
105.501  2156706
105.524  2154510
105.554  1832634
105.617  2155032
105.684  1751832
105.686  1838520
105.749  2152782
105.801  2153106
105.912  1911942
105.931  1496826
105.933  2154348
106.029  2151648
106.07  1546812
106.125  1868670
106.158  2156400
106.199  1869354
106.235  1812096
106.29  2165634
106.356  2154168
106.358  1920762
106.362  2013480
106.365  2154222
106.371  2152854
106.377  2156130
106.383  1740888
106.405  2153124
106.425  1506060
106.603  2152350
106.633  1838196
106.648  1789866
106.651  1838160
106.652  1535688
106.653  2158272
106.683  2153754
106.696  1660464
106.749  2158524
106.751  1834902
106.779  2151612
106.789  2012418
106.799  2012670
106.87  2154348
106.887  2152314
106.887  2153052
106.903  1803870
106.915  1999008
106.954  1901196
106.959  1688220
106.997  1954314
106.998  2153142
107.021  1660860
107.022  1896498
107.058  2154420
107.117  2046312
107.128  1721574
107.14  2158110
107.18  1956150
107.242  2156670
107.245  2152818
107.263  2151468
107.271  1595124
107.271  2154420
107.288  2154420
107.296  2153106
107.347  1880568
107.361  1891566
107.385  2154618
107.495  2153106
107.516  1533168
107.518  2153484
107.531  2151468
107.534  2155914
107.544  2137968
107.604  2151810
107.623  1839780
107.633  2153160
107.677  2152206
107.682  1843794
107.692  2155752
107.737  2154186
107.815  2154618
107.831  2154276
107.844  2154420
107.864  1622106
107.883  2157192
107.908  1670058
107.909  2153160
107.946  2152728
107.954  2153160
107.961  2138634
107.963  2154600
108.005  2152908
108.017  2152116
108.043  2153142
108.045  2151468
108.083  2159118
108.122  1990728
108.15  2086092
108.154  2156400
108.196  2152710
108.208  2154492
108.236  2160036
108.258  1891404
108.294  2156868
108.296  2154420
108.362  2122344
108.374  2158632
108.393  2156634
108.415  2151864
108.434  2154420
108.445  2151666
108.46  2153124
108.473  2152188
108.484  2154420
108.486  2158920
108.53  1958130
108.554  2154420
108.558  1958454
108.564  2157102
108.592  1619388
108.592  1752948
108.609  1737972
108.634  2152026
108.635  2153124
108.674  1830780
108.703  2156076
108.756  2158218
108.76  2158542
108.769  2152674
108.776  1927746
108.786  2158668
108.787  2131920
108.807  2154330
108.838  1525356
108.85  2153448
108.868  2152332
108.869  1840446
108.877  2153412
108.923  2144034
109.011  2151810
109.05  2156184
109.078  2158380
109.1  2151468
109.133  2153106
109.139  2151756
109.176  2158776
109.183  2048508
109.197  2155518
109.224  2153124
109.262  2153880
109.354  2153124
109.355  2137968
109.357  1692684
109.41  1874592
109.418  2154600
109.431  2155518
109.519  1623276
109.526  2153448
109.534  2156994
109.555  2159694
109.592  1924200
109.599  2007972
109.608  2030850
109.622  2158452
109.637  2151702
109.653  2153106
109.675  2158398
109.678  2159442
109.733  2158974
109.777  2158542
109.797  1966032
109.818  2153106
109.843  2154420
109.872  2153142
109.874  2160450
109.875  2152404
109.948  2151468
109.974  1869462
110.006  2158308
110.019  2121480
110.067  2154420
110.124  2152710
110.138  2153916
110.142  2155428
110.155  2153124
110.156  2157246
110.162  2153124
110.166  2154204
110.169  2157408
110.24  2153934
110.253  2154330
110.31  2153142
110.331  1890900
110.35  2153754
110.379  1831176
110.4  2153790
110.409  2152458
110.414  2156382
110.423  2152224
110.454  2153142
110.473  2151882
110.484  2153844
110.486  2139210
110.533  2152494
110.581  2160450
110.626  2152656
110.644  2154258
110.647  2151468
110.662  2153880
110.669  2154492
110.684  2137968
110.697  2152854
110.707  2161440
110.738  1547190
110.743  2153124
110.774  1623222
110.799  1675872
110.804  1901196
110.838  1879290
110.844  2151810
110.866  2153952
110.869  2159514
110.872  2153142
110.88  2157030
110.884  2154006
110.909  2154510
110.917  1843290
110.923  2151702
110.932  2153808
110.937  2157822
110.938  2155878
110.946  2153106
111.003  1620900
111.009  2158110
111.034  2155392
111.037  2157354
111.042  1803870
111.105  2153124
111.117  2158920
111.141  2153970
111.149  2152908
111.157  2151918
111.2  2151684
111.212  2153124
111.229  2154600
111.253  2159118
111.257  2131272
111.279  2156580
111.337  2044134
111.358  2156382
111.362  1868472
111.37  2153052
111.371  2156778
111.386  2153736
111.394  2151954
111.42  1842372
111.445  1598940
111.474  1750716
111.474  2153052
111.508  2155536
111.51  2161386
111.513  1891044
111.536  2157714
111.54  2158308
111.544  1962198
111.556  2152674
111.559  2156562
111.597  2152260
111.61  2157444
111.618  1640610
111.627  2159190
111.628  2152746
111.661  2155590
111.682  2154672
111.685  1623276
111.727  2151918
111.769  2153106
111.792  2117880
111.804  1830060
111.811  2056878
111.828  1678320
111.855  2157570
111.864  2156472
111.869  2157768
111.923  2037492
111.933  2012274
111.935  1598490
111.95  2158074
111.951  2130156
111.951  2153340
112.025  2159604
112.038  2146104
112.041  1590732
112.047  2151720
112.053  1621890
112.15  2155896
112.151  2158956
112.173  2152440
112.186  2153106
112.189  2152764
112.261  2158164
112.345  2154240
112.35  1509984
112.377  2154402
112.382  2154366
112.41  2153628
112.438  2156076
112.44  2154294
112.448  1624518
112.448  2157300
112.452  2152458
112.467  2138922
112.493  2157696
112.51  2015874
112.524  2159334
112.541  2151540
112.565  1866906
112.583  2151468
112.591  2158164
112.6  2140416
112.672  1710216
112.674  2159532
112.675  2159118
112.711  2157876
112.734  2158110
112.74  2155644
112.756  2153142
112.76  2153880
112.795  2154510
112.834  1660644
112.875  1867248
112.883  1548756
112.894  2155860
112.982  2155734
113.046  2157246
113.059  2153106
113.161  2157750
113.179  1762380
113.221  1868598
113.259  2117880
113.283  2158344
113.294  2124576
113.315  2156166
113.369  2160684
113.388  2126808
113.397  2154186
113.417  2154024
113.443  2012562
113.47  1660320
113.489  2158470
113.499  2161332
113.52  2158740
113.586  2150010
113.61  2123982
113.64  2160990
113.752  2137968
113.759  2151864
113.789  2153106
113.8  2154528
113.8  2161440
113.812  1961532
113.814  1980072
113.838  1593360
113.846  2156004
113.849  2161062
113.873  2107836
113.893  2158848
113.923  2137968
113.925  2154420
113.95  2152656
113.955  2153736
113.957  1702314
113.971  2151756
113.996  1956798
114.001  2137968
114.025  1588896
114.04  2138130
114.05  2155554
114.054  1737828
114.125  2154042
114.213  2154420
114.219  2156328
114.253  2121246
114.309  2158524
114.314  2157804
114.362  2139642
114.381  2151864
114.382  2153700
114.397  1652004
114.419  2152746
114.421  2153160
114.432  2158146
114.451  1921932
114.528  2158056
114.553  2155230
114.582  2154618
114.605  2154510
114.62  2155644
114.623  2157768
114.631  2153160
114.646  2158038
114.685  1525356
114.701  2153106
114.719  2155770
114.734  2154042
114.743  1880388
114.847  2161440
114.877  1869894
114.886  2152224
114.936  2156814
114.943  2151954
114.965  2153826
114.967  2154114
114.994  2151738
115.001  1836933
115.018  2151612
115.143  1797480
115.203  2154420
115.228  2158560
115.256  1869048
115.311  1962918
115.328  2157300
115.334  2155752
115.364  2159856
115.375  2154060
115.387  2157750
115.405  1868904
115.427  2152314
115.498  2154150
115.6  2153106
115.604  2158704
115.643  2161440
115.65  2158110
115.68  2152728
115.697  2161116
115.733  1588896
115.736  1725372
115.776  1866456
115.792  1869876
115.862  1853640
115.911  2152566
115.951  2154600
115.98  2160000
115.982  2153106
116.005  2161440
116.095  2165616
116.125  2153160
116.223  2133504
116.244  2160162
116.351  2158542
116.403  2159172
116.427  2159442
116.442  2152458
116.449  2157642
116.483  2128446
116.551  2158668
116.565  2152620
116.573  2154510
116.625  2005344
116.647  2156220
116.666  2153160
116.685  2158164
116.699  2158794
116.794  1712358
116.836  2152386
116.867  2154366
116.957  2124630
116.977  2152620
116.982  2156868
116.999  1965096
117.076  2154420
117.096  2152296
117.108  2158614
117.146  1867464
117.184  2153124
117.204  2151504
117.276  2160234
117.303  2156958
117.318  1761030
117.442  2156382
117.45  2151972
117.452  2151846
117.479  2159496
117.499  2139606
117.548  2159280
117.563  2158632
117.569  2151792
117.67  2155770
117.709  2158290
117.731  2158200
117.75  2156220
117.77  2082690
117.895  2160918
117.899  2140344
117.963  2152170
118.002  2153034
118.014  2033352
118.094  2139732
118.101  2154510
118.238  1833408
118.247  2153952
118.277  2073600
118.329  1867104
118.379  1494774
118.402  1738386
118.405  1701540
118.408  2151612
118.45  1868850
118.45  2134710
118.462  2153232
118.547  2117880
118.606  1869552
118.628  2158308
118.636  1749330
118.661  2153160
118.848  1989090
118.89  2155842
118.92  2125692
119.013  1869768
119.075  1867356
119.127  1771038
119.16  1969920
119.221  2156454
119.335  2157840
119.375  2153124
119.384  2153718
119.412  2157768
119.527  2153106
119.618  2161440
119.648  1806372
119.681  2159010
119.892  2158434
119.93  2152692
119.946  2154420
119.96  2153106
119.983  1866942
120.054  2151846
120.067  1875960
120.071  2152026
120.094  2154546
120.099  1918134
120.111  2153340
120.164  1823022
120.324  2161440
120.396  2153106
120.431  2154780
120.504  1844784
120.524  1738188
120.588  2161116
120.686  2153124
120.691  2151684
120.696  2152260
120.767  2154420
120.775  2153430
120.844  2158668
120.879  2159316
120.901  2152440
121.01  2157264
121.017  1868706
121.054  1760022
121.125  2157876
121.157  1774170
121.308  1777374
121.333  2153844
121.41  2156094
121.572  2153124
121.629  1583316
121.654  1623168
121.726  2154276
121.764  1768968
121.769  1724940
121.814  2156940
121.9  2161440
121.981  1848780
121.985  2153394
122.013  2137968
122.042  2153466
122.052  2159082
122.096  2156202
122.194  2152314
122.213  2153160
122.28  2155338
122.291  2153664
122.306  2154420
122.466  1896066
122.581  2154420
122.688  1840518
122.75  2153142
122.781  1869840
122.817  2154510
122.817  2155248
122.932  1622052
122.971  2159730
122.981  2155734
123.1  2152314
123.176  2151702
123.2  2158992
123.207  2158164
123.213  2158524
123.313  2154312
123.436  1676682
123.451  2157624
123.463  2160882
123.474  2158380
123.539  2048688
123.639  2159658
123.861  2155518
123.896  1855854
123.901  1932228
123.933  2154420
123.952  1777104
123.967  2158812
124.028  1545210
124.065  1848636
124.185  1868346
124.201  2151558
124.215  2152206
124.24  2160774
124.329  2152890
124.345  2116188
124.347  2158578
124.415  2161386
124.429  2153268
124.485  1873242
124.536  2152062
124.645  1867788
124.645  2165742
124.708  2151972
124.757  2161440
124.823  1897236
124.844  1870920
124.861  1868634
124.947  2160468
124.963  1957914
124.968  1869372
125.299  2117970
125.358  2151612
125.411  2157858
125.437  1624338
125.605  2160090
125.674  2155302
125.85  1877796
125.902  1622106
125.983  1964070
126.084  2160990
126.159  2151990
126.167  2157588
126.206  1869714
126.344  2153106
126.347  1869732
126.373  2153106
126.379  1867428
126.402  2152530
126.679  2012310
126.75  1953720
126.802  1867734
126.991  2151468
127.003  2158956
127.244  1909962
127.289  2158506
127.302  2151900
127.344  2159478
127.365  1956060
127.415  1911330
127.53  2159802
127.565  2157120
127.579  2159892
127.636  1940382
127.636  2158668
127.677  2151486
127.847  1957824
127.946  2156364
127.95  2158488
127.967  2160990
127.995  2008188
128.07  2063268
128.304  2152998
128.333  2142180
128.857  2153106
128.957  1958238
129.198  2025414
129.372  2151630
129.481  2153106
129.63  2154420
129.649  2089260
129.654  2018556
129.714  2157048
130.003  2159334
130.079  1542348
130.214  2153178
130.241  1994904
130.428  2153304
130.575  1950084
130.655  2133954
130.683  2134332
130.745  2153340
130.882  2159334
130.919  2154420
130.937  2143548
130.944  2154132
130.951  2160810
131.044  2152260
131.081  2152728
131.264  1954548
131.404  2095560
131.434  1940148
131.598  2156688
131.611  2144268
131.675  1994562
131.707  2155518
131.803  2161242
131.923  2153664
132.007  2153070
132.081  2153124
132.434  2153592
132.441  1974042
132.59  2154870
132.62  2153142
132.796  2156976
132.998  2136636
133.041  2159334
133.044  2111184
133.294  2027358
133.476  2152548
133.482  2151414
133.608  2057706
133.685  2154852
133.761  2157912
133.77  2156418
133.817  1836756
133.963  2019402
134.106  2158164
134.143  2112948
134.176  2027880
134.179  2082636
134.358  2017386
134.461  2151468
134.472  2158470
134.708  2152188
134.788  2071314
134.84  2152314
134.931  2152386
135.16  2093328
135.308  1843434
135.552  2153682
135.574  2097792
135.608  2153880
135.63  2153376
135.65  2153124
135.857  2151684
136.011  2158884
136.093  2153268
136.103  2151774
136.348  2095560
136.383  2119356
136.534  2152314
136.72  2153106
136.835  2153808
136.836  2158290
136.916  2053872
136.933  2095938
136.937  2157534
137.021  2153106
137.026  2062800
137.132  1774350
137.188  2114442
137.3  2165742
137.32  2154420
137.841  2153808
137.898  2154924
137.909  2153196
138.002  2154132
138.255  2165652
138.262  2151612
138.293  2155644
138.303  2158632
138.351  2157966
138.372  2153016
138.624  2156670
138.628  2153340
138.72  2151378
138.728  2102256
138.82  2154816
139.103  1954836
139.141  2157984
139.291  2154204
139.346  2158686
139.464  2157750
139.666  2157858
139.667  2152656
139.827  2160108
139.861  2158092
139.882  2153178
139.943  2157012
139.962  2157228
140.02  2155788
140.152  2156166
140.218  2153106
140.296  2154726
140.867  2154618
141.265  2152242
141.983  2156022
142.475  2143188
142.535  2157660
143.348  2152566
143.53  2153142
143.644  2152548
143.7  2154924
145.253  2157894
145.279  2155824
145.45  2161260
146.487  2137968
147.806  2153340
152.389  2151972
152.645  2076588
152.793  2153106
153.434  2155248
153.661  2153160
153.692  2157210
154.651  2158632
155.527  2151558
157.96  2153106
159.199  2158560
165.179  2157768
